0.192684175
0.189234810
0.189800589
0.189364340
0.189564028
0.189205435
0.189455642
0.189462518
0.189484965
0.189456216
0.189176008
0.189546319
0.189603767
0.189273508
0.189396163
0.189368924
0.189369653
0.189372153
0.189549341
0.189417362
0.189181841
0.189400852
0.189414914
0.189604914
0.189583507
0.190330485
0.189210175
0.189798975
0.189519341
0.189379914
0.189687153
0.189436841
0.189382883
0.189674185
0.189232675
0.189416216
0.189541894
0.189252936
0.189285852
0.189629341
0.189409862
0.189554915
0.189834497
0.189675540
0.189180801
0.189573768
0.189466373
0.189252207
0.189272780
0.189448457
0.189673717
0.189467207
0.189423821
0.190286632
0.189623248
0.189320853
0.189686581
0.189474186
0.189298197
0.189472520
0.189851737
0.189243770
0.189307625
0.189687728
0.189675644
0.189375801
0.189472832
0.189408926
0.189365228
0.189516218
0.189175490
0.189515905
0.189384083
0.189385646
0.189688353
0.189533718
0.189403509
0.189255281
0.189558510
0.189152990
0.189344812
0.190248143
0.189461426
0.189246063
0.189429552
0.189447312
0.189227208
0.189599447
0.189345959
0.189393927
0.189400750
0.189373979
0.189468562
0.189638458
0.189524917
0.189677989
0.189394396
0.189590125
0.189140022
0.189441479
0.189219761
0.189656583
0.189493719
0.189265438
0.189268980
0.189603302
0.189484032
0.189392209
0.189482990
0.190131217
0.189347991
0.189534448
0.189525803
0.189585386
0.189752312
0.189407106
0.189429761
0.189528199
0.189553459
0.189220544
0.189451688
0.189333303
0.189206689
0.189558928
0.189434502
0.189310283
0.189294606
0.189520959
0.189516636
0.189647418
0.189481429
0.189614396
0.189359398
0.189595699
0.189833042
0.189668512
0.189207836
0.189475178
0.189462314
0.189338356
0.189417158
0.189535231
0.189490751
0.189540700
0.189464971
0.189447992
0.189290179
0.189306013
0.189515074
0.189548564
0.189732001
0.189835439
0.189353981
0.189397784
0.189306221
0.189394242
0.189598044
0.189398200
0.189539554
0.189743981
0.189310232
0.189209086
0.189668096
0.189467575
0.189267940
0.189386274
0.189515648
0.189111951
0.189577054
0.189391950
0.189177160
0.189428670
0.189270076
0.189742471
0.189459139
0.189309243
0.189574450
0.189335753
0.189341534
0.189459295
0.189463514
0.189228515
0.189293410
0.189401014
0.189538722
0.189249868
0.189878877
0.189452628
0.189176275
0.189404556
0.189556274
0.189299764
0.189368931
0.189319920
0.189434191
0.189420285
0.189492629
0.189825128
0.189585962
0.189471587
0.189291014
0.189481274
0.189395233
0.189475389
0.189477473
0.189602577
0.189552316
0.189336171
0.189553619
0.189201276
0.189322317
0.189490442
0.189499192
0.189351067
0.189464868
0.189680858
0.189443306
0.189776327
0.189442525
0.189655025
0.189235547
0.189615806
0.189535858
0.189218932
0.189166901
0.189449244
0.189540181
0.189209558
0.189701639
0.189393203
0.189158621
0.189422630
0.189499140
0.189426692
0.189537265
0.189308203
0.189424505
0.189600025
0.189338255
0.189584035
0.189651014
0.189241537
0.189486380
0.189465964
0.189468776
0.189419922
0.189460495
0.189481484
0.189265391
0.189360599
0.189532057
0.189632213
0.189411745
0.189567057
0.189508880
0.189474922
0.189465287
0.189464766
0.189568828
0.189553828
0.189336172
0.189647630
0.189159194
0.189304298
0.189556589
0.189410339
0.189365287
0.189379818
0.189766432
0.189222580
0.189495183
0.189324766
0.189449714
0.189416433
0.189431850
0.189455131
0.189521224
0.189184663
0.189444715
0.189595860
0.189219976
0.189369819
0.189620599
0.189564454
0.189672891
0.189455548
0.189470600
0.189139820
0.189316069
0.189503986
0.189306538
0.189627839
0.189304768
0.189593516
0.189477006
0.189188153
0.189604922
0.189494819
0.189455079
0.189594871
0.189398257
0.189329455
0.189187215
0.189749089
0.190080182
0.189379924
0.189443674
0.189892526
0.189249142
0.189532527
0.189331278
0.189336330
0.189570392
0.189352164
0.189296955
0.189399716
0.189381695
0.189449194
0.189689403
0.189312008
0.189135862
0.189547996
0.189473362
0.189418986
0.189942995
0.189260967
0.189240862
0.189539611
0.189316799
0.189430549
0.189491382
0.189518465
0.190344765
0.189424872
0.189335602
0.189477059
0.189616382
0.189275550
0.189744351
0.189427685
0.189328935
0.189201852
0.189393206
0.189414716
0.189283519
0.189792841
0.189539403
0.189437998
0.189329457
0.189531852
0.189484456
0.189550549
0.189584820
0.189335081
0.189271383
0.189632424
0.189355706
0.189522424
0.189325759
0.189466748
0.190433673
0.189223416
0.189334040
0.189902059
0.189256696
0.189367894
0.189531331
0.189398102
0.189431540
0.189489925
0.189579612
0.189735289
0.189405134
0.189310811
0.189470186
0.189374925
0.189237061
0.189465551
0.189562321
0.189271333
0.189448727
0.189383051
0.189427425
0.189442686
0.189565758
0.189459613
0.189402582
0.189646957
0.190440756
0.189515342
0.189575290
0.189685550
0.189315603
0.189659092
0.189433988
0.189536176
0.189475290
0.189311906
0.189487061
0.189784300
0.189231906
0.189232791
0.189506645
0.189192739
0.189405811
0.189538311
0.189392739
0.189368780
0.189584926
0.189468363
0.189427843
0.189412999
0.189488624
0.189529249
0.189516436
0.189787738
0.190234872
0.189685967
0.189487947
0.189392739
0.189538624
0.189289614
0.189540656
0.189516229
0.189336958
0.189411124
0.189617478
0.189212584
0.189443208
0.189247063
0.189458989
0.189260500
0.189295083
0.189324979
0.189465656
0.189428677
0.189524718
0.189509250
0.189475396
0.189385291
0.189434041
0.189850759
0.189517843
0.189338417
0.190211592
0.189394093
0.189360135
0.189892009
0.189485760
0.189338677
0.189493729
0.189470135
0.189245240
0.189771592
0.189301959
0.189418052
0.189402219
0.189120605
0.189389459
0.189719874
0.189363365
0.189448417
0.189515292
0.189446750
0.189300345
0.189775604
0.189298782
0.189435501
0.189310970
0.189342428
0.189430657
0.189359876
0.190222165
0.189182480
0.189465657
0.189492688
0.189689458
0.189695136
0.189259043
0.189495448
0.189612114
0.189551230
0.189265866
0.189504875
0.189222168
0.189379667
0.189562479
0.189336960
0.189281595
0.189537792
0.189714771
0.189252845
0.189705500
0.189695813
0.189637063
0.189611177
0.189563469
0.189432689
0.189534563
0.189418990
0.190240082
0.189298314
0.189389772
0.189590761
0.189331959
0.189346804
0.189196179
0.189803937
0.189670709
0.189303158
0.189564407
0.189323783
0.189327116
0.189464407
0.189629824
0.189475397
0.189527480
0.189614928
0.189456230
0.189512741
0.189270919
0.189346648
0.189573262
0.189324408
0.189404200
0.189701855
0.189276075
0.189411283
0.189309356
0.189605501
0.189241492
0.189376179
0.189479408
0.189193575
0.189505710
0.189392012
0.189748574
0.189492793
0.189441752
0.189473731
0.189445919
0.189549304
0.189330606
0.189427846
0.189314825
0.189547428
0.190170864
0.189416179
0.189477325
0.189393054
0.189664303
0.189438054
0.189652533
0.189425346
0.189466961
0.189341284
0.189194461
0.189626804
0.189536388
0.189234826
0.189794564
0.189535033
0.189351440
0.189530033
0.189447429
0.189391128
0.189357950
0.189487482
0.189567534
0.189523992
0.189591805
0.189447482
0.189286700
0.189542638
0.189516283
0.189508211
0.189543783
0.189415086
0.189496857
0.189453420
0.189443784
0.189522690
0.189492169
0.189358784
0.189323576
0.189482638
0.189290295
0.189307534
0.189480451
0.189443367
0.189312170
0.189629825
0.189576075
0.189364565
0.189612951
0.189423420
0.189488992
0.189473523
0.189348368
0.189653523
0.189408420
0.189390035
0.189628628
0.189537638
0.189423368
0.189238733
0.189581545
0.189474410
0.189738940
0.189636440
0.189343889
0.189447014
0.189393993
0.189645867
0.189444775
0.189708732
0.189509306
0.189425920
0.189485295
0.189290035
0.189487952
0.189383524
0.189483420
0.189667221
0.189644566
0.189397691
0.189466649
0.189558784
0.189423107
0.189304566
0.189439149
0.189507847
0.189085973
0.189593888
0.189407014
0.189714201
0.189630295
0.189597535
0.189726388
0.189540035
0.189273941
0.189457587
0.189519774
0.189315243
0.189413316
0.189579462
0.189452743
0.189452847
0.189610295
0.189294879
0.189257744
0.189765035
0.189448420
0.189295609
0.189576076
0.189491597
0.189318734
0.189770138
0.189474306
0.189639618
0.189650660
0.189275713
0.189434827
0.189463577
0.189521754
0.189403004
0.189353630
0.189474932
0.189405869
0.189429359
0.189292588
0.189373264
0.189429671
0.189309984
0.189288421
0.189338161
0.189473421
0.189390192
0.189440712
0.189565452
0.189363785
0.189493890
0.189334776
0.189399567
0.189388785
0.189303682
0.189362483
0.189748368
0.189287588
0.189225037
0.189658420
0.189255245
0.189599723
0.189663006
0.189625677
0.189333334
0.189322293
0.189490782
0.189232867
0.189492762
0.189524429
0.189668542
0.189414535
0.189497294
0.189670992
0.189418806
0.189271567
0.189383077
0.189653077
0.189552244
0.189149330
0.189590422
0.189656879
0.189472454
0.189503235
0.189856984
0.189283445
0.189452664
0.189473497
0.189219645
0.189456571
0.189570113
0.189452457
0.189501675
0.189548603
0.189674592
0.189475427
0.189220637
0.189573916
0.189551834
0.189229648
0.189423606
0.189602408
0.189406940
0.189643293
0.189428295
0.189402774
0.189275119
0.189407098
0.189416890
0.189277256
0.189513192
0.189366890
0.189386110
0.189496942
0.189488506
0.189644339
0.189433611
0.189551527
0.189271946
0.189449080
0.189482519
0.189261582
0.189704809
0.189458717
0.189316582
0.189585384
0.189441531
0.189193772
0.189357366
0.189540282
0.189361740
0.189488876
0.189436063
0.189520543
0.189518512
0.189186639
0.189639710
0.189646482
0.189360128
0.189397317
0.189793148
0.189249869
0.189237995
0.189448150
0.189372213
0.189353881
0.189492318
0.189527995
0.189319715
0.189383829
0.189461486
0.189555965
0.189316122
0.189192218
0.189423831
0.189769559
0.189205031
0.189489248
0.189757997
0.189410291
0.189384250
0.189511021
0.189516698
0.189167377
0.189310345
0.189522584
0.189404408
0.189372325
0.189747791
0.189421857
0.189621127
0.189332378
0.189538524
0.189425608
0.189388681
0.189233786
0.190083105
0.189327589
0.189351911
0.189541807
0.189993733
0.189478110
0.189728109
0.189325820
0.189375194
0.189540559
0.189510716
0.189284831
0.189435404
0.189368686
0.189497383
0.189611237
0.189310510
0.189621706
0.189463739
0.189477645
0.189556239
0.189703113
0.189397907
0.189150618
0.189389470
0.189297335
0.189552855
0.189661814
0.190216811
0.189221348
0.189343483
0.189709628
0.189337650
0.189545670
0.189677805
0.189607441
0.189419525
0.189513953
0.189309423
0.189390360
0.189555464
0.189472392
0.189677078
0.189319112
0.189336455
0.189857026
0.189357081
0.189273383
0.189642810
0.189433488
0.189364999
0.189251770
0.189359635
0.189419948
0.189486979
0.189457188
0.190248694
0.189487031
0.189258700
0.189591563
0.189698334
0.189457918
0.189550887
0.189535158
0.189528856
0.189122921
0.189470523
0.189192714
0.189339275
0.189457243
0.189745419
0.189462348
0.189789379
0.189572557
0.189362557
0.189663025
0.189303132
0.189467714
0.189467975
0.189268185
0.189425788
0.189690735
0.189405685
0.189200426
0.190208755
0.189322717
0.189198188
0.189646050
0.189207146
0.189325479
0.189511624
0.189493813
0.189422615
0.189551000
0.189555531
0.189561990
0.189563553
0.189626313
0.189430012
0.189528033
0.189365899
0.189475481
0.189491316
0.189579023
0.189312827
0.189408452
0.189247151
0.189329964
0.189591212
0.189499234
0.189289964
0.189501057
0.190338709
0.189359236
0.189528662
0.189579131
0.189348872
0.189557048
0.189367101
0.189466164
0.189410956
0.189143406
0.189327884
0.189688403
0.189286218
0.189612675
0.189445489
0.189232678
0.189321375
0.189425698
0.189385178
0.189339397
0.189226429
0.189316637
0.189367002
0.189514189
0.189600126
0.189480960
0.189379086
0.189673616
0.190360905
0.189611586
0.189160912
0.189268620
0.189460754
0.189241849
0.189432266
0.189619504
0.189369922
0.189241642
0.189386537
0.189560496
0.189468100
0.189504819
0.189471955
0.189510236
0.189389143
0.189353936
0.189568517
0.189434300
0.189388363
0.189501905
0.189830862
0.189174615
0.189311958
0.189409250
0.189197845
0.189228574
0.189445605
0.189639666
0.189229773
0.189334356
0.189402845
0.189438419
0.189463367
0.189481231
0.189480815
0.189479877
0.189452065
0.189437222
0.189634461
0.189744773
0.189345296
0.189522639
0.189432797
0.189258579
0.189538889
0.189565297
0.189320871
0.189398319
0.189673161
0.189576496
0.189674985
