0.188749870
0.188611641
0.189525909
0.188495444
0.188909817
0.188884557
0.188538517
0.188700599
0.188904714
0.188608672
0.188760963
0.188622788
0.188691954
0.188712266
0.188589870
0.188987734
0.188990025
0.188489090
0.188614870
0.188850182
0.188669454
0.188875651
0.189208722
0.188607839
0.188754974
0.188770339
0.188498413
0.188805130
0.189013099
0.188618516
0.188734454
0.188915859
0.188844714
0.188724818
0.188890651
0.188662631
0.188726902
0.188823360
0.188837161
0.188777787
0.188686381
0.188546694
0.188766954
0.188702475
0.188535965
0.188802266
0.188670548
0.188682579
0.188855443
0.188862630
0.188706329
0.188964245
0.188715809
0.188669089
0.188897109
0.188987214
0.188686954
0.188925703
0.188873724
0.188575444
0.188835964
0.188766798
0.188740339
0.188619715
0.188703413
0.188694038
0.188606954
0.188780183
0.188688881
0.188585965
0.188732788
0.188871172
0.188993255
0.189035026
0.188876329
0.188706433
0.188731277
0.188782215
0.188597111
0.188689662
0.188704351
0.188485653
0.188861746
0.188752214
0.188719975
0.188969089
0.188667579
0.188592319
0.188677059
0.188726277
0.188577216
0.188818985
0.188816641
0.188569560
0.188797735
0.188636434
0.188910704
0.188998568
0.188573830
0.188940495
0.188977423
0.188684663
0.188539299
0.188891590
0.188519612
0.188570757
0.188961589
0.188562581
0.188537580
0.188813048
0.188751746
0.188755132
0.188534976
0.188489664
0.188725757
0.188811746
0.188643153
0.189715284
0.188985235
0.188662111
0.188818673
0.188616383
0.188617841
0.188986902
0.188695444
0.188896486
0.188989767
0.188607111
0.188555029
0.189142995
0.188807892
0.188562632
0.188826747
0.188655496
0.188821642
0.188781069
0.188788152
0.188828204
0.188785080
0.188802424
0.188896329
0.188669247
0.188711225
0.188773830
0.188744767
0.188757268
0.189475911
0.188546800
0.188751330
0.188984559
0.188571748
0.188684195
0.188827111
0.188507946
0.188636383
0.188802215
0.188536904
0.188771069
0.188712371
0.188476748
0.188927840
0.188592425
0.188529299
0.189058308
0.188566279
0.188560289
0.188753935
0.188656227
0.188837216
0.188842945
0.188643830
0.188672737
0.188963465
0.188553310
0.188779352
0.189392109
0.188593935
0.188614716
0.189225131
0.188955028
0.188925080
0.188879819
0.188518259
0.188605185
0.188837528
0.188490498
0.188697424
0.188898361
0.188569195
0.188761018
0.188948778
0.188548727
0.188810914
0.188662424
0.188685654
0.188706382
0.188654195
0.188982944
0.188826278
0.188683466
0.188583883
0.188983934
0.188866539
0.188691070
0.189473203
0.188997320
0.188478310
0.188798987
0.189066277
0.189338673
0.188804611
0.188824664
0.188484873
0.188988569
0.188741070
0.188640394
0.188769716
0.188705811
0.188639769
0.188663936
0.188852580
0.188732112
0.188639509
0.188652686
0.188708154
0.188531957
0.188746019
0.189127996
0.188713362
0.188924091
0.188809612
0.188819872
0.188885185
0.189416901
0.188692946
0.188866591
0.188963257
0.188716852
0.188961226
0.188914299
0.188696904
0.188817320
0.188530447
0.188818675
0.188644144
0.188548259
0.188532999
0.189092528
0.188726800
0.188546280
0.188755341
0.188756018
0.188569300
0.189187527
0.188726852
0.188790185
0.188758623
0.188549666
0.188664196
0.188786904
0.188807425
0.188704300
0.188911539
0.188592269
0.188546489
0.188880341
0.188631176
0.188787425
0.188659665
0.188909977
0.188681957
0.189104299
0.188496906
0.188680655
0.188751956
0.188549405
0.188714612
0.188883726
0.188916331
0.188837842
0.188816800
0.188707165
0.188937425
0.188888466
0.188592321
0.188814561
0.188793571
0.188669821
0.188940289
0.188999351
0.188993362
0.188522062
0.188683103
0.188610446
0.188581853
0.188772165
0.188809404
0.188589301
0.188843102
0.188594874
0.188788728
0.188822738
0.188591696
0.188644249
0.188720655
0.188865029
0.188612843
0.188667165
0.188709300
0.188566228
0.188870915
0.188854457
0.188479198
0.188751957
0.188722478
0.188612113
0.188685239
0.188584666
0.188529874
0.188971123
0.188605656
0.188696437
0.189000914
0.188534145
0.188659614
0.189040966
0.188596176
0.188602791
0.188884925
0.188529771
0.188750187
0.189035446
0.188583937
0.188685395
0.188954196
0.188538260
0.188535917
0.188905029
0.188642061
0.188735186
0.188891644
0.188574510
0.188796957
0.188694562
0.188805394
0.188818155
0.189004143
0.188575187
0.189505235
0.188580188
0.188646697
0.188885290
0.188828780
0.188855499
0.188967894
0.188665968
0.188762010
0.188863415
0.188882165
0.188640135
0.188780030
0.188807739
0.188855395
0.188769822
0.188759093
0.188606697
0.189242372
0.188625604
0.188773051
0.188690082
0.188938832
0.188972582
0.188653313
0.189001020
0.188696332
0.188717739
0.188632792
0.189444975
0.188668728
0.188916176
0.188709145
0.188551854
0.188634458
0.188930446
0.188651437
0.189012946
0.188969821
0.188714927
0.188845291
0.188762687
0.188708468
0.188711802
0.188522584
0.188663260
0.188601437
0.188631281
0.188934092
0.188766072
0.188674406
0.188804405
0.188776176
0.188583521
0.188561074
0.188911333
0.188686020
0.188572531
0.189690808
0.188679823
0.188602948
0.188858260
0.188715656
0.188665969
0.188936384
0.189041384
0.188637792
0.188592480
0.188782270
0.188649771
0.188924614
0.188676021
0.188893520
0.188856905
0.188653156
0.188731073
0.188935394
0.188584407
0.188802114
0.188777479
0.188752427
0.189040342
0.188935239
0.188561073
0.188903728
0.188768052
0.188733625
0.188876593
0.188729198
0.188564042
0.188872635
0.188746697
0.188744823
0.188949509
0.188639980
0.188639823
0.188586230
0.188884145
0.188804510
0.188859145
0.188750500
0.188796698
0.188682844
0.188965968
0.188998416
0.188726125
0.188760188
0.188790239
0.188778572
0.188755969
0.189017270
0.188636907
0.188573782
0.188773834
0.188497220
0.188945187
0.188651021
0.188682011
0.188738886
0.188610396
0.188673001
0.188859302
0.188523730
0.188633209
0.188749666
0.188626125
0.188517429
0.189029249
0.188527793
0.188537272
0.189064041
0.188573678
0.188514459
0.188842010
0.188643001
0.188585292
0.188743417
0.188601178
0.188697271
0.188833417
0.188647897
0.188793209
0.188897636
0.188572219
0.188702167
0.188673573
0.188545710
0.189012374
0.188679043
0.188643417
0.189308103
0.188807896
0.188548418
0.188865292
0.189044405
0.188658678
0.188767011
0.188902479
0.188504772
0.188679251
0.188654980
0.188694042
0.188926281
0.188878833
0.188689355
0.188665605
0.188751074
0.188850865
0.188565710
0.188895291
0.188890969
0.188621543
0.188803521
0.189448831
0.188645709
0.188938520
0.189034718
0.188579304
0.188955084
0.188743157
0.188579147
0.188905395
0.188674564
0.188781491
0.189075760
0.188796022
0.188511543
0.188619199
0.188734199
0.188551544
0.188906542
0.188558678
0.188649251
0.188690710
0.188731907
0.188657064
0.188661699
0.188722532
0.188637377
0.188804511
0.188719199
0.189183260
0.189801434
0.188515293
0.188839824
0.188972271
0.188591959
0.188826021
0.188782376
0.188518106
0.188579720
0.189018625
0.188634616
0.188809355
0.188876229
0.188726335
0.188704408
0.188868313
0.188935813
0.188922115
0.188621283
0.188611439
0.188951073
0.188961281
0.188660658
0.188937010
0.188715241
0.188815761
0.188850501
0.188830501
0.188565241
0.189431801
0.188805032
0.188610762
0.188964771
0.188764720
0.188539461
0.188667376
0.188717533
0.188624773
0.188479409
0.188873418
0.189033000
0.188558471
0.189009355
0.188841439
0.188634304
0.188771543
0.188682845
0.188692584
0.188873677
0.189109562
0.188706543
0.188671752
0.188964458
0.188605449
0.188734928
0.188779095
0.189018469
0.188668419
0.188854355
0.188680918
0.188684824
0.188576961
0.188618887
0.188726178
0.188685762
0.188520242
0.188846334
0.188736804
0.188488888
0.188783106
0.188669044
0.188520711
0.188902689
0.188833835
0.188599200
0.188873210
0.188569669
0.188584044
0.188849252
0.188610085
0.188503628
0.188864616
0.188863105
0.188512273
0.188915188
0.188657012
0.188690606
0.188731856
0.188703731
0.188707950
0.188806439
0.188556700
0.188715606
0.188746179
0.188731544
0.188962376
0.188766596
0.188533263
0.188699877
0.188874251
0.188553992
0.188824720
0.188630398
0.188868106
0.188763471
0.188875606
0.188663367
0.188897377
0.188758939
0.188724721
0.188726961
0.188843262
0.188995762
0.188709772
0.188745033
0.188891387
0.188719824
0.188713210
0.188774720
0.188656804
0.188724200
0.189211021
0.188730659
0.188681961
0.189180448
0.188532170
0.189057376
0.188806752
0.188529565
0.188661752
0.188749357
0.188635086
0.188527221
0.188885710
0.188627899
0.188765241
0.188833836
0.188651544
0.188733783
0.188776804
0.188537065
0.189019095
0.188687117
0.188524826
0.189418572
0.188619930
0.188557847
0.189072897
0.188550347
0.188835033
0.188956075
0.188650034
0.188701336
0.188795918
0.188663002
0.188748784
0.188934408
0.188641596
0.188989043
0.188841544
0.188593368
0.188710867
0.188742742
0.188575399
0.188719408
0.188691597
0.188502066
0.188717482
0.188801856
0.188661493
0.188875659
0.188596857
0.188650815
0.189511280
0.188586544
0.188733263
0.188685034
0.188743263
0.188783731
0.188995866
0.188797378
0.188586700
0.188799409
0.188699825
0.188616961
0.188588055
0.189026960
0.188738211
0.188510035
0.188671856
0.188776909
0.188665138
0.189139303
0.188830346
0.188596597
0.188601180
0.189058002
0.188643784
0.188771180
0.188681128
0.188545816
0.188982741
0.189530083
0.188657273
0.188605191
0.188967637
0.188585711
0.188963836
0.188621493
0.188906492
0.188820242
0.188463733
0.188834097
0.188804825
0.188631909
0.189025970
0.188975033
0.188960762
0.188673732
0.189062273
0.188626649
0.188541285
0.188842377
0.188605034
0.188876804
0.189005241
0.188873628
0.188528264
0.188748888
0.188504410
0.188567952
0.189039304
0.188669983
0.188612013
0.188681180
0.188844097
0.188657951
0.188838211
0.188448733
0.188843055
0.188760659
0.188710971
0.188821857
0.188895034
0.188554305
0.188952950
0.188685347
0.188960294
0.188773055
0.189025346
0.188622691
0.189029981
0.188897794
0.188673107
0.188856179
0.188758941
0.188561441
0.188569931
0.188615868
0.188794930
0.188916180
0.188662431
0.188811284
0.188643316
0.188627743
0.188836024
0.188770243
0.188712326
0.188650399
0.188697066
0.188802222
0.188918523
0.188744149
0.189018471
0.188746701
0.188477483
0.188938888
0.188850763
0.188826440
0.188680555
0.189072637
0.188598681
0.188684201
0.188942951
0.188509515
0.188785764
0.188538890
0.188582535
0.188781233
0.188595139
0.188478525
0.188808055
0.188609254
0.188546754
0.188763472
0.188632014
0.188773368
0.189220554
0.188610348
0.188516702
0.188991752
0.188585817
0.188596389
0.188916492
0.188511702
0.188575557
0.189096596
0.188731076
0.188776753
0.189046180
0.188512900
0.188823420
0.188705451
0.188636024
0.188793576
0.188684253
0.188650817
0.189600448
0.189056024
0.188607067
0.188822118
0.188624879
0.188687952
0.188640869
0.188615556
0.188527223
0.188700556
0.188928002
0.188694723
0.188780712
0.188842847
0.188682170
0.188819409
0.188759618
0.188794305
0.188569202
0.188733212
0.188638837
0.188661753
0.188680764
0.188731806
0.188770451
0.188738994
0.188734515
0.188854983
0.188885035
0.189550240
0.188736129
0.188643213
0.188711806
0.188712535
0.188868003
0.188888315
0.188809410
0.188721337
0.188725973
0.188565817
0.188964982
0.188920451
0.188895868
0.188831129
0.188596703
0.188665504
0.188719462
0.188525505
0.188641598
0.188856441
0.188583733
0.188785556
0.188914149
0.188602536
0.188608265
0.188754150
0.188509307
0.189073263
0.189931854
0.188881702
0.188641650
0.189117794
0.188796233
0.188625452
0.188815764
0.188670088
0.188613213
0.188968108
0.188677015
0.188685609
0.188623525
0.188667952
0.188931597
0.188741650
0.188809045
0.188867223
0.188879670
0.188863837
0.188802795
0.189060451
0.188689046
0.188790295
0.188891494
0.188743837
0.189156336
0.188761285
0.188585921
0.189564199
0.188733525
0.188781494
0.188782795
0.188930087
0.188958785
0.188911441
0.188972951
0.188812379
0.188535505
0.188844722
0.188658734
0.188589828
0.188754828
0.188599046
0.188893472
0.188941857
0.188964097
0.188581442
0.189001389
0.189139982
0.189004878
0.188629307
0.188761598
0.188658629
0.188660713
0.188717223
0.188546026
0.188660817
0.188701910
0.188538682
0.188735921
0.188769150
0.188715192
0.188748004
0.188603526
0.188903733
0.188846911
0.188793734
0.188855661
0.189005034
0.188726650
0.188805713
0.188960139
0.188582380
0.188685609
