0.016747380
0.016684880
0.016665714
0.016705141
0.016724255
0.016738526
0.016600350
0.016728474
0.016855193
0.016649568
0.016731599
0.016762849
0.016661079
0.016861390
0.016655245
0.016693266
0.016867536
0.016730558
0.016638162
0.016721859
0.016664984
0.016657432
0.016714776
0.016774724
0.016805401
0.016623579
0.016681704
0.016896807
0.016634568
0.016891025
0.016683005
0.016756078
0.016699047
0.016649932
0.016722276
0.016724985
0.016680558
0.016688995
0.016750922
0.016713579
0.016848838
0.016719152
0.016609673
0.016791651
0.016705037
0.016620714
0.016691026
0.016791651
0.016662433
0.016614985
0.016658474
0.016665401
0.016652485
0.016733995
0.016604673
0.016793422
0.016688839
0.016647537
0.016751026
0.016716652
0.016628162
0.016622850
0.016850765
0.016637589
0.016685141
0.016754255
0.016604204
0.016700297
0.016649724
0.016621391
0.016683423
0.016758370
0.016592016
0.016994410
0.016597537
0.016703735
0.016878369
0.016765818
0.016649308
0.016751860
0.016643214
0.016680037
0.016735089
0.016695975
0.016629516
0.016787120
0.016753005
0.016699360
0.016677694
0.016695558
0.016866755
0.016733787
0.016595402
0.016589829
0.016670558
0.016698058
0.016792849
0.016853057
0.016658214
0.016784777
0.016729880
0.016703318
0.016623526
0.016717380
0.016686912
0.016605974
0.016620505
0.016707016
0.016611808
0.016925713
0.016713266
0.016718213
0.016676860
0.016738891
0.016603370
0.016664204
0.016623579
0.016835349
0.016603787
0.016722641
0.016702172
0.016846651
0.016755298
0.016773786
0.016682693
0.016780193
0.016640297
0.016771443
0.016701599
0.016692381
0.016699360
0.016735923
0.016561861
0.016612121
0.016856546
0.016738735
0.016646652
0.016775036
0.016653996
0.016676599
0.016797745
0.016582069
0.016657381
0.016728214
0.016793578
0.016686548
0.016610402
0.016696912
0.016638162
0.016720558
0.016688110
0.016675714
0.016678006
0.016634569
0.016705089
0.016763214
0.016627642
0.016657016
0.016638527
0.016733422
0.016637901
0.016724829
0.016678579
0.016723944
0.016594933
0.016641912
0.016892380
0.016759308
0.016600454
0.016747068
0.016719724
0.016702328
0.016710819
0.016719725
0.016711964
0.016597694
0.016775454
0.016845869
0.016660454
0.016739672
0.016751600
0.016638058
0.016807224
0.016746495
0.016787693
0.016741287
0.016692745
0.016693995
0.016725454
0.016756182
0.016661808
0.016726965
0.016683215
0.016645350
0.016672329
0.016656704
0.016849463
0.016770402
0.016619360
0.016765454
0.016648422
0.016700401
0.016811183
0.016731235
0.016742329
0.016678995
0.016689933
0.016638683
0.016654309
0.016783370
0.016638162
0.016661704
0.016694256
0.016671703
0.016752745
0.016748110
0.016625975
0.016655559
0.016752224
0.016654724
0.016807068
0.016870297
0.016765506
0.016748371
0.016748474
0.016755870
0.016638736
0.016780819
0.016861755
0.016656339
0.016721287
0.016741339
0.016637641
0.016783891
0.016707902
0.016689308
0.016666391
0.016842277
0.016689985
0.016718163
0.016713787
0.016687329
0.016694829
0.016708370
0.016640715
0.016689100
0.016598839
0.016846912
0.016652642
0.016752017
0.016688162
0.016719880
0.016651756
0.016666913
0.016583319
0.016851599
0.016753371
0.016724361
0.016714256
0.016643162
0.016685766
0.016752224
0.016597642
0.016746547
0.016685766
0.016649985
0.016697486
0.016712745
0.016742797
0.016725298
0.016626756
0.016707902
0.016816287
0.016643996
0.016700610
0.016726026
0.016683006
0.016850558
0.016728787
0.016643423
0.016752693
0.016706392
0.016592329
0.016633788
0.016703891
0.016605090
0.016769308
0.016732485
0.016615714
0.016630871
0.016555351
0.016725193
0.016582121
0.016788892
0.016674881
0.016571444
0.016615559
0.016649361
0.016633475
0.016706808
0.016595715
0.016723839
0.016701236
0.016661339
0.016679413
0.016752381
0.016850297
0.016730037
0.016692589
0.016915505
0.016658423
0.016764360
0.016731599
0.016666392
0.016641601
0.016902328
0.016622954
0.016734516
0.016713319
0.016754724
0.016793266
0.016806808
0.016701912
0.016702016
0.016631079
0.016656027
0.016900088
0.016822120
0.016659621
0.016626704
0.016702277
0.016788110
0.016877016
0.016862224
0.016707850
0.016781652
0.016648632
0.016701444
0.016683944
0.016701392
0.016627329
0.016718579
0.016575663
0.016594830
0.016748788
0.016619622
0.016657121
0.016709829
0.016653006
0.016566079
0.016744672
0.016643996
0.016665246
0.016736287
0.016932485
0.016802798
0.016768840
0.016687068
0.016780610
0.016695507
0.016588319
0.016696548
0.016797902
0.016669777
0.016689309
0.016754829
0.016760506
0.016671184
0.016664621
0.016679725
0.016733943
0.016719465
0.016633579
0.016715766
0.016651079
0.016716912
0.016845089
0.016725298
0.016690507
0.016575767
0.016658423
0.016756391
0.016701235
0.016747173
0.016729204
0.016856756
0.016675506
0.016657850
0.016632694
0.016757537
0.016744152
0.016688579
0.016636028
0.016689464
0.016667434
0.016760818
0.016601652
0.016639934
0.016655610
0.016613684
0.016598007
0.016752902
0.016661080
0.016614101
0.016665559
0.016685455
0.016652381
0.016725558
0.016731184
0.016693684
0.016709933
0.016741288
0.016846756
0.016848787
0.016690871
0.016651965
0.016609465
0.016767641
0.016633527
0.016761183
0.016588267
0.016648996
0.016700870
0.016860453
0.016938475
0.016710818
0.016637173
0.016606757
0.016651965
0.016769360
0.016770089
0.017138213
0.016590351
0.016776652
0.016864985
0.016647486
0.016721704
0.016718058
0.016666288
0.016628423
0.016637486
0.016687017
0.016675976
0.016727590
0.016766027
0.016688267
0.016584101
0.016579726
0.016670767
0.016737746
0.016632278
0.016666600
0.016674152
0.016682173
0.016730819
0.016746028
0.016601600
0.016664621
0.016614726
0.016800194
0.016660298
0.016736339
0.016593632
0.016591236
0.016725194
0.016687330
0.016620402
0.016750506
0.016746080
0.016708059
0.016749100
0.016718944
0.016652954
0.016740506
0.016702225
0.016804933
0.016658372
0.016747017
0.016789100
0.016751756
0.016829308
0.016853318
0.016656756
0.016626653
0.016808162
0.016734360
0.016635559
0.016621340
0.016619882
0.016834724
0.016669986
0.016773319
0.016865246
0.016767172
0.016615038
0.016907850
0.016586340
0.016729412
0.016677538
0.016644256
0.016656080
0.016650298
0.016726757
0.016775662
0.016846079
0.016671548
0.016706027
0.016788840
0.016799308
0.016735715
0.016883214
0.016639986
0.016637591
0.016691132
0.016895975
0.016741443
0.016859360
0.016759465
0.016654829
0.016578840
0.016619049
0.016726652
0.016622850
0.016724985
0.016614674
0.016659413
0.016916079
0.016732017
0.016675142
0.016638580
0.016720559
0.016641028
0.016685246
0.016727381
0.016635194
0.016845246
0.016737121
0.016639986
0.016688058
0.016696757
0.016696184
0.017351911
0.016686027
0.016615611
0.016629778
0.016741079
0.016900714
0.016738058
0.016728110
0.016625560
0.016720871
0.016732486
0.016643997
0.016667538
0.016892016
0.016645351
0.016697225
0.016749569
0.016721965
0.016857485
0.016762486
0.016706601
0.016762590
0.016727434
0.016700715
0.016774621
0.016642486
0.016746027
0.016624465
0.016961704
0.016907537
0.016619414
0.016698632
0.016682798
0.016743267
0.016735558
0.016600299
0.016661236
0.016714413
0.016627121
0.016842120
0.016702069
0.016662590
0.016727173
0.016620715
0.016649309
0.016677017
0.016729881
0.016708475
0.016698788
0.016809152
0.016775767
0.016812798
0.016701965
0.016658423
0.016608008
0.016933630
0.016699726
0.016755194
0.016719204
0.016617903
0.016769100
0.016681861
0.016633736
0.016732695
0.016708840
0.016623059
0.016598684
0.016662434
0.016820402
0.016675767
0.016725715
0.016980870
0.016794308
0.016700403
0.016648997
0.016593528
0.016716965
0.016625298
0.016634048
0.016698944
0.016848318
0.016668841
0.016887849
0.016858058
0.016846964
0.016645559
0.016653736
0.016715872
0.016726861
0.016585195
0.016593320
0.016624987
0.016789830
0.016708996
0.016771652
0.016613528
0.016642643
0.016683632
0.016764777
0.016560768
0.016736549
0.016617487
0.016726705
0.016628685
0.016879100
0.016806391
0.016715767
0.016667121
0.016835819
0.016745559
0.016718527
0.016663111
0.016736236
0.016856704
0.016822538
0.016603216
0.016824152
0.016620299
0.016788423
0.016616341
0.016607070
0.016618685
0.016662486
0.016764100
0.016737642
0.016858579
0.016733267
0.016679569
0.016704205
0.016723320
0.016707173
0.016786028
0.016651705
0.016681549
0.016710038
0.016650195
0.016742329
0.016708476
0.016816652
0.016680038
0.016682903
0.016635819
0.016728111
0.016673007
0.016637122
0.016675559
0.016719674
0.016734101
0.016897173
0.016713372
0.016690871
0.016734153
0.016892173
0.016667955
0.016745663
0.016596028
0.016639361
0.016645351
0.016671288
0.016827798
0.016932120
0.016597330
0.016760663
0.016638684
0.016698788
0.016846392
0.016721757
0.016743059
0.016674935
0.016718319
0.016740455
0.016684361
0.016697591
0.016677382
0.016714986
0.016843162
0.016681757
0.016648789
0.016703267
0.016839725
0.016640507
0.016769465
0.016926808
0.016823996
0.016685976
0.016907954
0.016714934
0.016757330
0.016705090
0.016609414
0.016738996
0.016776496
0.016872798
0.016609257
0.016803111
0.016840663
0.016737538
0.016791653
0.016622174
0.016657279
0.016808423
0.016644987
0.016775976
0.016601028
0.016624882
0.016622122
0.016720351
0.016825455
0.016720611
0.016561810
0.016590716
0.016603997
0.016652122
0.016692747
0.016747539
0.016582955
0.016660246
0.016594674
0.016618007
0.016851392
0.016698320
0.016722902
0.016647539
0.016646601
0.016601966
0.016620091
0.016698788
0.016600612
0.016625924
0.016715195
0.016696705
0.016649310
0.016721548
0.016642486
0.016646601
0.016637747
0.016648684
0.016684830
0.016716601
0.016675716
0.016604101
0.016702538
0.016584726
0.016767330
0.016721861
0.016704934
0.016649309
0.016700872
0.016621653
0.016729622
0.016715716
0.016717226
0.016589883
0.016631289
0.016715976
0.016650299
0.016763267
0.016741652
0.016833788
0.016600820
0.016633841
0.016559361
0.016698945
0.016633632
0.016872589
0.016796444
0.016637330
0.016860351
0.016729518
0.016656965
0.016652851
0.016639154
0.016804152
0.016664882
0.017072537
0.016651289
0.016619518
0.016721913
0.016631601
0.016652643
0.016747382
0.016658164
0.016654050
0.016654309
0.016760299
0.016682070
0.016850819
0.016771028
0.016584413
0.016619258
0.016771132
0.016673007
0.016742278
0.016603425
0.016672174
0.016938058
0.016664205
0.016695351
0.016722850
0.016604831
0.016646705
0.016896496
0.016607435
0.016599153
0.016715559
0.016628997
0.016625768
0.016733788
0.016627591
0.016710976
0.016780924
0.016728163
0.016760664
0.016723997
0.016657174
0.016620196
0.016734414
0.016718684
0.016604414
0.016681914
0.016649882
0.016724518
0.016709258
0.016590456
0.016620872
0.016844777
0.016760247
0.016766340
0.016763319
0.016850298
0.016776757
0.016595768
0.016728892
0.016608372
0.016743892
0.016665403
0.016804049
0.016846548
0.016649153
0.016665038
0.016706237
0.016807642
0.016830455
0.016817226
0.016832382
0.016633476
0.016731497
0.016809361
0.016641914
0.016759361
0.016924464
0.016637330
0.016733112
0.016604258
0.016716080
0.016721913
0.016730924
0.016623216
0.016691654
0.016801184
0.016665873
0.016607175
0.016774205
0.016672382
0.016692695
0.016688736
0.016697851
0.016728528
0.016659413
0.016647278
0.016737695
0.016554518
0.016620664
0.016640716
0.016707018
0.016638164
0.016716913
0.016681340
0.016615091
0.016604101
0.016722174
0.016719622
0.016729621
0.016850663
0.016784882
0.016792539
0.016631601
0.016869986
0.016789882
0.016660872
0.016681549
0.016689726
0.016823267
0.016710612
0.016770559
0.016600143
0.016793215
0.016743372
0.016697018
0.016619674
0.016726393
0.016643997
0.016612435
0.016628528
0.016685873
0.016625977
0.016722799
0.016798111
0.016642539
0.016695403
0.016768736
0.016858423
0.016683684
0.016726029
0.016607800
0.016663320
0.016657331
0.016772382
0.016702591
0.016812330
0.016732122
0.016739726
0.016698476
0.016847017
0.016760143
0.016824570
0.016730612
0.016719830
0.016768424
0.016715299
0.016910871
0.016733111
0.016609206
0.016685716
0.016624570
0.016657226
0.016641237
0.016657799
0.016714674
0.016715715
0.016672279
0.016748996
0.016774726
0.016614727
0.016644883
0.016680039
0.016601445
0.016699101
0.016748476
0.016898059
0.016806913
0.016774518
0.016722799
0.016575247
0.016735560
0.016674518
0.016852226
0.016651445
0.016689831
