0.025028480
0.017553030
0.017347509
0.017328916
0.017488916
0.017426207
0.017410530
0.017320426
0.017602717
0.017328187
0.017311364
0.017320634
0.017329801
0.017356884
0.017247867
0.017422763
0.017289533
0.017404844
0.017299845
0.017335262
0.017258804
0.017550521
0.017409741
0.017401303
0.017363438
0.017379949
0.017363334
0.017411876
0.017515730
0.017373596
0.017291148
0.017401199
0.017353751
0.017278388
0.017345992
0.017474480
0.017546719
0.017354742
0.017503074
0.017340263
0.017268440
0.017346148
0.017375367
0.017559168
0.017319013
0.017433960
0.017307138
0.017376096
0.017369638
0.017314899
0.017432710
0.017493022
0.017454533
0.017301826
0.017366878
0.017575679
0.017374430
0.017420992
0.017235732
0.017416930
0.017379169
0.017384586
0.017256097
0.017291045
0.017355003
0.017361930
0.017499273
0.017375316
0.017320264
0.017303597
0.017339379
0.017354587
0.017459482
0.017324900
0.017312556
0.017283858
0.017275993
0.017362139
0.017430107
0.017304952
0.017294223
0.017283910
0.017387868
0.017375785
0.017265421
0.017306202
0.017394483
0.017450524
0.017349067
0.017365629
0.017322817
0.017432296
0.017419951
0.017329067
0.017397712
0.017399900
0.017255682
0.017407191
0.017457295
0.017294379
0.017366984
0.017375525
0.017693128
0.017360421
0.017630472
0.017321463
0.017360265
0.017435994
0.017354432
0.017388338
0.017351203
0.017348234
0.017430889
0.017407505
0.017340109
0.017358339
0.017391932
0.017414223
0.017603233
0.017425577
0.017391880
0.017400161
0.017333599
0.017342297
0.017342558
0.017364953
0.017371620
0.017450942
0.017320630
0.017502765
0.017670785
0.017359016
0.017426151
0.017393391
0.017548494
0.017361725
0.017404746
0.017411776
0.017332037
0.017364224
0.017557245
0.017412662
0.017325423
0.017425578
0.017277923
0.017371361
0.017483912
0.017434121
0.017357923
0.017383236
0.017322559
0.017290632
0.017257612
0.017289225
0.017555058
0.017435318
0.017284226
0.017537453
0.017462766
0.017306518
0.017298392
0.017572818
0.017339954
0.017329173
0.017248341
0.017266518
0.017329382
0.017375007
0.017423913
0.017303861
0.017512298
0.017256205
0.017261414
0.017429538
0.017521882
0.017704433
0.017276206
0.017276518
0.017570423
0.017420476
0.017320476
0.017407976
0.017292925
0.017449017
0.017343758
0.017408341
0.017440529
0.017632403
0.017413237
0.017287195
0.017373914
0.017391727
0.017281519
0.017382977
0.017428966
0.017401102
0.017325686
0.017438289
0.017530372
0.017278654
0.017566569
0.017528028
0.017299904
0.017374123
0.017331623
0.017381207
0.017345946
0.017351623
0.017606309
0.017388238
0.017311154
0.017320165
0.017500893
0.017441050
0.017537873
0.017367717
0.017361103
0.017398759
0.017268342
0.017407457
0.017534435
0.017407769
0.017322717
0.017544800
0.017459748
0.017344436
0.017241104
0.017368291
0.017301989
0.017288083
0.017420270
0.017272874
0.017244281
0.017395738
0.017368499
0.017280583
0.017285270
0.017481363
0.017304437
0.017440113
0.017308448
0.017449020
0.017332614
0.017295843
0.017312198
0.017593342
0.017286000
0.017359749
0.017264594
0.017293135
0.017318969
0.017407874
0.017355636
0.017291000
0.017584540
0.017639280
0.017447770
0.017531103
0.017339385
0.017307615
0.017326417
0.017282667
0.017390010
0.017405114
0.017300948
0.017552822
0.017459438
0.017609593
0.017350635
0.017349803
0.017339438
0.017492666
0.017378657
0.017340272
0.017386782
0.017403188
0.017539489
0.017308814
0.017444854
0.017319074
0.017310064
0.017392928
0.017314960
0.017269543
0.017353345
0.017580323
0.017720270
0.017387720
0.017513031
0.017512511
0.017530480
0.017522354
0.017299804
0.017353449
0.017394855
0.017340064
0.017567146
0.017276679
0.017363658
0.017403917
0.017358918
0.017551313
0.017290950
0.017514126
0.017365481
0.017382720
0.017383449
0.017303398
0.017408866
0.017434803
0.017345637
0.017349544
0.017427825
0.017284544
0.017305377
0.017312877
0.017276992
0.017407616
0.017289857
0.017398710
0.017437825
0.017268086
0.017553918
0.017478033
0.017458085
0.017360950
0.017328294
0.017402096
0.017439648
0.017438086
0.017448658
0.017287878
0.017613709
0.017404231
0.017344284
0.017419232
0.017365534
0.017543554
0.017295013
0.017347148
0.017475482
0.017424596
0.017527512
0.017450690
0.017320013
0.017513762
0.017331472
0.017352722
0.017346784
0.017469700
0.017312670
0.017550116
0.017533554
0.017414492
0.017342462
0.017258920
0.017413607
0.017295900
0.017372878
0.017381055
0.017399181
0.017257618
0.017443555
0.017340275
0.017351576
0.017377098
0.017492877
0.017366629
0.017378139
0.017287045
0.017326108
0.017421993
0.017307879
0.017430951
0.017366681
0.017473659
0.017554388
0.017409077
0.017342462
0.017351056
0.017307463
0.017345691
0.017382358
0.017393921
0.017309806
0.017375431
0.017382254
0.017498816
0.017275745
0.017365171
0.017343504
0.017484805
0.017434025
0.017241578
0.017429182
0.017421212
0.017488243
0.017270588
0.017548868
0.017503920
0.017292568
0.017395535
0.017283245
0.017330328
0.017357411
0.017466786
0.017400431
0.017384442
0.017565379
0.017330172
0.017511578
0.017342411
0.017367880
0.017391838
0.017421474
0.017480223
0.017438870
0.017402307
0.017659962
0.017370433
0.017472775
0.017586317
0.017526317
0.017523140
0.017491213
0.017382047
0.017286005
0.017517046
0.017335849
0.017270902
0.017371683
0.017410328
0.017635014
0.017331371
0.017260538
0.017416682
0.018117721
0.017437724
0.017342360
0.017433193
0.017350329
0.017374964
0.017286892
0.017383454
0.017367100
0.017421474
0.017326214
0.017296371
0.017532203
0.017535380
0.017448089
0.017305798
0.017419340
0.017334860
0.017328246
0.017390537
0.017580745
0.017323038
0.017251997
0.017548922
0.017357933
0.017384808
0.017432672
0.017351736
0.017259862
0.017431892
0.017383298
0.017334757
0.017398194
0.017299288
0.017283403
0.017323090
0.017348454
0.017398715
0.017478976
0.017479444
0.017430330
0.017328664
0.017342934
0.017419652
0.017339705
0.017392673
0.017379341
0.017400590
0.017557933
0.017360955
0.017266268
0.017385695
0.017626996
0.017405278
0.017320487
0.017352674
0.017355278
0.017277258
0.017407049
0.017497986
0.017306737
0.017380330
0.017390799
0.017307258
0.017287987
0.017447206
0.017421893
0.017458664
0.017540226
0.017559652
0.017510070
0.017515070
0.017396112
0.017378351
0.017363925
0.017255696
0.017392779
0.017380227
0.017322727
0.017384498
0.017294967
0.017382102
0.017272103
0.017375904
0.017417258
0.017386894
0.017429290
0.017314446
0.017462102
0.017335227
0.017371217
0.017404915
0.017581372
0.017265800
0.017428143
0.017740538
0.017439237
0.017394133
0.017460279
0.017348509
0.017379342
0.017274239
0.017370540
0.017345175
0.017335384
0.017464967
0.017287728
0.017519915
0.017317259
0.017399082
0.017369394
0.017348978
0.017404498
0.017454863
0.017441321
0.017418405
0.017339655
0.017415227
0.017497102
0.017364291
0.017328874
0.017366686
0.017472936
0.017352833
0.017322676
0.017313406
0.017279395
0.017418041
0.017386374
0.017347573
0.017316583
0.017571425
0.017337729
0.017363718
0.017508405
0.017595696
0.017298823
0.017538457
0.017389083
0.017399447
0.017410854
0.017413770
0.017322937
0.017295282
0.017328093
0.017435906
0.017528301
0.017291010
0.017278511
0.017450749
0.017306792
0.017401582
0.017314812
0.017667676
0.017562416
0.017387729
0.017354500
0.017407312
0.017260750
0.017363406
0.017548510
0.017378718
0.017526687
0.017405386
0.017470124
0.017260699
0.017407833
0.017297261
0.017328354
0.017382781
0.017246532
0.017227886
0.017323615
0.017555229
0.017510958
0.017421531
0.017395021
0.017305595
0.017361480
0.017289970
0.017219658
0.017347209
0.017296271
0.017385802
0.017336844
0.017266168
0.017355439
0.017423615
0.017434656
0.017330230
0.017507313
0.017299553
0.017374762
0.017387053
0.017329918
0.017371376
0.017363146
0.017373042
0.017473146
0.017397678
0.017333877
0.017497260
0.017407469
0.017409449
0.017426168
0.017397938
0.017489708
0.017328407
0.017479866
0.017355387
0.017535386
0.017479970
0.017306116
0.017332574
0.017373616
0.017313669
0.017311950
0.017423043
0.017295283
0.017446012
0.017244242
0.017256689
0.017271429
0.017418721
0.017378773
0.017425647
0.017581271
0.017368825
0.017538824
0.017348877
0.017381637
0.017427366
0.017464345
0.017310492
0.017317731
0.017364867
0.017244763
0.017378356
0.017390388
0.017445335
0.017479814
0.017436846
0.017390387
0.017370231
0.017388720
0.017333252
0.017522418
0.017368982
0.017324763
0.017351586
0.017424398
0.017267992
0.017375700
0.017395596
0.017296429
0.017572835
0.017439450
0.017429607
0.017320492
0.017406690
0.017294138
0.017356377
0.017655752
0.017364138
0.017530075
0.017401638
0.017364242
0.017525595
0.017304815
0.017348409
0.017366795
0.017397992
0.017358774
0.017380441
0.017393044
0.017492054
0.017579867
0.017404347
0.017244295
0.017380336
0.017356534
0.017271482
0.017289764
0.017430909
0.017307420
0.017268097
0.017498409
0.017503513
0.017532055
0.017502471
0.017341639
0.017309452
0.017329660
0.017309712
0.017442576
0.017408514
0.017367159
0.017514971
0.017489815
0.017485389
0.017397211
0.017567002
0.017549138
0.017347420
0.017467055
0.017337056
0.017294191
0.017428254
0.017380233
0.017297994
0.017330546
0.017326223
0.017437629
0.017381119
0.017305389
0.017316744
0.017395702
0.017430754
0.017359921
0.017364816
0.017339348
0.017287681
0.017345650
0.017338307
0.017345545
0.017405441
0.017479503
0.017752627
0.017461170
0.017269817
0.017598983
0.017434764
0.017236484
0.017264765
0.017422369
0.017351848
0.017377890
0.017428462
0.017274974
0.017470025
0.017281953
0.017501796
0.017353307
0.017378254
0.017368619
0.017501015
0.017312317
0.017341484
0.017367317
0.017302265
0.017414973
0.017341693
0.017455910
0.017537525
0.017484973
0.017451431
0.017499817
0.017314453
0.017313829
0.017510702
0.017365442
0.017463515
0.017574608
0.017383255
0.017478567
0.017353151
0.017461692
0.017378672
0.017425650
0.017385182
0.017364557
0.017292214
0.017503672
0.017403881
0.017371953
0.017334037
0.017302005
0.017371745
0.017393047
0.017607473
0.017412526
0.017336745
0.017506484
0.017378672
0.017517734
0.017429037
0.017343881
0.017315130
0.017488881
0.017588463
0.017517370
0.017395548
0.017485339
0.017505026
0.017541900
0.017312735
0.017395339
0.017394818
0.017357735
0.017325392
0.017382526
0.017306746
0.017325600
0.017420547
0.017452371
0.017382058
0.017443985
0.017344350
0.017553256
0.017307736
0.017345131
0.017391954
0.017627109
0.017339559
0.017420600
0.017428777
0.017277215
0.017305340
0.017316485
0.017367527
0.017362580
0.017372892
0.017449715
0.017303204
0.017405547
0.017304663
0.017387892
0.017353361
0.017332840
0.017253674
0.017320757
0.017373934
0.017282163
0.017352736
0.017541641
0.017293934
0.017509402
0.017406694
0.017513361
0.017374924
0.017446433
0.017353309
0.017425183
0.017313882
0.017361278
0.017406954
0.017331226
0.017333674
0.017401121
0.017335288
0.017295236
0.017432371
0.017293049
0.017237789
0.017263362
0.017465132
0.017269404
0.017425757
0.017352216
0.017382059
0.017252425
0.017540600
0.017281018
0.017658933
0.017389976
0.017274195
0.017377684
0.017438621
0.017332476
0.017396382
0.017421174
0.017357893
0.017413831
0.017296070
0.017389300
0.017548830
0.017276435
0.017488205
0.017367789
0.017258050
0.017386799
0.017370237
0.017346330
0.017405914
0.017357372
0.017305602
0.017454038
0.017415705
0.017721746
0.017414352
0.017422893
0.017308831
0.017295706
0.017369404
0.017317946
0.017343987
0.017337529
0.017384300
0.017309873
0.017266540
0.017394508
0.017445133
0.017425810
0.017472893
0.017530497
0.017440081
0.017411747
0.017305133
0.017311696
0.017502320
0.017388779
0.017387737
0.017437008
0.017279092
0.017364560
0.017273571
0.017284196
0.017409091
0.017572215
0.018338567
0.017310654
0.017355759
0.017322373
0.017374977
0.017292217
0.017369821
0.017603622
0.017511331
0.017538467
0.017385498
0.017381071
0.017403050
0.017512998
0.017379561
0.017379456
0.017462998
0.017431644
0.017405394
0.017366696
0.017482685
0.017641278
0.017388468
0.017354144
0.017282894
0.017514144
0.017295708
0.017382478
0.017384353
0.017324873
0.017275291
0.017450498
0.017298988
0.017381123
0.017381072
0.017385967
0.017266853
0.017334197
0.017354822
0.017329822
0.017421280
0.017398363
0.017524977
0.017406697
0.017345760
