0.007996519
0.007984591
0.008014018
0.008034539
0.007969331
0.008010998
0.007976415
0.007985685
0.008021050
0.008085008
0.007979904
0.007952040
0.008084956
0.008001779
0.008110268
0.008068862
0.008162508
0.007982717
0.008068289
0.008015633
0.008036570
0.008072403
0.008081935
0.008014904
0.008048966
0.008018393
0.008071883
0.007957144
0.008044330
0.008013863
0.007998707
0.008033550
0.007959018
0.008157820
0.008062456
0.007974644
0.008021883
0.008032821
0.007954332
0.008005842
0.007994487
0.008044227
0.007967977
0.007992821
0.007956362
0.008021050
0.008082559
0.008035997
0.007956727
0.008025998
0.007980425
0.008159695
0.007963550
0.008041414
0.008128966
0.008017092
0.008105841
0.008076831
0.008047508
0.007964071
0.008139903
0.008036831
0.007973550
0.008073133
0.008011935
0.007990946
0.008242090
0.008018081
0.008106206
0.008013914
0.007970529
0.007992509
0.008067925
0.008030685
0.008210633
0.008060998
0.007947300
0.008057196
0.008024488
0.008009643
0.008093341
0.007972144
0.007957821
0.008048706
0.008130789
0.008059904
0.008007039
0.007946624
0.008033342
0.007961207
0.008062404
0.008065529
0.007980999
0.007980633
0.008059488
0.008040998
0.008027456
0.007962301
0.008024488
0.007939905
0.008056415
0.008002092
0.008025373
0.007980217
0.007964176
0.007943186
0.007966624
0.008054904
0.008173445
0.007964123
0.008009853
0.008126310
0.008024435
0.008128862
0.008193757
0.007990529
0.008020529
0.008029592
0.007985894
0.008023133
0.008067560
0.008018341
0.008009592
0.007936519
0.008153029
0.008033602
0.008028707
0.008079071
0.007977457
0.008108237
0.007993447
0.008147039
0.007954488
0.007944957
0.008025530
0.008090998
0.007986988
0.007935790
0.008099383
0.008036832
0.008014332
0.008010061
0.008051935
0.008180580
0.007981675
0.007946103
0.008004332
0.008082404
0.007977196
0.008119227
0.008014123
0.008156987
0.008051467
0.008094956
0.007976415
0.007966050
0.007989905
0.007974696
0.008039019
0.008031415
0.008046362
0.007944280
0.007968655
0.007988967
0.008076727
0.008100737
0.007952926
0.008057821
0.008003706
0.007940582
0.008028863
0.008064644
0.008052509
0.008040425
0.008050478
0.007974228
0.008005478
0.007939228
0.008194903
0.008044175
0.008048550
0.007963863
0.008026155
0.008002509
0.007939592
0.008072978
0.007961728
0.008071155
0.007999123
0.007911520
0.008026571
0.008072613
0.008038863
0.008016102
0.007997978
0.007987040
0.008068290
0.008112352
0.008085738
0.008020582
0.007978446
0.007981936
0.007951780
0.008108914
0.007989175
0.008085373
0.008015477
0.008136623
0.008063499
0.008045737
0.008110165
0.007929853
0.008002196
0.008121727
0.007978811
0.007969957
0.008029228
0.007975478
0.008035217
0.007999540
0.008037561
0.008045738
0.008016467
0.007968550
0.007987197
0.008028759
0.007984072
0.008025425
0.008010738
0.007968187
0.008035790
0.008082040
0.008052093
0.007980843
0.007994748
0.007951364
0.008018082
0.008029071
0.007980999
0.008012092
0.007992144
0.008091310
0.008001676
0.008059748
0.007982353
0.008032405
0.007990739
0.007990009
0.007978499
0.008030738
0.007964436
0.008195737
0.007987405
0.008038134
0.008045686
0.007958238
0.008099436
0.008022248
0.007944541
0.007990322
0.008023551
0.007968864
0.007951363
0.007985791
0.008033707
0.007910999
0.007989020
0.007983655
0.007948343
0.008023081
0.007956311
0.008121102
0.008017301
0.008065686
0.007955843
0.007997770
0.008073655
0.008003186
0.007998239
0.008081050
0.007996937
0.008047092
0.008115373
0.008084123
0.008014697
0.008035061
0.008119852
0.007972926
0.008111935
0.008062561
0.008019644
0.007998968
0.008025426
0.008153081
0.008060008
0.007948291
0.008070321
0.008011311
0.007975842
0.007947770
0.007928500
0.008011833
0.008077144
0.007969436
0.008016884
0.008022613
0.007989436
0.008122665
0.008021884
0.008048134
0.008041519
0.008074176
0.007946624
0.008090321
0.008099696
0.008109696
0.008050218
0.008073499
0.008036467
0.008031676
0.008005322
0.008005061
0.007940791
0.008010582
0.008136154
0.008012665
0.008009384
0.008001103
0.008054176
0.008089956
0.008107300
0.007976832
0.008036363
0.008009488
0.007967145
0.007994645
0.008010895
0.008079801
0.008121831
0.008011572
0.008003812
0.007998708
0.008127196
0.008047509
0.007978135
0.008000062
0.008171519
0.007973604
0.007983968
0.008155478
0.008048134
0.007970739
0.008010426
0.007940947
0.007961781
0.007948135
0.008019072
0.008050738
0.007990426
0.007972249
0.007995634
0.007950427
0.007955791
0.007973916
0.007966468
0.008000999
0.008004436
0.008075426
0.007953447
0.008048186
0.008015999
0.008050061
0.007983134
0.007971833
0.008068759
0.007999801
0.008045478
0.008133811
0.008113447
0.008090998
0.008068343
0.007982614
0.008102457
0.008070791
0.007960479
0.007999228
0.007982926
0.007999281
0.008035738
0.008069280
0.008031676
0.007970999
0.008007457
0.007996728
0.008029801
0.008065947
0.007971625
0.008119072
0.008044176
0.008012874
0.007924020
0.008052770
0.007974020
0.008112092
0.007996415
0.007994333
0.008158551
0.008094541
0.008028082
0.008018082
0.007956833
0.008096623
0.008010478
0.007957510
0.008123498
0.008711308
0.008013343
0.007952250
0.008017822
0.008120217
0.007974072
0.007992770
0.007992614
0.007976937
0.007962041
0.008237405
0.008111155
0.008289643
0.007972718
0.007976312
0.008035062
0.007976207
0.008073551
0.007986677
0.008013290
0.008024228
0.008066780
0.008000583
0.008105790
0.008143186
0.008077926
0.008000166
0.008042302
0.007986624
0.007995322
0.008102561
0.008073395
0.008021520
0.007919489
0.007956468
0.008161468
0.008004645
0.008118499
0.008003551
0.007975948
0.008086363
0.008065322
0.008111051
0.008023134
0.008164020
0.008071051
0.008156051
0.007995219
0.007990115
0.008164541
0.007963239
0.007980375
0.007993551
0.007935479
0.007999072
0.007965948
0.008008239
0.008012197
0.007972770
0.007999489
0.008036937
0.008010948
0.008019593
0.007968864
0.008145738
0.008072718
0.008037875
0.007937458
0.008007510
0.008060479
0.008120582
0.007969646
0.008034801
0.007991365
0.008011677
0.007967979
0.007965947
0.008001833
0.008039698
0.007963448
0.008014177
0.007973864
0.007986937
0.008018291
0.008061260
0.008113707
0.008023135
0.008041416
0.007967771
0.008119697
0.007997979
0.007964334
0.008102249
0.007984906
0.008048291
0.007963864
0.008092822
0.008031468
0.007943447
0.007961417
0.008039593
0.007975583
0.008008344
0.007993969
0.008007406
0.007952511
0.007966624
0.008008343
0.007963499
0.007983760
0.007982719
0.007997666
0.007980219
0.007944489
0.007916573
0.008019281
0.007979021
0.008158760
0.008123655
0.008108655
0.007999541
0.008008135
0.008067718
0.008096625
0.007946938
0.007970584
0.008071989
0.007967146
0.008017562
0.008130895
0.008112145
0.007922928
0.008035375
0.008014854
0.008019958
0.008115009
0.007999542
0.007946729
0.008008604
0.007991886
0.007996729
0.007984958
0.008069749
0.008116155
0.007997927
0.008001781
0.008021312
0.007973708
0.008061677
0.007914281
0.007974177
0.008006521
0.007982770
0.008042718
0.007997458
0.007955479
0.007965271
0.008087770
0.008052041
0.008000427
0.008146624
0.007949594
0.007981938
0.008107041
0.007986312
0.007933396
0.008053917
0.007995792
0.008023395
0.007955635
0.008025739
0.007979854
0.007995375
0.007954073
0.007994073
0.008005219
0.008020427
0.007944542
0.007984697
0.008027250
0.008045010
0.007980271
0.008196884
0.008097250
0.008139541
0.008105479
0.008097510
0.008114124
0.008236624
0.008108603
0.008038084
0.008014177
0.007955167
0.007967771
0.008009958
0.007989959
0.008051103
0.007962562
0.008075427
0.008039125
0.007994646
0.008178707
0.008177301
0.008065999
0.007983135
0.008001469
0.008049073
0.008047250
0.008063499
0.007984802
0.007957719
0.008053135
0.008012614
0.008051209
0.008117666
0.007939855
0.008170427
0.007958864
0.008019594
0.008029593
0.008021000
0.008095427
0.008065739
0.008045947
0.008031729
0.008008656
0.008022979
0.007985688
0.007956574
0.008066468
0.007998812
0.007956677
0.007984594
0.007967458
0.007952355
0.007990583
0.008015479
0.007946678
0.008118239
0.008055323
0.008189228
0.007962094
0.008015479
0.007952824
0.008002094
0.007969229
0.008011104
0.007974021
0.008022875
0.008078395
0.007979698
0.008052302
0.008004594
0.007957407
0.008040479
0.008131625
0.007994333
0.008057615
0.007980271
0.008050166
0.008017407
0.008139124
0.008080479
0.008027458
0.008010740
0.007983552
0.008005636
0.008018969
0.007947406
0.008053239
0.008029385
0.008080166
0.007989594
0.007988605
0.008104333
0.008011313
0.007988865
0.008029959
0.008005532
0.008103344
0.008035635
0.007973657
0.008133083
0.007987823
0.008163239
0.007997719
0.007992615
0.007950792
0.008018292
0.008132093
0.008035532
0.008036521
0.007936470
0.007998344
0.008036105
0.008116781
0.008078865
0.008030010
0.007957303
0.008037667
0.008116729
0.008040635
0.008031938
0.008077250
0.008088344
0.008047041
0.007957407
0.008058813
0.008023760
0.007990427
0.007941834
0.008010062
0.007978917
0.008019073
0.007991522
0.007906053
0.008023917
0.008016782
0.007953866
0.008020219
0.008040011
0.008036313
0.008024594
0.008027771
0.007983656
0.008067875
0.008018553
0.008039646
0.007956313
0.007942511
0.008003552
0.007965168
0.007988813
0.007999022
0.008048656
0.008063343
0.008023292
0.008059125
0.008023031
0.007997927
0.008056730
0.007970688
0.008041261
0.008029230
0.008044855
0.008031626
0.008032980
0.007944178
0.008158135
0.007941209
0.007980375
0.008017771
0.008072771
0.007992980
0.007960063
0.007946730
0.008139594
0.008024022
0.008103240
0.008108396
0.007970271
0.007950792
0.008011417
0.008117042
0.008078968
0.008031261
0.008015583
0.007991729
0.007951991
0.008044126
0.007947303
0.008010948
0.008074542
0.007966470
0.008032250
0.008050896
0.008003604
0.007965167
0.008025427
0.007951991
0.008008657
0.007999282
0.008040375
0.007968918
0.007969230
0.007963761
0.008015324
0.007982459
0.007984595
0.007947876
0.008204072
0.007956574
0.008000271
0.008014803
0.008067667
0.008049490
0.008013917
0.008001157
0.007998084
0.008073031
0.008112354
0.008002980
0.008067146
0.008005792
0.008033032
0.008030323
0.008104385
0.007975167
0.007978188
0.008061886
0.008027302
0.007950063
0.007956678
0.008024698
0.008022146
0.007983605
0.008034907
0.007966105
0.008192511
0.007964022
0.008033709
0.008005063
0.008031365
0.008083187
0.007967356
0.007971938
0.007947511
0.008030219
0.008118968
0.007965480
0.007979334
0.008004647
0.007990636
0.007966782
0.008138865
0.007999022
0.007975324
0.008146625
0.008158031
0.008061001
0.008041730
0.008139386
0.008021625
0.008071365
0.008102562
0.007928865
0.008048345
0.007935012
0.007976158
0.008070845
0.007976574
0.007954699
0.007983137
0.007996522
0.008019959
0.007916887
0.007944543
0.008045896
0.008120427
0.008046886
0.008057355
0.007999907
0.007968554
0.007958762
0.008000115
0.007979439
0.008075792
0.008044751
0.007951470
0.007982043
0.007992459
0.008198760
0.007980949
0.007946834
0.007978605
0.007954803
0.008007198
0.008029542
0.008085167
0.007940428
0.008017251
0.007985845
0.008026001
0.008172250
0.008029439
0.007986158
0.008031677
0.007972095
0.007994021
0.007952303
0.007988292
0.008127042
0.008153917
0.008127094
0.008010324
0.008131312
0.008055949
0.008110792
0.008003293
0.008114021
0.007986366
0.007982147
0.008004439
0.008014959
0.007966835
0.008031783
0.008010272
0.007984594
0.007984439
0.007993605
0.008028188
0.007946626
0.007984282
0.007999803
0.008013085
0.007986991
0.008052459
0.007968345
0.008006001
0.008051313
0.007959022
0.007945376
0.007993657
0.007966782
0.007994751
0.007978606
0.007993188
0.008073293
0.008112251
0.007959022
0.008016210
0.008226886
0.007993918
0.007975949
0.007965897
0.008009959
0.007991001
0.007971574
0.008012407
0.008162250
0.007982251
0.007994491
0.007985116
0.008012459
0.008036469
0.007945845
0.008058605
0.008019074
0.008016626
0.008017772
0.008032460
0.008001783
0.007961314
0.007995585
0.008018605
0.007959387
0.008062824
0.008102616
0.007951991
0.007952616
0.008012459
0.008049803
0.007989699
0.007968814
0.007977303
0.007979751
0.007985897
0.007935793
0.008036001
0.007967876
0.008208084
0.008021365
0.008044386
0.007947303
0.007975897
0.007954230
0.008058136
0.007938762
0.007974543
0.007975168
0.008038188
0.008026991
0.008016938
0.007977355
0.008027042
