0.011698860
0.008609132
0.008662674
0.008681111
0.008693091
0.008578820
0.008573091
0.008784392
0.008650122
0.008654445
0.008614548
0.008658247
0.008596684
0.008601164
0.008672570
0.008574133
0.008639393
0.008687934
0.008746215
0.008712361
0.008580382
0.008638975
0.008629497
0.008788195
0.008543664
0.008595278
0.008592726
0.008650798
0.008632517
0.008586112
0.008628091
0.008602674
0.008571320
0.008612258
0.008568195
0.008620539
0.008605539
0.008642883
0.008614758
0.008658038
0.008668455
0.008655851
0.008690746
0.008751215
0.008708403
0.008607153
0.008607466
0.008880954
0.008814080
0.008577362
0.008780955
0.008647101
0.008586685
0.008658872
0.008805329
0.008645746
0.008647569
0.008580174
0.008846528
0.008815069
0.008604966
0.008730902
0.008656008
0.008615435
0.008649185
0.008734079
0.008562570
0.008685903
0.008870850
0.008730851
0.008738298
0.008718403
0.008641789
0.008706789
0.008594601
0.008685539
0.008600174
0.008868142
0.008624237
0.008675121
0.008922100
0.008677465
0.008580435
0.008640591
0.008596424
0.008590434
0.008612257
0.008621111
0.008630070
0.008618664
0.008527049
0.008711319
0.008815434
0.008650174
0.008876162
0.008560226
0.008786840
0.008618924
0.008728298
0.008666268
0.008613195
0.008783507
0.008733507
0.008882204
0.008712465
0.008645591
0.008625747
0.008704132
0.008658507
0.008712309
0.008643768
0.008668872
0.008622935
0.008555851
0.008624601
0.008671580
0.008628091
0.008616216
0.008582883
0.008669810
0.008734601
0.008617466
0.008675903
0.008599601
0.008650174
0.008611893
0.008702569
0.008663872
0.008586894
0.008622935
0.008782205
0.008621476
0.008611059
0.008647310
0.008611893
0.008628924
0.008581112
0.008759861
0.008641425
0.008594758
0.008831475
0.008638716
0.008680799
0.008701736
0.008676372
0.008773455
0.008652101
0.008606633
0.008723351
0.008557778
0.008810226
0.008604498
0.008556580
0.008636580
0.008723143
0.008620956
0.008620122
0.008619341
0.008693872
0.008637518
0.008701737
0.008626529
0.008778299
0.008610955
0.008615799
0.008579029
0.008637205
0.008651841
0.008580644
0.008804653
0.008557206
0.008634341
0.008818403
0.008644706
0.008697101
0.008855798
0.008864965
0.008603039
0.008647831
0.008697414
0.008603196
0.008627258
0.008788351
0.008656164
0.008641789
0.008655591
0.008717153
0.008622310
0.008648872
0.008625747
0.008662831
0.008640487
0.008668663
0.008650226
0.008783038
0.008714809
0.008654602
0.008676685
0.008774184
0.008728716
0.008660018
0.008632726
0.008600800
0.008586998
0.008650174
0.008640174
0.008878350
0.008618768
0.008677986
0.008636007
0.008640227
0.008611164
0.008800018
0.008614602
0.008635695
0.008683351
0.008714289
0.008777778
0.008714080
0.008675070
0.008692310
0.008619029
0.008697987
0.008772414
0.008769236
0.008653195
0.008602571
0.008632101
0.008634185
0.008688976
0.008613560
0.008637205
0.008599081
0.008891215
0.008597362
0.008620904
0.008602414
0.008650903
0.008626321
0.008739706
0.008773508
0.008843403
0.008733872
0.008583195
0.008660226
0.008601841
0.008657883
0.008623196
0.008624029
0.008637154
0.008612205
0.008599133
0.008676112
0.008656112
0.008586372
0.008622518
0.008723560
0.008596008
0.008557987
0.008678404
0.008594914
0.008660748
0.008690174
0.008583872
0.008693143
0.008601790
0.008922361
0.008673039
0.008873351
0.008786684
0.008616685
0.008656164
0.008712049
0.008644393
0.008881684
0.008690279
0.008821789
0.008582831
0.008646946
0.008679967
0.008619081
0.008580644
0.008838507
0.008796684
0.008589914
0.008691112
0.008626685
0.008588925
0.008657831
0.008545748
0.008647049
0.008642726
0.008533612
0.008804236
0.008651112
0.008659810
0.008696580
0.008612518
0.008661841
0.008590696
0.008633820
0.008591581
0.008626320
0.008649550
0.008702258
0.008714810
0.008649029
0.008693352
0.008656424
0.008638664
0.008555696
0.008626164
0.008531425
0.008536112
0.008629133
0.008716945
0.008581998
0.008582727
0.008660644
0.008589966
0.008679341
0.008625227
0.008698612
0.008742986
0.008691164
0.008751893
0.008646633
0.008647727
0.008711945
0.008636060
0.008622674
0.008708143
0.008599498
0.008648144
0.008616060
0.008582050
0.008851320
0.008651424
0.008732882
0.008640800
0.008605540
0.008606425
0.008633456
0.008591529
0.008665123
0.008615435
0.008687987
0.008618143
0.008782205
0.008586165
0.008916476
0.008638769
0.008632154
0.008610643
0.008687883
0.008593508
0.008660904
0.008663143
0.008629498
0.008738560
0.008749706
0.008677310
0.008699185
0.008634237
0.008609393
0.008701008
0.008654653
0.008585279
0.008668925
0.008655956
0.008576789
0.008592311
0.008635800
0.008599498
0.008657206
0.008637206
0.008608769
0.008890069
0.008577675
0.008634133
0.008679654
0.008721007
0.008623195
0.008652310
0.009121319
0.008622050
0.008661008
0.008705539
0.008671737
0.008619238
0.008611529
0.008931060
0.008675435
0.008664445
0.008665175
0.008686113
0.008791841
0.008631789
0.008621842
0.008630643
0.008598873
0.008603873
0.008601008
0.008656477
0.008838403
0.008685487
0.008711268
0.008627779
0.008647102
0.008678143
0.008604342
0.008653300
0.008592102
0.008822257
0.008591790
0.008571425
0.008570176
0.008637675
0.008780278
0.008620696
0.008662154
0.008594186
0.008652310
0.008601164
0.008632414
0.008685800
0.008673612
0.008749289
0.008585279
0.008667102
0.008613143
0.008744237
0.008672050
0.008608769
0.008653404
0.008617362
0.008602623
0.008700070
0.008586217
0.008590176
0.008591008
0.008646113
0.008694237
0.008581217
0.008631009
0.008609498
0.008886372
0.008642311
0.008616165
0.008610487
0.008594811
0.008673508
0.008647623
0.008643717
0.008665123
0.008617311
0.008586060
0.008622623
0.008664966
0.008668092
0.008614185
0.008605019
0.008569915
0.008795696
0.008715852
0.008696320
0.008848247
0.008806945
0.008722779
0.008669133
0.008603561
0.008669498
0.008603821
0.008686633
0.008638247
0.008692831
0.008612676
0.008647987
0.008594133
0.008573821
0.008640852
0.008583665
0.008665904
0.008695280
0.008650852
0.008703300
0.008698873
0.008644394
0.008626008
0.008678040
0.008600644
0.008717362
0.008653300
0.008709811
0.008610488
0.008592259
0.008620019
0.008700018
0.008563040
0.008637728
0.008754653
0.008659914
0.008647936
0.008842414
0.008749133
0.008586634
0.008632935
0.008652571
0.008729133
0.008788560
0.008641633
0.008665748
0.008708717
0.008680383
0.008687206
0.008632207
0.008724654
0.008710175
0.008598613
0.008588717
0.008641842
0.008632206
0.008692987
0.008655904
0.008733613
0.008704394
0.008680540
0.008564342
0.008778768
0.008697363
0.008648404
0.008634758
0.008623717
0.008812883
0.008645019
0.008710331
0.008656946
0.008647154
0.008815903
0.008685540
0.008609706
0.008880435
0.008725904
0.008663457
0.008639394
0.008625644
0.008596842
0.008681060
0.008702779
0.008664914
0.008665539
0.008715279
0.008700384
0.008614082
0.008675748
0.008616008
0.008608977
0.008679550
0.008585593
0.008654030
0.008620019
0.008608978
0.008553509
0.008562572
0.008611582
0.008663196
0.008627258
0.008638457
0.008694134
0.008588196
0.008665644
0.008721685
0.008596842
0.008657571
0.008628301
0.008614863
0.008840019
0.008853612
0.008686269
0.008668873
0.008584395
0.008691738
0.008667363
0.008701894
0.009370485
0.008610957
0.008757102
0.008572259
0.008661894
0.008589082
0.008680800
0.008635123
0.008659029
0.008581842
0.008732154
0.008634290
0.008753300
0.008623665
0.008637207
0.008569655
0.008714550
0.008586008
0.008639290
0.008668822
0.008670331
0.008527676
0.008740956
0.008599603
0.008608040
0.008659499
0.008597780
0.008636738
0.008830696
0.008610384
0.008741946
0.008660123
0.008634082
0.008835487
0.008750696
0.008592988
0.008657207
0.008682050
0.008776946
0.008609185
0.008628822
0.008661321
0.008627727
0.008593249
0.008612624
0.008686686
0.008641061
0.008710696
0.008608093
0.008604968
0.008627311
0.008585436
0.008607103
0.008706165
0.008560020
0.008614655
0.008787884
0.008487415
0.008636113
0.008633926
0.008620488
0.008652988
0.008673978
0.008561217
0.008846893
0.008744185
0.008656581
0.008615436
0.008690800
0.008644655
0.008562519
0.008830487
0.008636582
0.008644447
0.008658405
0.008719706
0.008749654
0.008601321
0.008587155
0.008778665
0.008635071
0.008822415
0.008664707
0.008699394
0.008683769
0.008632103
0.008643248
0.008840279
0.008665071
0.008650853
0.008630071
0.008653249
0.008599811
0.008597467
0.008584238
0.008649030
0.008871268
0.008629967
0.008579811
0.008766008
0.008543874
0.008671738
0.008696321
0.008633301
0.008897883
0.008652571
0.008572467
0.008583926
0.008687259
0.008629655
0.008742050
0.008708404
0.008604707
0.008572832
0.008568145
0.008658509
0.008605019
0.008630332
0.008620019
0.008555488
0.008598613
0.008691790
0.008682155
0.008620904
0.008613248
0.008597520
0.008624134
0.008661790
0.008636999
0.008669551
0.008662050
0.008682519
0.008711164
0.008655019
0.008673561
0.008757779
0.008773091
0.008762259
0.008682363
0.008721946
0.008745071
0.008609030
0.008595020
0.008730748
0.008680905
0.008662207
0.008725123
0.008617051
0.008653197
0.008940591
0.008638405
0.008668145
0.008725280
0.008623509
0.008766425
0.008640175
0.008719498
0.008648300
0.008778092
0.008766581
0.008688717
0.008594968
0.008598665
0.008644394
0.008621165
0.008754082
0.008646686
0.008634655
0.008628093
0.008621426
0.008678353
0.008610697
0.008600957
0.008586165
0.008606374
0.008613197
0.008659394
0.008604498
0.008701946
0.008767623
0.008625801
0.008619812
0.008810591
0.008579239
0.008678197
0.008675488
0.008693821
0.008610384
0.008717519
0.008702519
0.008576269
0.008745228
0.008622780
0.008650019
0.008700904
0.008620644
0.008762571
0.008752779
0.008643092
0.008702780
0.008640280
0.008652103
0.008728404
0.008673093
0.008652884
0.008642884
0.008610853
0.008703301
0.008606634
0.008608405
0.008598353
0.008690384
0.008726842
0.008626217
0.008866477
0.008674863
0.008578874
0.008628301
0.008841842
0.008642467
0.008665488
0.008736581
0.008630592
0.008633405
0.008823457
0.008743248
0.008677103
0.008705852
0.008623353
0.008711894
0.008673718
0.008823092
0.008738248
0.008651009
0.008683249
0.008607364
0.008670228
0.008599760
0.008647155
0.008566166
0.008817259
0.008661166
0.008663978
0.008626842
0.008777467
0.008578926
0.008664707
0.008609135
0.008610124
0.008604967
0.008678457
0.008822050
0.008662884
0.008663614
0.008578405
0.008684916
0.008835748
0.008626635
0.008636895
0.008596478
0.008647884
0.008753665
0.008696061
0.008603718
0.008671947
0.008682519
0.008672676
0.008677728
0.008629030
0.008659603
0.008660124
0.008736165
0.008703821
0.008822571
0.008581843
0.008636270
0.008543874
0.008637676
0.008594551
0.008699707
0.008605020
0.008661478
0.008663510
0.008650801
0.008676269
0.008794290
0.008713249
0.008626634
0.008634395
0.008625176
0.008705228
0.008704655
0.008678718
0.008776738
0.008647051
0.008636686
0.008637415
0.008752676
0.008592051
0.008638978
0.008600176
0.008634446
0.008576218
0.008615020
0.008615541
0.008661843
0.008700124
0.008709759
0.008634447
0.008613926
0.008724030
0.008617624
0.008628457
0.008701895
0.008631426
0.008730540
0.008777155
0.008754759
0.008783717
0.008666218
0.008726581
0.008672572
0.008719968
0.008699655
0.008608041
0.008651478
0.008701530
0.007939866
0.008844603
0.008777884
0.008733613
0.008656947
0.008570229
0.008537728
0.008677988
0.008608613
0.008694863
0.008625176
0.008729967
0.008560853
0.008685957
0.008648249
0.008850800
0.008660072
0.008617467
0.008803665
0.008640749
0.008992727
0.008750696
0.008789603
0.008593666
0.008661322
0.008672676
0.008766582
0.008680176
0.008675593
0.008567936
0.008585333
0.008768040
0.008731530
0.008613822
0.008629187
0.008598249
0.008650801
0.008629187
0.008680384
0.008581947
0.008667989
0.008666218
0.008712832
0.008670176
0.008598770
0.008658614
0.008647781
0.008683978
0.008597677
0.008672937
0.008615801
0.008702988
0.008661790
0.008730332
0.008669759
0.008647937
0.008685228
0.008650488
0.008673718
0.008611843
0.008648822
0.008767467
0.008616374
0.008706635
0.008631999
0.008690071
0.008761009
0.008623926
0.008701009
0.008708666
0.008668457
0.008557051
0.008606218
0.008592989
0.008747884
0.008592780
0.008666478
0.008589864
0.008784134
0.008571426
0.008661009
0.008630593
0.008656010
0.008579656
0.008596895
0.008659030
0.008664499
0.008715540
0.008627676
