0.032861022
0.025454748
0.025408289
0.025440061
0.025384071
0.025494904
0.025698653
0.025437821
0.025483967
0.025344071
0.025417508
0.025444070
0.025403393
0.025367613
0.025436258
0.025403498
0.025552039
0.025512092
0.025526935
0.025427977
0.025344800
0.025401154
0.025404071
0.025378394
0.025388133
0.025525321
0.025436571
0.025394071
0.025286207
0.025450946
0.025433185
0.025498289
0.025386883
0.025635059
0.025406155
0.025556779
0.025709904
0.026285370
0.025388602
0.025413394
0.025474070
0.025387196
0.025427977
0.025567820
0.025339852
0.025364697
0.025925944
0.025366310
0.025599018
0.025508914
0.025397560
0.025491727
0.025302665
0.025609383
0.025364696
0.025495477
0.025565841
0.025510217
0.025557612
0.025428498
0.025409436
0.025380008
0.025525841
0.025591153
0.025351259
0.025554956
0.025437716
0.025355529
0.025627039
0.025344957
0.025261520
0.025561518
0.025409800
0.025392561
0.025435060
0.025381675
0.025456466
0.025373342
0.025440790
0.025563914
0.025336832
0.025402508
0.025334123
0.025408446
0.025390842
0.025585737
0.025407664
0.025939902
0.025415321
0.025501102
0.025587300
0.025439123
0.025592300
0.025448654
0.025803809
0.025524487
0.025366623
0.025421623
0.025533758
0.025477612
0.025370738
0.025611414
0.025504748
0.025371311
0.025579122
0.025664695
0.025690684
0.025435738
0.025397092
0.025401050
0.025485529
0.025486727
0.025433029
0.025624226
0.025558289
0.025592664
0.025404592
0.025432144
0.025428811
0.025390477
0.025518342
0.025421988
0.025646050
0.025365529
0.025453550
0.025459175
0.025711987
0.025449800
0.025333603
0.025293967
0.025488289
0.025406050
0.025465946
0.025288603
0.025350634
0.025520737
0.025420061
0.025543498
0.025396363
0.025414540
0.025504592
0.025461675
0.025612091
0.025492352
0.025481258
0.025526674
0.025241676
0.025463862
0.025342509
0.025453915
0.025396832
0.025555998
0.025485789
0.025456623
0.025499331
0.025717299
0.025406675
0.025534643
0.025249853
0.025453498
0.025584227
0.025638862
0.025216051
0.025546362
0.025322613
0.025348498
0.025400790
0.025238967
0.025312561
0.025463863
0.025549748
0.025523914
0.025472613
0.025477248
0.025378603
0.025625581
0.025396832
0.025507352
0.025513966
0.025696206
0.025364227
0.025433967
0.025605685
0.025361311
0.025502248
0.025375269
0.025514019
0.025461519
0.025440582
0.025341416
0.025421832
0.025427509
0.025335218
0.025369644
0.025491155
0.025448185
0.025431259
0.025330426
0.025395843
0.025615112
0.025394227
0.025434800
0.025392196
0.025550946
0.025763185
0.025364124
0.025330270
0.025440634
0.025329124
0.025400946
0.025399279
0.025393134
0.025498290
0.025393811
0.025458967
0.025331936
0.025584904
0.025372248
0.025373394
0.025526414
0.025358238
0.025397509
0.025687716
0.025426207
0.025323499
0.025370530
0.025442457
0.025576779
0.025519019
0.025412196
0.025447300
0.025409748
0.025503133
0.025479644
0.025236156
0.025434071
0.025416988
0.025290061
0.025438030
0.025415529
0.025612560
0.025325582
0.025492300
0.025488342
0.025667143
0.025488603
0.025360426
0.025410425
0.025493446
0.025522717
0.025422665
0.025450686
0.025368030
0.025303395
0.025321728
0.025543915
0.025369176
0.025382717
0.025617821
0.025406311
0.025395478
0.025424436
0.025402821
0.025402092
0.025382040
0.025474436
0.025538394
0.025426936
0.025510425
0.025413707
0.025572405
0.025368707
0.025461988
0.025378968
0.025505425
0.025416623
0.025683706
0.025519696
0.025681987
0.025412509
0.025500008
0.025496362
0.025311051
0.025674956
0.025341259
0.025589018
0.025352457
0.025428238
0.025653445
0.025317718
0.025597300
0.025484228
0.025440998
0.025894174
0.025541102
0.025414436
0.025433030
0.025434645
0.025562717
0.025477874
0.025557301
0.025300582
0.025435791
0.025462977
0.025490426
0.025361988
0.025346259
0.025633810
0.025661414
0.025431051
0.025326884
0.025295062
0.025349645
0.025417665
0.025384541
0.025459853
0.025674123
0.025451206
0.025357301
0.025679591
0.025323343
0.025373863
0.025450790
0.025398447
0.025440894
0.025409332
0.025506519
0.025524436
0.025413187
0.025705945
0.025709539
0.025413811
0.025483029
0.025447301
0.025426832
0.025441780
0.025548030
0.025521467
0.025533499
0.025437977
0.025549332
0.025328395
0.025550477
0.025544644
0.025477457
0.025482613
0.025513811
0.025573289
0.025480165
0.025499487
0.025358447
0.025394124
0.025401884
0.025723966
0.025477196
0.025542717
0.025465426
0.025416207
0.025517925
0.025357510
0.025451884
0.025306520
0.025568290
0.025679122
0.025492353
0.025466624
0.025464852
0.025553550
0.025472718
0.025326207
0.025489071
0.025464540
0.025549644
0.025426259
0.025589332
0.025466988
0.025379124
0.025511051
0.025272302
0.025427248
0.025503759
0.025529175
0.025512665
0.025394072
0.025572092
0.025455478
0.025553394
0.025326416
0.025411833
0.025466051
0.025390269
0.025430530
0.025468342
0.025520738
0.025586779
0.025418343
0.025568081
0.025416884
0.025688133
0.025539644
0.025481624
0.025727612
0.025406468
0.025426989
0.025444645
0.025339958
0.025702560
0.025388967
0.025561103
0.025317562
0.025585269
0.025611519
0.025493082
0.025434749
0.025536311
0.025385843
0.025571727
0.025377926
0.025593498
0.025295166
0.025545581
0.025476468
0.025496467
0.025442509
0.025526832
0.025345114
0.025487822
0.025307510
0.025416051
0.025302666
0.025480114
0.025539801
0.025361260
0.025380322
0.025482248
0.025469592
0.025350531
0.025489853
0.025644227
0.025309593
0.025560009
0.025546259
0.025424176
0.025413707
0.025602665
0.025297197
0.025492197
0.025434437
0.025528915
0.025276989
0.025476624
0.025713133
0.025547509
0.025486676
0.025531779
0.025535322
0.025423187
0.025400895
0.025567718
0.025563707
0.025502301
0.025563499
0.025430842
0.025447145
0.025439489
0.025452510
0.025364697
0.025329281
0.025202302
0.025431468
0.025425269
0.025460374
0.025371884
0.025453499
0.025341051
0.025398551
0.025399957
0.025394906
0.025418238
0.025436416
0.025422040
0.025457457
0.025337197
0.025422093
0.025478395
0.025422561
0.025512718
0.025438656
0.025339854
0.025457822
0.025367926
0.025351208
0.025598707
0.025664696
0.025385270
0.025445270
0.025483655
0.025657457
0.025493083
0.025573759
0.025393187
0.025556102
0.025399385
0.025380426
0.025430531
0.025449853
0.025567457
0.025332718
0.025536207
0.025664384
0.025600634
0.025398812
0.025425166
0.025533499
0.025663967
0.025372510
0.025406884
0.025377926
0.025445582
0.025564331
0.025392249
0.025611363
0.025436208
0.025329073
0.025391155
0.025685738
0.025369853
0.025453916
0.025366312
0.025342302
0.025359749
0.025378343
0.025388031
0.025542040
0.025453759
0.025412249
0.025623446
0.025345219
0.025683185
0.026277559
0.025427666
0.025604332
0.025463811
0.025395218
0.025556312
0.025410582
0.025342145
0.025394228
0.025554957
0.025442822
0.025596728
0.025697248
0.025530061
0.025543759
0.025378655
0.025345219
0.025415218
0.025529592
0.025561051
0.025420895
0.025411312
0.025263812
0.025439124
0.025412145
0.025225844
0.025582457
0.025416103
0.025480217
0.025420531
0.025433291
0.025383604
0.025458707
0.025601415
0.025374021
0.025543811
0.025415582
0.025454332
0.025416624
0.025363083
0.025416780
0.025590165
0.025411989
0.025376989
0.025473447
0.025365896
0.025380218
0.025494124
0.025494905
0.025363707
0.025467613
0.025415166
0.025531623
0.025522405
0.025883185
0.025519905
0.025321781
0.025509853
0.025478134
0.025616155
0.025428916
0.025547770
0.025377823
0.025484541
0.025350375
0.025504853
0.025382562
0.025311833
0.025673498
0.025364281
0.025531415
0.025345739
0.025307615
0.025361208
0.025855112
0.025670321
0.025638134
0.025213812
0.025307926
0.025545165
0.025516207
0.025419281
0.025358812
0.025369749
0.025418551
0.025389853
0.025340114
0.025582197
0.025605530
0.025585790
0.025639436
0.025398551
0.025584541
0.025759540
0.025412510
0.025496415
0.025411468
0.025494280
0.025697092
0.025356260
0.025348708
0.025630739
0.025495374
0.025625946
0.025462354
0.025346573
0.025382197
0.025396156
0.025585009
0.025353864
0.025419436
0.025450530
0.025334542
0.025591832
0.025424177
0.025519489
0.025429020
0.025567561
0.025546416
0.025290583
0.025508082
0.025276833
0.025346572
0.025443759
0.025412614
0.025487614
0.025473916
0.025366469
0.025335999
0.025558863
0.025462666
0.025539020
0.025577040
0.025358864
0.025336312
0.025679384
0.025365010
0.025523603
0.025604227
0.025434229
0.025402823
0.025364853
0.025558291
0.025684540
0.025460583
0.025413447
0.025435009
0.025419489
0.025424176
0.025566103
0.025456364
0.025444906
0.025510114
0.025419698
0.025368760
0.025416000
0.025491103
0.025343656
0.025647769
0.025493343
0.025526364
0.025430010
0.025377197
0.025721727
0.025388083
0.025446103
0.025498812
0.025355114
0.025508290
0.025621102
0.025550114
0.025463864
0.025378187
0.025497770
0.025442822
0.025385271
0.025488811
0.025339593
0.025566572
0.025445271
0.025485583
0.025333239
0.025312406
0.025295583
0.025401156
0.025634332
0.025330896
0.025245063
0.025633863
0.025410479
0.025457614
0.025422197
0.025329542
0.025550062
0.025420218
0.025482093
0.025370479
0.025353291
0.025520426
0.025421468
0.025515895
0.025535791
0.025405115
0.025479489
0.025535166
0.025509801
0.025443968
0.025612822
0.025430530
0.025569697
0.025375271
0.025404281
0.025471000
0.025564853
0.025420062
0.025545322
0.025348187
0.025421312
0.025526833
0.025437770
0.025431884
0.025374229
0.025368865
0.025487198
0.025369437
0.025409905
0.025416989
0.025289958
0.025328969
0.025503812
0.025460270
0.025472979
0.025430583
0.025533343
0.025387718
0.025344020
0.025696676
0.025468030
0.025746988
0.025259333
0.025526677
0.025626780
0.025518707
0.025527405
0.025432771
0.025508968
0.025749228
0.025458291
0.025384385
0.025422042
0.025406469
0.025356156
0.025575583
0.025219386
0.025545218
0.025488864
0.025680374
0.025542145
0.025385531
0.025393708
0.025522718
0.025708707
0.025503552
0.025437926
0.025375427
0.025365635
0.025485374
0.025357979
0.025556572
0.025417927
0.025410531
0.025744332
0.025414698
0.025719020
0.025422198
0.025541677
0.025616311
0.025460166
0.025711519
0.025458291
0.025540374
0.025562614
0.025423604
0.025277667
0.025431520
0.025391156
0.025983237
0.025513656
0.025336938
0.025373083
0.025381209
0.025403968
0.025356104
0.025574489
0.025346729
0.025382094
0.025645998
0.025395531
0.025438239
0.025473551
0.025319646
0.025882717
0.025496885
0.025485947
0.025373083
0.025394124
0.025516624
0.025485844
0.025330740
0.025422302
0.025395375
0.025802613
0.025562353
0.025378500
0.025536729
0.025422041
0.025389958
0.025547041
0.025589385
0.025443448
0.025397927
0.025476728
0.025363344
0.025396365
0.025581988
0.025571468
0.025633395
0.025377407
0.025692509
0.025351573
0.025451989
0.025628342
0.025379386
0.025374958
0.025496520
0.025410740
0.025659332
0.025493031
0.025493187
0.025563135
0.025411677
0.025465322
0.025459073
0.025644436
0.025329750
0.025394750
0.025803186
0.025374281
0.025519437
0.025286417
0.025710895
0.025776936
0.025613499
0.025449177
0.025433552
0.025456260
0.025342042
0.025457771
0.025535895
0.025371156
0.025431468
0.025463917
0.025393032
0.025417667
0.025387406
0.025403864
0.025308187
0.025500791
0.025393604
0.025361156
0.025432614
0.025640895
0.025395896
0.025536572
0.025591676
0.025409698
0.025708863
0.025595270
0.025609229
0.025521624
0.025415895
0.025595947
0.025428552
0.025333552
0.025317355
0.025514594
0.025688968
0.025386365
0.025481260
0.025443292
0.025475375
0.025755738
0.025421261
0.025515895
0.025346104
0.025523551
0.025294959
0.025505479
0.025615061
0.025436416
0.025456885
0.025385167
0.025434541
0.025328969
0.025348760
0.025522406
0.025412510
0.025401260
0.025487979
0.025525687
0.025452926
0.025445062
0.025340219
0.025428292
0.025564593
0.025283708
0.025404229
0.025548916
0.025622145
0.025241157
0.025260792
0.025436833
0.025384802
0.025514802
0.025397302
0.025502979
0.025525218
0.025231470
0.025365740
0.025436729
0.025423760
0.025302250
0.025373344
0.025340844
0.025435115
0.025421678
0.025387510
0.025356260
0.025459124
0.025445531
0.025381521
0.025348500
0.025354177
0.025477875
0.025496885
0.025597823
0.025632614
0.025393552
0.025335740
0.025403917
0.025369647
0.025413239
0.025440167
0.025372042
0.025574853
0.025400479
0.025405687
0.025400843
0.025491208
0.025373916
0.025347719
