0.024870003
0.024635056
0.024694639
0.024670473
0.024624171
0.024694743
0.024550994
0.024555316
0.024670316
0.024638233
0.024528494
0.024852191
0.024728857
0.024717035
0.025402657
0.024678389
0.024645368
0.024632191
0.024853284
0.024826149
0.024709691
0.024956044
0.024529588
0.024715733
0.024793857
0.024834482
0.024701253
0.024849221
0.024620160
0.024890055
0.024689014
0.024801149
0.024687399
0.024944951
0.024685369
0.024646358
0.024664535
0.024792659
0.024698233
0.024757451
0.024895211
0.024686618
0.024635316
0.024656201
0.024705212
0.024787712
0.024643337
0.024622973
0.024782034
0.024650785
0.024685525
0.024662399
0.024654222
0.024631722
0.024652712
0.024676514
0.024710368
0.024696410
0.024706462
0.024672452
0.024666774
0.024627400
0.024646931
0.024703806
0.024666097
0.024707503
0.024670525
0.024675264
0.024676462
0.024693024
0.024724483
0.024674691
0.024731827
0.024642295
0.024667816
0.024669587
0.024718546
0.024836149
0.024690524
0.024937659
0.024696150
0.024859169
0.024803649
0.024672556
0.024602765
0.024820888
0.024705004
0.024790993
0.024639691
0.024655577
0.024690993
0.024815003
0.024654171
0.024695108
0.024679847
0.024706358
0.024766097
0.024828545
0.024856200
0.024721514
0.024669275
0.024766045
0.024763961
0.024703285
0.024710941
0.024650941
0.024642712
0.024685004
0.024641306
0.024852659
0.024703702
0.024575213
0.024850992
0.024635004
0.024646670
0.024789951
0.024698077
0.024596046
0.024719275
0.024832555
0.024905315
0.024667764
0.024660941
0.024781565
0.024666983
0.024689327
0.024700941
0.024869014
0.024666619
0.024645264
0.024675160
0.024710264
0.024710108
0.024577244
0.024710056
0.025121981
0.024869430
0.024690108
0.024701462
0.024608858
0.024702243
0.024660420
0.024684431
0.025140054
0.024704796
0.024670212
0.024716618
0.024765837
0.024661514
0.024695733
0.024598858
0.024910471
0.024706671
0.024685525
0.024987710
0.024703546
0.024687296
0.024635369
0.024713493
0.024768232
0.024646827
0.024714691
0.024757035
0.024695003
0.024631827
0.024689535
0.024605161
0.024582504
0.024712034
0.024814326
0.024681358
0.024662139
0.024885263
0.024754222
0.024704431
0.024667816
0.024678597
0.024676254
0.024636046
0.024719379
0.024835732
0.024727086
0.024714066
0.024808232
0.024863493
0.024857607
0.024802712
0.024735837
0.024650265
0.024873232
0.024834431
0.024882347
0.024713806
0.024690420
0.024959638
0.024662035
0.024699482
0.024864534
0.024688390
0.024757921
0.024669951
0.024758024
0.024639743
0.024707399
0.024858128
0.024675942
0.024749534
0.024635525
0.024720316
0.024662399
0.024756149
0.024716098
0.024650368
0.024834534
0.024641463
0.024676619
0.024737348
0.024640838
0.024726462
0.024849118
0.024710733
0.024709691
0.024850628
0.024734327
0.024712504
0.024783545
0.024823493
0.024639952
0.024690421
0.024695108
0.024698129
0.024773128
0.024720003
0.024677295
0.024823597
0.024764430
0.024687191
0.024642973
0.024667608
0.024682295
0.024683598
0.024900211
0.024718753
0.024674431
0.024678077
0.024659743
0.024665369
0.024672817
0.024693493
0.024649588
0.024714223
0.024702400
0.024776097
0.024550108
0.024696253
0.024763181
0.024719691
0.024726879
0.024767243
0.024699066
0.024746149
0.024635212
0.024696878
0.024907451
0.024850212
0.024808962
0.024690577
0.024793128
0.024689274
0.024866670
0.024627348
0.024648442
0.024697868
0.024567088
0.024502192
0.024625421
0.024651046
0.024703181
0.024818024
0.024808076
0.024687712
0.024737608
0.024698597
0.024658077
0.024718389
0.024617869
0.024570421
0.024696463
0.024704014
0.024648962
0.024680889
0.024618858
0.024635004
0.024628181
0.024614223
0.024965628
0.024740733
0.024726827
0.024688077
0.024661306
0.024705733
0.024744430
0.024663650
0.024704379
0.024675837
0.024653493
0.024726097
0.024637764
0.024700524
0.024764170
0.024833701
0.024661775
0.024928596
0.024668181
0.024665837
0.024639066
0.024648129
0.024734222
0.024654067
0.024733128
0.024822815
0.024723805
0.024723649
0.024662556
0.024675680
0.024733493
0.024681254
0.024690472
0.024939378
0.024710160
0.024794691
0.024742556
0.024702868
0.024578181
0.024674691
0.024686983
0.024787816
0.024746097
0.024671671
0.024883701
0.024717869
0.024644691
0.024915889
0.024842138
0.024753076
0.024849013
0.024871670
0.024649535
0.024814951
0.024628650
0.024675733
0.024632087
0.024741045
0.024779014
0.024712139
0.024611358
0.024668702
0.024830889
0.024682660
0.024729743
0.024681671
0.024812556
0.024647868
0.024760785
0.024751098
0.024706462
0.024808233
0.024762348
0.024689379
0.024918493
0.024634483
0.024639691
0.024783181
0.024696462
0.024728441
0.024711358
0.024745316
0.024707764
0.024705108
0.024940628
0.024655108
0.024684066
0.024643389
0.024711983
0.024813545
0.024730107
0.024691722
0.024657764
0.024642295
0.024687139
0.024643806
0.024734535
0.024703754
0.024657556
0.025001200
0.024615160
0.024683077
0.024671723
0.024682712
0.024726253
0.024759899
0.024892815
0.024721306
0.024710993
0.024662608
0.024826565
0.024766774
0.024858440
0.024864899
0.024700785
0.024710160
0.024662504
0.024586254
0.024684692
0.025059273
0.024662972
0.024714483
0.024539484
0.024754639
0.024667035
0.024737712
0.024687504
0.024698389
0.024835993
0.024676202
0.024740160
0.024696566
0.024883232
0.024660472
0.024774119
0.024810941
0.024763857
0.024662556
0.024692295
0.024703546
0.024633858
0.024855681
0.024867139
0.024883649
0.024830159
0.024686098
0.024778806
0.024643129
0.024631775
0.024687243
0.024719222
0.024633285
0.024996357
0.024721827
0.024707348
0.024752139
0.024825837
0.024666827
0.024690941
0.024733442
0.024713389
0.024901305
0.024765264
0.024709483
0.024648859
0.024743024
0.024736150
0.024635472
0.024648129
0.024715368
0.024700421
0.024862972
0.024786201
0.024753076
0.024684639
0.024696775
0.024731670
0.024723389
0.024701202
0.024936305
0.024816982
0.024700629
0.024658494
0.024667921
0.024660368
0.024757348
0.024776462
0.024700941
0.024779639
0.024664015
0.024758024
0.024866149
0.024647504
0.024722816
0.024956930
0.024633442
0.024702973
0.024671931
0.024800681
0.024679535
0.024828753
0.024689796
0.024628077
0.024673129
0.024691254
0.024733337
0.024857086
0.024836410
0.024705055
0.024710056
0.024700004
0.024659640
0.024685994
0.024651932
0.024652244
0.024650109
0.025004638
0.024707921
0.024793857
0.024653754
0.024780420
0.024869794
0.024915107
0.024698441
0.024790316
0.024743285
0.024719847
0.024685316
0.024833649
0.024696826
0.024717556
0.024696983
0.024690160
0.024686306
0.024660785
0.024680889
0.024616462
0.024938545
0.024727660
0.024631411
0.024680837
0.024716566
0.024662348
0.024699847
0.024697452
0.024636618
0.024676879
0.024730785
0.024653546
0.024685629
0.024718493
0.024657868
0.024700421
0.024948336
0.024651098
0.024756931
0.024662608
0.024936201
0.024629119
0.024722348
0.024755108
0.024735004
0.024850473
0.024712765
0.024688807
0.024724587
0.024776410
0.024796826
0.024791671
0.024710161
0.024695994
0.024679483
0.024635317
0.024830159
0.024831202
0.024934326
0.024657921
0.024679379
0.024668650
0.024671150
0.024703597
0.024818389
0.024793180
0.024663963
0.024693129
0.024703442
0.024688910
0.024714588
0.024832660
0.024703962
0.024850316
0.024642347
0.024696514
0.024689900
0.024649380
0.024684640
0.024685264
0.024700994
0.024715941
0.024754223
0.024752347
0.024702452
0.024698962
0.024763441
0.024733077
0.024863753
0.024683806
0.024708233
0.024890836
0.024648389
0.024707973
0.024639536
0.024700212
0.024711931
0.024799379
0.024631150
0.024849742
0.024836149
0.024876878
0.024669639
0.024677296
0.024845420
0.024685108
0.024678650
0.024616202
0.024666567
0.024693910
0.024789951
0.024639796
0.024878388
0.024683493
0.024688701
0.024648078
0.024793546
0.024654795
0.024660785
0.024903597
0.024648546
0.024690108
0.024668702
0.024825576
0.024815993
0.024843753
0.024705889
0.024691827
0.024812296
0.024643130
0.024792347
0.024652191
0.024782087
0.024826878
0.024914169
0.024785212
0.024718858
0.024690941
0.024683858
0.024688754
0.024782347
0.024844483
0.024651462
0.024737764
0.024670004
0.024811305
0.025130939
0.024639015
0.024685420
0.024723181
0.024686462
0.024845993
0.024651827
0.024640109
0.024692765
0.024687452
0.024672191
0.024667505
0.024618338
0.024828337
0.024635420
0.024635004
0.024683702
0.024798597
0.024756619
0.024667244
0.024742295
0.024608546
0.024947711
0.024658910
0.024695160
0.024643597
0.024677035
0.024680994
0.024629118
0.024776723
0.024822712
0.024745994
0.024655525
0.024691671
0.024732713
0.024655733
0.024640109
0.024927867
0.024683285
0.024719171
0.024690994
0.024646150
0.024717400
0.024708598
0.024775160
0.024735525
0.024709847
0.024839379
0.024684014
0.024707608
0.024646410
0.024635994
0.024690681
0.025077346
0.024657504
0.024694848
0.024717556
0.024686774
0.024692295
0.024848076
0.024849430
0.024906722
0.024907035
0.024632140
0.024691983
0.024747556
0.024618077
0.024727088
0.024938545
0.024675421
0.024694223
0.024576775
0.024658546
0.024623494
0.024622139
0.024768806
0.024677816
0.024714483
0.024665004
0.024664900
0.024806618
0.024571828
0.024702713
0.024704743
0.024722765
0.024886045
0.024835160
0.024617608
0.024689744
0.024661983
0.024652817
0.024875056
0.024694170
0.024651879
0.024699796
0.024772451
0.024863233
0.024707660
0.024665629
0.024734223
0.024664952
0.024898909
0.024805160
0.024653389
0.024686150
0.024901826
0.024707088
0.024732764
0.024649796
0.024727556
0.024716098
0.024656150
0.024674274
0.024675941
0.024736931
0.024713701
0.024657400
0.024610004
0.024671619
0.024653702
0.024850629
0.024655264
0.024682556
0.024741514
0.024698962
0.024681879
0.024700941
0.024834222
0.024708546
0.024906045
0.024698598
0.024637712
0.024677035
0.024660213
0.024658130
0.024629536
0.024688910
0.024731462
0.024656983
0.024723806
0.024799118
0.024518755
0.024677400
0.024571515
0.024555265
0.024825316
0.024631984
0.024786358
0.024668025
0.025051774
0.024631254
0.024729275
0.024690160
0.024748389
0.024708962
0.024825056
0.024688129
0.024699639
0.024867295
0.024718962
0.024660212
0.024843441
0.024639119
0.024692400
0.024883493
0.024724587
0.024680577
0.024643389
0.024870941
0.024754326
0.024847712
0.024651775
0.024915420
0.024676202
0.024791045
0.024849639
0.024639848
0.024670786
0.024695942
0.024701670
0.024901357
0.024807608
0.024680056
0.024943336
0.024737503
0.024722400
0.024640057
0.024641254
0.024657556
0.024683754
0.024664691
0.024838545
0.024657452
0.024645264
0.024789483
0.024662192
0.024681827
0.024606411
0.024650421
0.024657400
0.024850004
0.024686879
0.024629848
0.024799171
0.024647035
0.024739900
0.024653338
0.024813702
0.024701098
0.024666619
0.024878858
0.024707712
0.024778233
0.024763546
0.024665421
0.024890680
0.024743650
0.024673077
0.024721254
0.024756514
0.024662713
0.024695109
0.024745264
0.024659431
0.024805004
0.024725837
0.024661619
0.024650733
0.024851462
0.024650265
0.024578546
0.024712921
0.024706098
0.024654744
0.024653650
0.024543286
0.024686775
0.024807972
0.024714223
0.024628286
0.024802764
0.024665733
0.024744327
0.024798232
0.024718442
0.024687712
0.024671307
0.024675109
0.024660317
0.024648494
0.024741410
0.024709118
0.024669535
0.024706671
0.024677921
0.024661879
0.024707868
0.024667869
0.024709379
0.024816722
0.024643337
0.024730994
0.024675525
0.024822556
0.024692400
0.024710525
0.024808337
0.024604900
0.024728702
0.024704015
0.024666202
0.024655057
0.024692192
0.024623807
0.024662296
0.024633337
0.024818441
0.024708806
0.024666931
0.024679275
0.024718650
0.024663285
0.024700421
0.024690890
0.024680057
0.024693129
0.024695785
0.024641098
0.024906878
0.024572974
0.024707817
0.024589796
0.024679015
0.024801723
0.024655733
0.024695629
0.024674275
0.024959274
0.024700004
0.024689744
0.024672556
0.024689691
0.024709431
0.024791930
0.024644119
0.024868702
0.024835524
0.024995107
0.024887972
0.024681566
0.024689483
0.024760889
0.024719587
0.024712191
0.024828597
0.024670785
0.024684848
0.024792087
0.024661619
0.024674639
0.024646671
0.024644276
0.024674952
0.024715837
0.024668441
0.024718025
0.024857034
0.024660785
0.024748545
0.024692869
0.024697452
0.024671046
0.024628910
0.024947711
0.024675213
0.024717557
0.024929066
0.024777139
0.024811774
0.024996461
0.024651983
0.024702921
