0.139577926
0.139684228
0.139640114
0.139423032
0.139490948
0.139424125
0.139536260
0.139562770
0.139577822
0.139485999
0.139473708
0.139712717
0.139450062
0.139427614
0.139873967
0.139535427
0.139465011
0.139669072
0.139472719
0.139550635
0.139617406
0.139670842
0.139517614
0.139353344
0.139679541
0.139416261
0.139492562
0.139562823
0.139449489
0.139412563
0.139570531
0.139639072
0.139531833
0.139391052
0.139796936
0.139446833
0.139491520
0.139512406
0.139645322
0.139645895
0.139531937
0.139315584
0.139430948
0.139386938
0.139715791
0.139423292
0.139523760
0.139801989
0.139416729
0.139445896
0.139765166
0.139637561
0.139590166
0.139462302
0.139520999
0.139475531
0.139524072
0.139700062
0.139406521
0.139530062
0.139678967
0.139402980
0.139433500
0.139622978
0.139573499
0.139441834
0.139496312
0.139671415
0.139489802
0.139434854
0.139394542
0.139503031
0.139482146
0.139724541
0.139570635
0.139541208
0.139487250
0.139646833
0.139714801
0.139437979
0.139693447
0.139443916
0.139492198
0.139606676
0.139476729
0.139483396
0.139751780
0.139647770
0.139481833
0.139462042
0.139814436
0.139464750
0.139505375
0.139627250
0.139566573
0.139483604
0.139699801
0.139443812
0.139660895
0.139795530
0.139643447
0.139441626
0.139630322
0.139724905
0.139591260
0.139502511
0.139553135
0.139508761
0.139654437
0.139404698
0.139657718
0.139423864
0.139654957
0.139675218
0.139490375
0.139465479
0.139664384
0.139433553
0.139470063
0.139583135
0.139530740
0.139421573
0.139530426
0.139894072
0.139480271
0.139683343
0.139372303
0.139612927
0.139500010
0.139610478
0.139717562
0.139416000
0.139608343
0.139676676
0.139445166
0.139508083
0.139678708
0.139469802
0.139691260
0.139755843
0.139562041
0.139402563
0.139403761
0.139824280
0.139493344
0.139422980
0.139652354
0.139459073
0.139501104
0.139533240
0.139603135
0.139609750
0.139553604
0.139744645
0.139457354
0.139558968
0.139768082
0.139423031
0.139702093
0.139699906
0.139505479
0.139415688
0.139560010
0.139513969
0.139657146
0.139395271
0.139600792
0.139437615
0.139522980
0.139635530
0.139471521
0.139530218
0.139741312
0.139437302
0.139671625
0.139540531
0.140606568
0.139639177
0.139496573
0.139420844
0.139528813
0.139412407
0.139646260
0.139460531
0.139453396
0.139434803
0.139647042
0.139525531
0.139413032
0.139669281
0.139624646
0.139548292
0.139560270
0.139443813
0.139388448
0.139692562
0.139425428
0.139427771
0.139524490
0.139649385
0.139456209
0.139431625
0.139426834
0.139654437
0.139440063
0.139618187
0.139419334
0.139521365
0.139430063
0.139475115
0.139400167
0.139642406
0.139712510
0.139394490
0.139440896
0.139545063
0.139650010
0.139498708
0.139733551
0.139517562
0.139398032
0.139403761
0.139728238
0.139422875
0.139447720
0.139414907
0.139405115
0.139449490
0.139684697
0.139537302
0.139452251
0.139651156
0.139695947
0.139447355
0.139642198
0.139505636
0.139477563
0.139409230
0.139536677
0.139358605
0.139389438
0.139420793
0.139857458
0.139496938
0.139466990
0.139636208
0.139520636
0.139441209
0.139762041
0.139390480
0.139614750
0.139495480
0.139582979
0.139403501
0.139669541
0.139880738
0.139503188
0.139448345
0.139616364
0.139435480
0.139407928
0.139555479
0.139510323
0.139444126
0.139535271
0.139676208
0.139364386
0.139528969
0.139672302
0.139407615
0.139515792
0.139557354
0.139567563
0.139387980
0.139461470
0.139618083
0.139508344
0.139402355
0.139603396
0.139646729
0.139531781
0.139721728
0.139508292
0.139411782
0.139605584
0.139419230
0.139438084
0.139455845
0.139587927
0.139430844
0.139501521
0.139629802
0.139530584
0.139473605
0.139883447
0.139461625
0.139582823
0.139449021
0.139693396
0.139459074
0.139444647
0.139411053
0.139705583
0.139636521
0.139578552
0.139448188
0.139553917
0.139592927
0.139617041
0.139438344
0.139574125
0.139691833
0.139508761
0.139503188
0.139750531
0.139375637
0.139421157
0.139555115
0.139394595
0.139605428
0.139749541
0.139670583
0.139443813
0.139483709
0.139594437
0.139376105
0.139662614
0.139618083
0.139438709
0.139397199
0.139440845
0.139554490
0.139642406
0.139403709
0.139708447
0.139510636
0.139471729
0.139542199
0.139510949
0.139563031
0.139444907
0.139436209
0.139475636
0.139521782
0.139642979
0.139471313
0.139505532
0.139558083
0.139401991
0.139393970
0.139817770
0.139457459
0.139824749
0.139422355
0.139695583
0.139693187
0.139545271
0.139402980
0.139484282
0.139646729
0.139592667
0.139495845
0.139507251
0.139491886
0.139659802
0.139670583
0.139519178
0.139867614
0.139435532
0.139459647
0.139566157
0.139533553
0.139435428
0.139485897
0.139409491
0.139507094
0.139593396
0.139634125
0.139557146
0.139537511
0.139596990
0.139526991
0.139504438
0.139542667
0.139533761
0.139446365
0.139591209
0.139676104
0.139456678
0.139430741
0.139562563
0.139620271
0.139479126
0.139592927
0.139571626
0.139462823
0.139362512
0.139693552
0.139529750
0.139513293
0.139661469
0.139415585
0.139504959
0.139623813
0.139665271
0.139424595
0.139480740
0.139699073
0.139462771
0.139427355
0.139616417
0.139515324
0.139510480
0.139638187
0.139485376
0.139445740
0.139476626
0.139437459
0.139641469
0.139441730
0.139635584
0.139366261
0.139448032
0.139645376
0.139515115
0.139498761
0.139646157
0.139699698
0.139524751
0.139506157
0.139626365
0.139622459
0.139502146
0.139602980
0.139419491
0.139587094
0.139598865
0.139455637
0.139557042
0.139506313
0.139596574
0.139406626
0.139419126
0.139594542
0.139409855
0.139533500
0.139644594
0.139536678
0.139405845
0.139638813
0.139419543
0.139526574
0.139400793
0.139674490
0.139536782
0.139492147
0.139614750
0.139375376
0.139439543
0.139750531
0.139484022
0.139496834
0.139496835
0.140030009
0.139500063
0.139415532
0.139475220
0.139510845
0.139575167
0.139646000
0.139476469
0.139512199
0.139502407
0.139668396
0.139490845
0.139665636
0.139735739
0.139428918
0.139510741
0.139682093
0.139491261
0.139414751
0.139464283
0.139904436
0.139523709
0.139461365
0.139683343
0.139548761
0.139512980
0.139632354
0.139436678
0.139435272
0.139584438
0.139465116
0.139641105
0.139481470
0.139579333
0.139438501
0.139445168
0.139487928
0.139416210
0.139411939
0.139796625
0.139575324
0.139482564
0.139411418
0.139656001
0.139480324
0.139581730
0.139709282
0.139441627
0.139716938
0.139592719
0.139446887
0.139512980
0.139502616
0.139455064
0.139456314
0.139536105
0.139670375
0.139632302
0.139654126
0.139626000
0.139531366
0.139554959
0.139659229
0.139504595
0.139553136
0.139588709
0.139705219
0.139448970
0.139494543
0.139789073
0.139425063
0.139658708
0.139596938
0.139414074
0.139434751
0.139422303
0.139625011
0.139346418
0.139395012
0.139777770
0.139519646
0.139491522
0.139651678
0.139498188
0.139737823
0.139559803
0.139457512
0.139544491
0.139711000
0.139748917
0.139492668
0.139669334
0.139526886
0.139411522
0.139456209
0.139777510
0.139513136
0.139687146
0.139449700
0.139635272
0.139483917
0.139375168
0.139652615
0.139460845
0.139524907
0.139583240
0.139433762
0.139732042
0.139529803
0.139765062
0.139649646
0.139474282
0.139835218
0.139487095
0.139487980
0.139716886
0.139539178
0.139730010
0.139593136
0.139483814
0.139361522
0.139422356
0.139633813
0.139654022
0.139504022
0.139644178
0.139417824
0.139641678
0.139786416
0.139443553
0.139483084
0.139594438
0.139693605
0.139499907
0.139472095
0.139502772
0.139520480
0.139525064
0.139614855
0.139469438
0.139416835
0.139545948
0.139688605
0.139432408
0.139465377
0.139895010
0.139448398
0.139511366
0.139605688
0.139676417
0.139369075
0.139516106
0.139435325
0.139484074
0.139388554
0.139667147
0.139419960
0.139524543
0.139398397
0.139411522
0.139419387
0.139684230
0.139679594
0.139467668
0.139656781
0.139662355
0.139422565
0.139453241
0.139778917
0.139474179
0.139418032
0.139618501
0.139578606
0.139657407
0.139414803
0.139872406
0.139494960
0.139373345
0.139609803
0.139431731
0.139451523
0.139670844
0.139417512
0.139393449
0.139678501
0.139723969
0.139467251
0.139460480
0.139702615
0.139504334
0.139496678
0.139704438
0.139683918
0.139527824
0.139641938
0.139585116
0.139496262
0.139518449
0.139642199
0.139538188
0.139611469
0.139671573
0.139432304
0.139552042
0.139778917
0.139544074
0.139466262
0.139563605
0.139645688
0.139602720
0.139477147
0.139904541
0.139477773
0.139664699
0.139794177
0.139519699
0.139489699
0.139391471
0.139674073
0.139359231
0.139440480
0.139611000
0.139463814
0.139677824
0.139600428
0.139433658
0.139600011
0.139592459
0.139399804
0.139505636
0.139438137
0.139721521
0.139427251
0.139631887
0.139627407
0.139640844
0.139468032
0.139573397
0.139446470
0.139590481
0.139627251
0.140351987
0.139434127
0.139642511
0.139612980
0.139412200
0.139399856
0.139817146
0.139509022
0.139443085
0.139469856
0.139702303
0.139513345
0.139442303
0.139657668
0.139490325
0.139517981
0.139795115
0.139489699
0.139481783
0.139683553
0.139644386
0.139432356
0.139493033
0.139623188
0.139509439
0.139417668
0.139592928
0.139568813
0.139628188
0.139615063
0.139502043
0.139469334
0.139662667
0.140226728
0.139464439
0.139558709
0.139829854
0.139437928
0.139481314
0.139582251
0.139512981
0.139476158
0.139587512
0.139678032
0.139647668
0.139636314
0.139565481
0.139500116
0.139562460
0.139587304
0.139526157
0.139634750
0.139451002
0.139666313
0.139638137
0.139520897
0.139475585
0.139446731
0.139757511
0.139561157
0.139416366
0.139456887
0.139401783
0.139672615
0.139449126
0.139390689
0.140296310
0.139424127
0.139633137
0.139674490
0.139672355
0.139690115
0.139486418
0.139457877
0.139465168
0.139442199
0.139649907
0.139448293
0.139511470
0.139629386
0.139654074
0.139449178
0.139626886
0.139432303
0.139805688
0.139416523
0.139796365
0.139588449
0.139403762
0.139445897
0.139415273
0.139574595
0.139649647
0.139472720
0.139533137
0.139600428
0.139800323
0.139554856
0.139398294
0.140319124
0.139531366
0.139534387
0.139648344
0.139363085
0.139484908
0.139501887
0.139471470
0.139636573
0.139485117
0.139665896
0.139629804
0.139709803
0.139654230
0.139386262
0.139479960
0.139590063
0.139484335
0.139430689
0.139424543
0.139602668
0.139545324
0.139426367
0.139606991
0.139588397
0.139596574
0.139650636
0.139603293
0.139497668
0.139705688
0.139662511
0.139439752
0.139426158
0.140129228
0.139503762
0.139650064
0.139560741
0.139780271
0.139372148
0.139440377
0.139634230
0.139444857
0.139396159
0.139645636
0.139545376
0.139717823
0.139665480
0.139718084
0.139553397
0.139641939
0.139678136
0.139420533
0.139349544
0.139619439
0.139435689
0.139434439
0.139552824
0.139547564
0.139508085
0.139620272
0.139551262
0.139511366
0.139445220
0.139755168
0.139527669
0.139505689
0.140362769
0.139670845
0.139571835
0.139774230
0.139407721
0.139423711
0.139482513
0.139861730
0.139392721
0.139630168
0.139809646
0.139550636
0.139600845
0.139606783
0.139468970
0.139481835
0.139616835
0.139456367
0.139660063
0.139626678
0.139633293
0.139482616
0.139535897
0.139965167
0.139424544
0.139432408
0.139786573
0.139482720
0.139374388
0.139455220
0.139677563
0.139460273
0.139452824
0.140206155
0.139479075
0.139500950
0.139660377
0.139444856
0.139629803
0.139462356
0.139712095
0.139418867
0.139426523
0.139650115
0.139483033
0.139638501
0.140029906
0.139605741
0.139451002
0.139847146
0.139440794
0.139619543
0.139454074
0.139728085
0.139499543
0.139487981
0.139676938
0.139483710
0.139666053
0.139559439
0.139432096
0.139423919
0.139778188
0.139808709
0.139467669
0.139394752
0.140143499
0.139368502
0.139482252
0.139511887
0.139431210
0.139558137
0.139404595
0.139682303
0.139481679
0.139663918
0.139656574
0.139682824
0.139565064
0.139548815
0.139456314
0.139495585
0.139403554
0.139590220
0.139417304
0.139469179
0.139665845
0.139439127
0.139701938
0.139726470
0.139465064
0.139543554
0.139698918
0.139517721
0.139539023
0.139720585
0.139669543
0.139541627
0.139455533
0.140074281
0.139455846
0.139816209
0.139592564
0.139437617
0.139399701
0.139549387
0.139616522
0.139661991
0.139467825
0.139773032
0.139420065
0.139476679
0.139641939
0.139451783
0.139597512
0.139401523
0.139445013
0.139391263
0.139393867
0.139675741
0.139403450
0.139498762
0.139600064
0.139474544
0.139417252
0.139611054
0.139463345
0.139681678
0.139410690
0.139653866
0.139373502
