0.145610773
0.140003502
0.140602979
0.140118814
0.140136106
0.140284699
0.140284335
0.140429803
0.140267772
0.140093658
0.140260480
0.140376469
0.140236835
0.140166731
0.140176001
0.140489906
0.140202772
0.140362876
0.141131935
0.140139127
0.140234959
0.140338605
0.140270793
0.140221939
0.140157512
0.140070845
0.140264543
0.140195533
0.140108710
0.140306366
0.140158762
0.140189491
0.140195949
0.140257460
0.140407251
0.140322824
0.140463709
0.140420688
0.140148346
0.140158137
0.140158346
0.140369334
0.140306366
0.140129596
0.140203710
0.140376105
0.140235376
0.140360012
0.140346782
0.140041002
0.140331627
0.140156626
0.140134856
0.140522928
0.140145117
0.140287200
0.140195221
0.140219491
0.140114388
0.140190325
0.140184961
0.140451105
0.140228866
0.140092408
0.140541313
0.140338502
0.140141575
0.140284439
0.140068554
0.140373658
0.140150585
0.140110481
0.140333971
0.140125064
0.140132305
0.140135533
0.140120429
0.140354283
0.140197929
0.140152773
0.140428397
0.140339960
0.140199960
0.140113138
0.140304023
0.140327252
0.140094857
0.140084023
0.140465168
0.140311627
0.140153085
0.140184231
0.140133919
0.140242669
0.140173450
0.140067826
0.140252200
0.140146732
0.140372512
0.140374856
0.140101523
0.140295949
0.140131575
0.140318762
0.140210377
0.140150742
0.140299387
0.140120013
0.140209075
0.140298867
0.140203763
0.140200586
0.140229804
0.140234075
0.140148971
0.140093763
0.140042878
0.140297981
0.140341314
0.140137304
0.140210481
0.140231054
0.140239805
0.140103346
0.140365741
0.140301575
0.140040638
0.140072357
0.140110534
0.140321315
0.140311315
0.140091003
0.140237253
0.140584803
0.140101836
0.140118086
0.140261158
0.140270637
0.140302305
0.140151523
0.140200378
0.140371939
0.140142721
0.140249127
0.140164545
0.140163763
0.140332409
0.140191680
0.140208502
0.140311628
0.140089284
0.140126160
0.140331679
0.140326523
0.140180899
0.140121367
0.140189961
0.140264597
0.140147252
0.140060587
0.140251107
0.140300117
0.140223659
0.140117878
0.140171159
0.140569387
0.140149180
0.140077670
0.140644126
0.140137305
0.140137097
0.140276471
0.140092045
0.140395586
0.140097097
0.140057045
0.140226628
0.140150430
0.140094493
0.140069962
0.140341367
0.140394596
0.140134909
0.140168139
0.140331627
0.140177097
0.140142253
0.140485794
0.140083087
0.140221784
0.140112045
0.140062045
0.140247513
0.140176524
0.140105431
0.140175222
0.140232670
0.140371627
0.140169962
0.140221315
0.140281159
0.140185170
0.140137306
0.140270377
0.140066473
0.140159545
0.140166055
0.140101420
0.140435429
0.140199233
0.140114233
0.140207358
0.140356367
0.140178868
0.140267774
0.140285691
0.140488763
0.140166576
0.140116681
0.140341368
0.140171472
0.140221733
0.140317930
0.140197931
0.140332357
0.140076108
0.140073921
0.140258191
0.140307982
0.140256836
0.140184858
0.140556210
0.140297462
0.140321003
0.140094337
0.140327513
0.140162930
0.140106837
0.140091577
0.140657564
0.140279024
0.140140952
0.140301003
0.140475951
0.140445534
0.140342461
0.140134963
0.140293347
0.140401003
0.140396315
0.140400587
0.140246472
0.140157774
0.140215431
0.140131733
0.140060483
0.140346941
0.140168712
0.140137619
0.140158243
0.140129546
0.140344180
0.140182306
0.140229962
0.140276004
0.140131629
0.140077983
0.140511367
0.140048869
0.140473502
0.140162775
0.140135275
0.140262618
0.140187879
0.140094962
0.140387670
0.140114077
0.140276629
0.140103088
0.140178140
0.140371368
0.140107098
0.140121785
0.140516837
0.140154807
0.140292305
0.140165483
0.140132046
0.140334649
0.140122775
0.140100380
0.140446576
0.140239077
0.140452513
0.140294910
0.140209077
0.140396368
0.140091681
0.140130535
0.140632774
0.140318296
0.140221993
0.140067098
0.140086005
0.140306420
0.140091005
0.140182827
0.140324754
0.140213296
0.140182931
0.140221890
0.140574909
0.140448087
0.140341993
0.140086369
0.140501888
0.140135119
0.140133036
0.140130796
0.140354077
0.140228713
0.140105900
0.140100015
0.140398556
0.140176577
0.140242202
0.140286733
0.140171994
0.140338764
0.140134858
0.140138193
0.140501368
0.140169338
0.140210744
0.140364076
0.140122411
0.140261630
0.140162046
0.140312462
0.140216213
0.140342671
0.140225015
0.140248557
0.140169702
0.140463608
0.140213869
0.140074338
0.140275640
0.140237202
0.140119286
0.140361004
0.140133245
0.140053245
0.140245223
0.140067880
0.140225588
0.140145432
0.140205172
0.140322046
0.140471368
0.140132775
0.140236785
0.140167254
0.140427358
0.140198036
0.140203765
0.140306317
0.140159703
0.140128557
0.140864908
0.140109182
0.140252515
0.140305587
0.140183036
0.140285119
0.140202463
0.140141578
0.140330483
0.140156005
0.140074131
0.140294651
0.140364963
0.140322463
0.140078296
0.140106683
0.140109651
0.140148609
0.140262098
0.140379911
0.140142516
0.140251995
0.140208765
0.140358817
0.140152776
0.140185015
0.140270797
0.140109078
0.140367358
0.140325067
0.140113818
0.140125902
0.141120169
0.140100172
0.140437671
0.140188765
0.140139703
0.140228505
0.140343713
0.140096995
0.140328817
0.140172828
0.140462775
0.140179495
0.140258870
0.140369546
0.140073818
0.140052777
0.140308817
0.140081579
0.140149859
0.140148870
0.140196370
0.140284755
0.140334599
0.140085849
0.140286473
0.140122829
0.140232047
0.140194391
0.140330536
0.140359546
0.140335171
0.140348140
0.141125273
0.140142828
0.140261005
0.140238661
0.140118141
0.140318662
0.140123350
0.140178349
0.140318348
0.140072620
0.140136839
0.140123193
0.140444650
0.140472358
0.140159808
0.140170849
0.140268505
0.140132620
0.140375640
0.140710014
0.140101474
0.140120485
0.140107933
0.140211682
0.140340380
0.140172048
0.140305016
0.140396838
0.140518661
0.140191474
0.140143923
0.140127464
0.141054961
0.140136162
0.140088454
0.140346422
0.140466421
0.140120225
0.140136839
0.140226891
0.140215120
0.140158141
0.140147412
0.140475952
0.140168297
0.140165485
0.140205901
0.140246214
0.140453244
0.140125329
0.140202985
0.140340901
0.140143037
0.140142100
0.140061267
0.140102308
0.140217881
0.140144964
0.140101839
0.140243766
0.140068715
0.140080485
0.140289651
0.140087204
0.140906524
0.140037048
0.140457984
0.140504807
0.140121788
0.140097100
0.140273089
0.140164964
0.140251318
0.140116058
0.140349287
0.140254651
0.140336214
0.140164339
0.140147100
0.140072986
0.140373349
0.140363714
0.140106215
0.140540015
0.140093246
0.140103194
0.140179704
0.140470536
0.140311683
0.140140745
0.140118350
0.140234183
0.140041371
0.140132152
0.140656525
0.140166527
0.141093242
0.140216683
0.140131527
0.140384131
0.140150693
0.140145642
0.140258246
0.140163819
0.140518245
0.140164652
0.140387516
0.140318662
0.140215693
0.140144600
0.140356630
0.140311578
0.140520172
0.140101683
0.140070642
0.140432724
0.140172309
0.140098975
0.140139340
0.140116475
0.140375849
0.140163402
0.140272621
0.140284600
0.140246371
0.140321475
0.140113402
0.140234548
0.140462776
0.140107153
0.140270277
0.140554286
0.140191579
0.140108038
0.140465954
0.140225173
0.140390120
0.140118871
0.140103454
0.140396110
0.140171475
0.140117621
0.140476266
0.140278558
0.140420380
0.140108611
0.140121579
0.140454234
0.140053767
0.140103611
0.140643765
0.140364600
0.140437360
0.140161632
0.140166891
0.140368349
0.140269965
0.140106997
0.140452777
0.140253298
0.140249444
0.140113767
0.140180538
0.140352100
0.140116528
0.140077778
0.140270746
0.140185069
0.140171788
0.140336370
0.140245954
0.140305745
0.140233975
0.140187152
0.140493922
0.140424547
0.140100226
0.140164913
0.140255486
0.140445329
0.140115851
0.140156632
0.140368610
0.140076996
0.140056371
0.140336214
0.140108091
0.140272152
0.140071372
0.140111371
0.140301892
0.140316110
0.140121684
0.140225069
0.140303611
0.140146789
0.140135695
0.140160539
0.140452464
0.140269288
0.140315381
0.140316683
0.140131111
0.140107414
0.140122518
0.140085799
0.140292621
0.140206840
0.140240226
0.140266319
0.140163611
0.140100590
0.140336891
0.140145382
0.140375434
0.140285381
0.140174914
0.140368038
0.140201267
0.140406527
0.140110382
0.140127153
0.140207361
0.140094914
0.140183715
0.140534912
0.140101580
0.140317309
0.140102153
0.140154705
0.140567047
0.140158246
0.140217153
0.140357726
0.140090278
0.140198559
0.140095539
0.140097362
0.140335954
0.140260226
0.140178820
0.140293454
0.140202049
0.140145226
0.140148872
0.140116476
0.140309080
0.140047518
0.140180591
0.140306996
0.140053351
0.140246892
0.140229757
0.140125591
0.140230799
0.140196632
0.140120174
0.140502933
0.140302674
0.140514704
0.140087362
0.140136216
0.140537517
0.140343506
0.140171685
0.140345173
0.140087258
0.140130747
0.140260486
0.140115070
0.140287830
0.140115643
0.140076424
0.140312517
0.140170747
0.140126476
0.140134133
0.140088455
0.140414132
0.140111998
0.140123455
0.140361684
0.140398975
0.140140643
0.140135175
0.140090435
0.140266007
0.140104550
0.140253716
0.140301632
0.140036894
0.140096945
0.140090956
0.140156945
0.140410955
0.140143143
0.140123872
0.140309705
0.140140487
0.140298508
0.140143455
0.140349184
0.140424548
0.140215904
0.140112154
0.140315382
0.140312466
0.140292153
0.140092831
0.140087674
0.140352049
0.140135695
0.140368143
0.140295226
0.140331163
0.140179445
0.140187518
0.140132830
0.140382153
0.140302830
0.140142414
0.140298403
0.140301841
0.140096841
0.140077883
0.140172987
0.140609652
0.140126060
0.140196060
0.140247622
0.140086425
0.140074081
0.140390538
0.140154966
0.140201164
0.140165018
0.140364236
0.140323663
0.140200799
0.140129394
0.140238612
0.140094394
0.140213508
0.140079498
0.140267622
0.140588558
0.140179080
0.140102883
0.140215799
0.140134081
0.140376788
0.140163299
0.140053143
0.140245644
0.140181841
0.140160956
0.140179653
0.140204497
0.140422101
0.140106946
0.140353663
0.140329132
0.140156841
0.140109394
0.140606371
0.140168352
0.140196685
0.140138821
0.140243872
0.140217831
0.140453819
0.140109602
0.140244862
0.140120019
0.140106946
0.140152311
0.140298248
0.140281684
0.140209602
0.140273664
0.140389445
0.140102154
0.140057675
0.140165591
0.140434653
0.140244967
0.140076217
0.140236685
0.140275747
0.140311476
0.140066999
0.140240487
0.140224966
0.140277883
0.140081269
0.140317570
0.140386372
0.140136530
0.140119914
0.140406007
0.140115853
0.140266946
0.140091269
0.140069238
0.140214914
0.140166842
0.140082102
0.140097467
0.140218248
0.140350382
0.140233196
0.140140696
0.140325591
0.140141737
0.140364654
0.140802100
0.140408977
0.140325383
0.140198299
0.140328300
0.140304602
0.140152675
0.140169290
0.140324654
0.140389289
0.140121685
0.140099602
0.140109186
0.140441372
0.140111164
0.140251789
0.140432570
0.140159393
0.140305799
0.140095436
0.140385435
0.140258924
0.140166321
0.140178196
0.140323925
0.140161582
0.140123196
0.140125175
0.140137259
0.140622569
0.140152779
0.140046165
0.141094339
0.140140801
0.140090124
0.140150123
0.140326633
0.140265019
0.140121738
0.140045279
0.140300227
0.140107520
0.140088457
0.140502883
0.140172102
0.140404237
0.140068926
0.140148405
0.140473664
0.140201530
0.140128197
0.140203405
0.140232623
0.140277935
0.140135123
0.140128300
0.140393195
0.140156738
0.140157832
0.140466997
0.140216634
0.140425904
0.140327050
0.140050645
0.141127984
0.140074290
0.140119811
0.140110905
0.140197259
0.140364967
0.140142571
0.140274394
0.140259289
0.140125957
0.140157155
0.140428924
0.140111322
0.140448195
0.140138978
0.140097051
0.140391165
0.140268300
0.140322102
0.140109290
0.140388664
0.140518976
0.140103145
0.140386686
0.140292207
0.140203456
0.140100332
0.140090801
0.140122311
0.140359966
0.140128144
0.140230592
0.141119808
0.140146061
0.140111477
0.140375539
0.140322414
0.140344081
0.140140645
0.140170280
0.140320384
0.140213352
0.140324915
0.140150957
0.140109394
0.140322050
0.140026843
0.140097780
0.140469185
0.140221998
0.140146843
0.140196894
0.140280123
0.140324550
0.140075905
0.140201895
0.140322728
0.140219134
0.140153353
0.140260228
0.140089291
0.140484498
0.140115280
0.140398040
0.141104808
0.140094708
0.140152623
0.140676581
0.140216113
0.140238717
0.140139863
0.140052780
0.140389758
0.140388977
0.140114186
0.140216738
0.140157312
0.140280124
0.140102364
0.140179759
0.140343561
0.140122936
0.140278145
0.140423457
0.140098510
0.140075176
0.140271114
0.140145228
