0.010068084
0.006837211
0.006898931
0.006959867
0.006951482
0.006821691
0.006832160
0.006865180
0.006866378
0.006868930
0.006920023
0.007008148
0.006921638
0.006822264
0.006888357
0.006885545
0.006874867
0.006923410
0.006824035
0.006874764
0.007063149
0.006948774
0.006943305
0.006938305
0.006851638
0.006866587
0.006796170
0.006800910
0.006925232
0.006774399
0.006938253
0.006786535
0.006752524
0.006770494
0.006876795
0.006936117
0.006974138
0.006896326
0.006932211
0.006869451
0.006740285
0.006976638
0.006919242
0.006834139
0.006938878
0.006872212
0.006972993
0.006786639
0.006824608
0.006825285
0.006968982
0.006901586
0.006878202
0.004725033
0.006909555
0.006884347
0.006834086
0.006870545
0.006846222
0.006923253
0.006821691
0.006821535
0.007015805
0.006854973
0.006861847
0.007037002
0.006784451
0.006867264
0.006913410
0.006801014
0.006897003
0.006762733
0.006805181
0.006838410
0.006816274
0.006843098
0.006840441
0.006851535
0.006942055
0.006848514
0.006993149
0.006795858
0.006947264
0.007074398
0.006934086
0.006828045
0.006733775
0.006835180
0.006872993
0.006987211
0.006888513
0.006851847
0.006921482
0.006963722
0.006979190
0.006850285
0.006838410
0.006805337
0.006924294
0.006803410
0.006968670
0.006817837
0.006996691
0.006832577
0.006819868
0.006982107
0.006894711
0.006977524
0.006874034
0.006839920
0.006850597
0.006765910
0.006902211
0.006961222
0.006977159
0.006873878
0.006948669
0.006929399
0.006909034
0.006929764
0.006772003
0.006835441
0.006838358
0.006948514
0.006760337
0.006887003
0.006996638
0.006853097
0.006823878
0.006960440
0.006853202
0.006871691
0.006799921
0.006833045
0.007012524
0.006973149
0.006908982
0.007067211
0.006953617
0.006869868
0.007026273
0.007057784
0.006821118
0.007005493
0.006930597
0.006830597
0.006937993
0.006880284
0.006969972
0.006931014
0.006827056
0.006894399
0.007001638
0.006879399
0.006927367
0.006971378
0.006919712
0.006819972
0.006956586
0.006952576
0.006809035
0.006903878
0.006909608
0.006854139
0.006895025
0.006871275
0.006870389
0.006823150
0.006866170
0.006802264
0.006929868
0.006888045
0.006827681
0.007031430
0.007005336
0.006835337
0.006961430
0.006889139
0.006836587
0.006839503
0.006869400
0.006864659
0.006900909
0.006886379
0.006786066
0.006967577
0.006974295
0.006814191
0.006844347
0.006897941
0.006849973
0.006801327
0.006945284
0.006876170
0.007029867
0.006879191
0.006968930
0.006982471
0.006766952
0.006810024
0.006816847
0.006804087
0.006880493
0.007008826
0.006896795
0.006886066
0.006724192
0.006823045
0.006799035
0.006882316
0.006900805
0.006873202
0.006855858
0.006940232
0.006944763
0.007121378
0.006951274
0.006790025
0.006821327
0.006798202
0.006769192
0.007014867
0.007052732
0.006879869
0.006796171
0.007013826
0.006972003
0.006785285
0.006933983
0.006858305
0.007043669
0.007023096
0.006906066
0.007009347
0.006900545
0.006918410
0.006961638
0.006881222
0.006997368
0.006873514
0.006952160
0.006868202
0.006776691
0.006985128
0.006861482
0.006799764
0.006982368
0.006886639
0.006917785
0.006894660
0.006920336
0.006920077
0.007011430
0.006829087
0.007055544
0.006894764
0.006847160
0.006997368
0.006924399
0.006806327
0.006945076
0.006962160
0.006952889
0.006993096
0.006944139
0.006818098
0.006809973
0.007011847
0.006985754
0.006768463
0.006938097
0.006842681
0.006817785
0.006819244
0.006988878
0.007023930
0.006786171
0.006855441
0.006974400
0.006918826
0.006947733
0.006886535
0.007029503
0.006862837
0.006808879
0.006792316
0.006987993
0.006924712
0.006814244
0.006884607
0.006830858
0.006892680
0.006963930
0.007051743
0.006868722
0.006874504
0.006932785
0.006971222
0.006838045
0.006956066
0.006891275
0.006796067
0.006932003
0.006857629
0.006788775
0.006804765
0.006793045
0.006844868
0.006861847
0.006874816
0.006788671
0.007014086
0.006856014
0.006851170
0.006895389
0.006743619
0.006793045
0.006786327
0.006890545
0.006839816
0.006801170
0.006744191
0.006819869
0.006792681
0.006813202
0.006855025
0.006818931
0.007033930
0.006982629
0.006885962
0.006970649
0.006853983
0.006896014
0.006792576
0.006787837
0.007085649
0.006855389
0.006840077
0.006973150
0.006801327
0.006961951
0.006995128
0.006884192
0.006829765
0.006775441
0.006873723
0.006768046
0.006823098
0.006879243
0.006908722
0.007066899
0.006985649
0.006834660
0.007069972
0.006905441
0.006851066
0.006785807
0.006923149
0.006936066
0.006901639
0.006972263
0.006794452
0.006873150
0.006854347
0.006986534
0.006922993
0.006820441
0.006839556
0.006909087
0.006824660
0.006786379
0.006841691
0.006781640
0.006834400
0.006943045
0.007044087
0.006973826
0.006890285
0.006913409
0.006798202
0.006961066
0.006861170
0.006909868
0.006922888
0.006775806
0.006835390
0.006852681
0.006838515
0.006930650
0.006866639
0.006864608
0.006817108
0.006898150
0.006977472
0.006976535
0.006934869
0.006798567
0.006861795
0.007028982
0.006927369
0.006891014
0.006921952
0.006923670
0.006851483
0.006880181
0.006911326
0.006852004
0.006797056
0.006815650
0.006885337
0.006850337
0.006972004
0.006905493
0.006785754
0.007002889
0.006816795
0.006945650
0.006895077
0.006825286
0.006948409
0.007053358
0.006862264
0.006853411
0.006929503
0.007010909
0.006899764
0.006927264
0.006859712
0.007018878
0.006863566
0.006992160
0.006878358
0.006948410
0.006817941
0.006983618
0.006864765
0.006849816
0.007095023
0.006915337
0.006817629
0.006930232
0.006877264
0.006819869
0.006930077
0.006900806
0.006869608
0.006967368
0.006951587
0.006923410
0.006951066
0.006819036
0.006837317
0.006975701
0.006849296
0.006850233
0.006898983
0.006871171
0.006878254
0.006800650
0.007051169
0.006912733
0.006952837
0.006896118
0.006832264
0.006896274
0.006860338
0.006937889
0.006936067
0.006967369
0.006869556
0.006940806
0.006904556
0.006859347
0.006774296
0.006884660
0.006907160
0.006938462
0.006997212
0.006904556
0.006895857
0.006925442
0.006849348
0.006978254
0.006935753
0.006892941
0.007032212
0.006943878
0.006835910
0.006804712
0.006761327
0.006789296
0.007039191
0.006811223
0.006837629
0.006957472
0.007102471
0.006788984
0.007003982
0.006787630
0.006812004
0.006918410
0.006917629
0.006917421
0.006938045
0.007014087
0.006823150
0.006790546
0.006966743
0.006897473
0.006869920
0.007066117
0.006828619
0.006833462
0.006935858
0.006894452
0.006869399
0.006908670
0.006845650
0.006967889
0.006849347
0.007022315
0.007073097
0.006914035
0.006842525
0.007005857
0.006814973
0.006818567
0.006733047
0.006919504
0.006856275
0.006976535
0.007048983
0.006902993
0.006972629
0.006997993
0.006830962
0.006997681
0.006786067
0.006798984
0.006856431
0.006840649
0.006828567
0.006909451
0.006848410
0.006867213
0.006909712
0.006911379
0.006854400
0.006987993
0.006958931
0.006894764
0.006934244
0.006796119
0.006863150
0.006947003
0.006920441
0.006991795
0.006823411
0.007056690
0.006843567
0.006882525
0.006772629
0.006784192
0.006804556
0.006762317
0.006855754
0.006866327
0.007056430
0.006967941
0.006958566
0.006839816
0.006819765
0.006925858
0.006934243
0.006858670
0.007037003
0.006937889
0.006850545
0.006810703
0.006883410
0.007050024
0.006761640
0.006885963
0.006796223
0.006817108
0.006847161
0.006886535
0.006764713
0.006902108
0.006864087
0.006812785
0.006792057
0.006926692
0.006897161
0.006788359
0.006852004
0.006806743
0.006919452
0.007056014
0.006954660
0.006990441
0.006844400
0.006876483
0.006956691
0.006928306
0.006869400
0.006929243
0.006830025
0.007040754
0.006950702
0.006821743
0.006956223
0.006808932
0.006824505
0.007065128
0.006822838
0.006851327
0.007075753
0.006927681
0.006848566
0.006955441
0.006825494
0.006920077
0.006810807
0.006783306
0.006848462
0.006947941
0.006959608
0.006761275
0.006908723
0.006746744
0.006856171
0.006906327
0.006902733
0.006784921
0.007044243
0.006914504
0.006868723
0.007024243
0.006992055
0.006960337
0.006808046
0.006905650
0.006777890
0.006932003
0.007109242
0.007107263
0.006914087
0.006781536
0.006848202
0.006800442
0.006895181
0.007008202
0.006816223
0.006882941
0.006836639
0.006962524
0.006940025
0.006819609
0.007033566
0.006789557
0.006878150
0.006881327
0.006973254
0.007009295
0.006855702
0.006848619
0.006840390
0.006772578
0.006837681
0.006930910
0.007016170
0.006893306
0.006860754
0.006911275
0.006787369
0.006907212
0.006878567
0.006900493
0.006850233
0.006912733
0.006935858
0.006895025
0.007080388
0.006764765
0.006872369
0.006879504
0.006909817
0.006940129
0.006835337
0.006921952
0.006875649
0.006902889
0.006967004
0.006910182
0.006898410
0.006953514
0.006823411
0.006809765
0.006911952
0.006802890
0.006998097
0.006817681
0.006867473
0.006783150
0.006807994
0.006985806
0.006928045
0.006974555
0.006869452
0.006804817
0.006977160
0.007083722
0.006973410
0.006860702
0.006834348
0.006955806
0.006784608
0.006848775
0.007047680
0.006985129
0.006823410
0.007111431
0.006824661
0.006833359
0.006955181
0.006959503
0.006919608
0.006974712
0.006758932
0.007046483
0.006819349
0.006991743
0.006843775
0.006858202
0.006795755
0.006847369
0.006967212
0.006807057
0.006832160
0.006917629
0.006875286
0.006937420
0.006849921
0.006934296
0.006857056
0.006778255
0.006887004
0.006909087
0.006914712
0.006820130
0.006831692
0.006977576
0.006822421
0.007041587
0.006964920
0.006932004
0.006817682
0.007053514
0.006837265
0.006950024
0.006988462
0.006915182
0.006871431
0.006846275
0.006894348
0.006894035
0.006884661
0.006935077
0.006895858
0.007020754
0.006953775
0.006967317
0.006928619
0.006804505
0.006844557
0.006899347
0.006837160
0.006920182
0.006923722
0.006914452
0.006814713
0.007049243
0.006822734
0.006938879
0.006941795
0.006853671
0.006844191
0.006796796
0.006925910
0.006862212
0.006810547
0.006818046
0.006870859
0.007051118
0.006957525
0.006818098
0.007083514
0.007098722
0.006816014
0.006812525
0.006835598
0.006870962
0.006977786
0.006882890
0.006887212
0.006997941
0.006877733
0.006829921
0.006794036
0.006856275
0.006827161
0.006921275
0.006811328
0.006952786
0.006792681
0.006892838
0.006877317
0.006796640
0.006824817
0.006954869
0.006962108
0.006911692
0.006820130
0.006865806
0.006955598
0.006968879
0.006930598
0.006821536
0.006879921
0.006905337
0.006846171
0.006862629
0.006785390
0.006825129
0.006817421
0.006840650
0.006992212
0.007031691
0.006868411
0.006800806
0.006876119
0.006964087
0.006813150
0.007017108
0.006893879
0.006879661
0.006847785
0.006983566
0.006842785
0.006869713
0.006915129
0.006898202
0.006837161
0.006785911
0.007037264
0.006922577
0.007027577
0.006904191
0.006849505
0.006930858
0.006979972
0.006969399
0.006896014
0.006815910
0.006809661
0.007033983
0.006939869
0.006927473
0.007062264
0.006948150
0.006886171
0.007040077
0.006877994
0.006986431
0.006810390
0.006742525
0.006822838
0.006988045
0.007011066
0.006860807
0.006982420
0.006935858
0.006831327
0.007118930
0.007002264
0.006859191
0.006959868
0.006955025
0.006813671
0.006895337
0.006849713
0.006945910
0.006989348
0.006818098
0.006810233
0.006825911
0.006947889
0.006892160
0.006894869
0.006792369
0.006892838
0.007065962
0.006943306
0.006822734
0.006995702
0.006935754
0.006837526
0.006930181
0.007039816
0.006876692
0.006915702
0.006817109
0.006807942
0.007020181
0.006905025
0.006951431
0.006951431
0.006827213
0.006836640
0.007036640
0.006863046
0.006920181
0.006960181
0.006999713
0.006855703
0.006948879
0.006822161
0.006752578
0.006903359
0.006862056
0.006853880
0.006762629
0.006983671
0.006900442
0.006990806
0.006931900
0.006865963
0.006764245
0.006906379
0.006794765
0.007165962
0.006935285
0.006866432
0.006969087
0.006949972
0.006923045
0.006955649
0.006869921
0.006853202
0.007080598
0.006893046
0.006885077
0.006944088
0.006950702
0.006849140
0.006914036
0.006961327
0.006893932
0.007024296
0.006869556
0.006840807
0.006935442
0.006845702
0.006804973
0.006902941
0.006982577
0.006889296
0.006905130
0.006832994
0.006786484
0.007002525
0.006930598
0.006851432
0.006967993
0.006989869
0.006947525
0.006920077
0.006950390
0.006857994
0.006860130
0.006965963
0.006751067
0.006953098
0.006962056
0.006791432
0.006817733
0.006846067
0.006747370
0.006871952
0.006934556
0.006852577
0.006829765
0.006814869
0.006825650
0.006814192
0.006872005
0.006832630
0.006849505
0.006838828
