0.006352682
0.006225599
0.006190339
0.006218151
0.006257213
0.006278203
0.006178568
0.006193100
0.006240651
0.006181381
0.006236693
0.006375025
0.006173203
0.006347370
0.006295234
0.006233047
0.006635076
0.006146016
0.006240860
0.006216641
0.006291849
0.006361796
0.006262422
0.006285287
0.006301015
0.006206797
0.006202787
0.006284922
0.006346015
0.006219713
0.006208620
0.006348099
0.006359974
0.006423775
0.006205235
0.006217422
0.006230807
0.006179246
0.006334348
0.006231693
0.006221954
0.006188308
0.006248515
0.006186381
0.006193411
0.006256224
0.006517421
0.006285078
0.006158724
0.006188464
0.006233151
0.006253307
0.006246797
0.006272787
0.006239349
0.006226953
0.006186954
0.006341744
0.006236380
0.006328047
0.006446275
0.006368671
0.006206693
0.006147630
0.006239140
0.006335287
0.006244349
0.006299922
0.006162214
0.006342578
0.006422734
0.006218881
0.006222474
0.006180443
0.006286797
0.006283776
0.006248412
0.006236485
0.006350650
0.006300286
0.006436119
0.006330859
0.006228932
0.006205339
0.006259974
0.006251276
0.006318515
0.006304714
0.006212422
0.006452422
0.006323307
0.006270078
0.006282057
0.006195599
0.006225600
0.006471953
0.006216641
0.006415650
0.006404244
0.006200443
0.006263411
0.006163100
0.006380338
0.006370026
0.006189922
0.006452837
0.006255495
0.006221797
0.006338047
0.006445650
0.006283724
0.006192058
0.006226849
0.006399036
0.006229297
0.006338463
0.006405286
0.006261277
0.006218464
0.006213463
0.006354870
0.006173412
0.006288047
0.006241797
0.006229401
0.006146745
0.006239088
0.006409557
0.006207943
0.006287422
0.006290130
0.006372682
0.006228047
0.006235286
0.006493411
0.006205339
0.006206745
0.006194089
0.006177214
0.006263151
0.006227839
0.006314192
0.006154298
0.006298880
0.006241485
0.006216537
0.006416276
0.006327318
0.006336120
0.006185339
0.006301328
0.006256954
0.006384973
0.006199662
0.006227838
0.006415546
0.006237786
0.006377578
0.006342474
0.006217578
0.006356067
0.006231432
0.006199923
0.006227058
0.006179349
0.006219453
0.006351328
0.006297265
0.006219454
0.006245287
0.006421275
0.006232839
0.006233776
0.006211901
0.006187318
0.006269765
0.006417473
0.006228516
0.006184194
0.006223152
0.006299401
0.006214610
0.006432525
0.006238412
0.006159558
0.006359609
0.006386901
0.006393827
0.006312630
0.006240808
0.006277422
0.006340130
0.006358463
0.006213151
0.006302838
0.006315443
0.006350077
0.006217995
0.006233620
0.006309557
0.006267058
0.006187787
0.006164194
0.006443672
0.006209297
0.006367161
0.006336484
0.006229818
0.006186641
0.006328203
0.006437057
0.006241329
0.006219089
0.006207527
0.006165079
0.006431744
0.006161120
0.006229453
0.006223828
0.006215391
0.006351276
0.006369765
0.006197787
0.006361745
0.006201537
0.006250755
0.006277058
0.006151537
0.006189349
0.006437994
0.006287578
0.006224297
0.006310391
0.006188099
0.006413358
0.006267995
0.006297943
0.006237526
0.006296641
0.006467473
0.006238463
0.006241432
0.006214141
0.006235078
0.006227578
0.006197631
0.006195235
0.006205182
0.006221172
0.006222995
0.006221016
0.006209974
0.006376536
0.006157787
0.006193516
0.006197579
0.006357890
0.006201016
0.006388463
0.006177527
0.006322838
0.006339818
0.006217162
0.006377473
0.006370443
0.006174714
0.006210391
0.006316224
0.006242735
0.006318776
0.006442369
0.006184141
0.006205599
0.006262995
0.006219453
0.006237318
0.006259505
0.006188464
0.006337891
0.006239818
0.006320911
0.006258516
0.006358255
0.006302318
0.006207006
0.006202370
0.006405130
0.006162474
0.006280547
0.006317787
0.006339348
0.006322474
0.006237214
0.006338828
0.006220547
0.006250860
0.006338150
0.006264974
0.006192735
0.006191849
0.006443203
0.006235443
0.006155912
0.006354452
0.006345963
0.006211120
0.006208308
0.006226381
0.006407421
0.006267266
0.006183829
0.006217787
0.006339766
0.006246589
0.006229506
0.006297005
0.006278933
0.006438567
0.006205443
0.006240495
0.006228568
0.006229766
0.006279505
0.006539505
0.006141642
0.006360911
0.006239193
0.006191120
0.006330182
0.006210964
0.006362630
0.006211120
0.006243360
0.006328360
0.006423463
0.006419870
0.006214662
0.006310703
0.006241745
0.006403098
0.006180391
0.006215860
0.006224922
0.006262890
0.006240287
0.006353672
0.006341172
0.006334869
0.006196225
0.006254661
0.006236224
0.006388203
0.006109194
0.006217422
0.006318412
0.006227891
0.006288620
0.006214662
0.006232631
0.006318047
0.006201589
0.006288255
0.006226380
0.006275339
0.006385078
0.006207006
0.006272995
0.006255599
0.006257578
0.006437786
0.006251849
0.006332995
0.006355912
0.006318047
0.006252057
0.006267890
0.006313828
0.006164975
0.006268203
0.006449245
0.006250391
0.006247422
0.006344349
0.006203464
0.006317005
0.006276641
0.006252682
0.006193881
0.006172735
0.006365078
0.006245026
0.006273620
0.006214974
0.006213620
0.006336537
0.006440911
0.006393515
0.006244974
0.006321172
0.006225651
0.006317682
0.006232683
0.006371953
0.006320078
0.006243672
0.006437474
0.006304713
0.006203985
0.006171328
0.006232787
0.006437265
0.006234609
0.006222162
0.006324714
0.006327630
0.006192058
0.006216328
0.006210339
0.006239193
0.006308255
0.006170756
0.006292839
0.006275078
0.006269088
0.006409869
0.006201537
0.006237110
0.006273359
0.006361067
0.006303099
0.006213412
0.006191433
0.006204193
0.006303047
0.006179610
0.006165027
0.006248099
0.006180964
0.006274870
0.006322943
0.006219662
0.006219922
0.006244036
0.006210912
0.006241953
0.006240547
0.006195287
0.006161224
0.006249765
0.006256328
0.006248516
0.006361692
0.006317474
0.006210495
0.006190182
0.006229766
0.006342526
0.006350964
0.006190391
0.006225651
0.006190391
0.006163985
0.006243152
0.006231850
0.006344088
0.006167735
0.006308620
0.006181224
0.006232266
0.006248256
0.006191953
0.006323308
0.006199922
0.006316328
0.006232006
0.006243933
0.006290339
0.006313412
0.006261432
0.006418254
0.006209714
0.006157006
0.006252370
0.006416848
0.006345703
0.006217683
0.006451848
0.006282526
0.006277318
0.006245079
0.006243308
0.006300286
0.006224557
0.006217110
0.006282213
0.006172944
0.006191016
0.006240287
0.006188047
0.006226329
0.006194453
0.006465858
0.006188829
0.006352110
0.006194714
0.006369505
0.006225808
0.006197996
0.006185756
0.006188932
0.006320078
0.006274193
0.006205860
0.006412474
0.006210496
0.006271901
0.006315026
0.006219610
0.006201485
0.006363828
0.006197318
0.006294922
0.006284402
0.006227683
0.006255911
0.006251484
0.006384713
0.006214818
0.006200912
0.006230495
0.006356223
0.006280756
0.006267214
0.006257110
0.006249349
0.006190339
0.006211746
0.006332838
0.006301745
0.006292422
0.006307839
0.006253099
0.006278411
0.006259193
0.006272786
0.006385026
0.006276589
0.006220860
0.006271902
0.006357526
0.006152996
0.006232839
0.006283307
0.006261172
0.006194453
0.006179245
0.006383254
0.006194714
0.006395807
0.006255964
0.006350599
0.006221432
0.006340078
0.006188256
0.006277682
0.006460911
0.006183985
0.006190651
0.006322422
0.006512630
0.006324037
0.006185599
0.006241068
0.006203568
0.006370286
0.006299193
0.006191901
0.006255495
0.006232109
0.006232474
0.006193204
0.006247423
0.006231485
0.006286849
0.006224089
0.006437630
0.006167423
0.006306797
0.006220026
0.006243256
0.006214713
0.006249662
0.006234453
0.006254193
0.006373516
0.006202371
0.006300495
0.006404036
0.006193672
0.006369818
0.006246589
0.006177058
0.006184610
0.006214037
0.006315235
0.006345078
0.006241849
0.006237578
0.006285599
0.006261328
0.006359921
0.006457578
0.006232370
0.006397473
0.006167631
0.006436692
0.006423724
0.006343203
0.006145183
0.006288516
0.006191381
0.006237682
0.006365495
0.006257005
0.006203569
0.006428879
0.006172787
0.006210756
0.006230286
0.006163673
0.006222057
0.006268411
0.006190079
0.006214923
0.006221120
0.006160443
0.006392578
0.006364714
0.006291641
0.006224818
0.006253985
0.006360703
0.006292318
0.006247058
0.006226954
0.006217370
0.006240859
0.006314558
0.006374609
0.006179974
0.006297891
0.006240911
0.006312787
0.006292162
0.006272891
0.006332839
0.006297942
0.006536223
0.006373672
0.006405963
0.006218724
0.006198360
0.006341380
0.006257318
0.006338672
0.006174193
0.006234975
0.006352787
0.006325390
0.006206850
0.006231016
0.006243829
0.006132163
0.006236901
0.006157943
0.006185183
0.006400599
0.006323984
0.006239401
0.006364505
0.006208673
0.006265651
0.006170078
0.006326797
0.006306692
0.006230339
0.006273360
0.006226745
0.006230547
0.006158880
0.006362838
0.006235443
0.006228047
0.006158100
0.006228568
0.006375859
0.006178151
0.006251277
0.006203516
0.006308932
0.006243724
0.006386848
0.006268151
0.006382005
0.006268932
0.006343672
0.006321067
0.006170391
0.006190756
0.006399817
0.006236224
0.006273255
0.006225912
0.006322058
0.006211589
0.006350234
0.006202995
0.006214246
0.006178047
0.006339245
0.006381328
0.006421484
0.006249141
0.006177527
0.006187474
0.006229141
0.006200756
0.006306016
0.006233203
0.006343308
0.006209141
0.006312683
0.006240235
0.006199141
0.006237213
0.006328307
0.006204662
0.006234401
0.006401380
0.006305495
0.006292370
0.006331744
0.006176538
0.006278985
0.006182995
0.006381640
0.006368776
0.006342370
0.006305130
0.006216537
0.006336640
0.006221016
0.006225912
0.006315078
0.006226120
0.006293620
0.006186693
0.006234714
0.006230078
0.006207110
0.006342734
0.006206225
0.006190808
0.006307891
0.006195599
0.006345391
0.006223724
0.006213932
0.006401119
0.006362943
0.006234558
0.006297006
0.006301433
0.006218047
0.006226121
0.006336172
0.006338880
0.006215860
0.006199402
0.006267787
0.006367161
0.006367526
0.006169974
0.006294766
0.006180391
0.006268360
0.006228099
0.006202839
0.006236276
0.006397161
0.006213256
0.006370338
0.006311432
0.006242839
0.006227787
0.006385286
0.006249923
0.006442161
0.006391484
0.006154871
0.006379088
0.006413203
0.006185391
0.006348724
0.006263203
0.006181589
0.006293932
0.006203047
0.006196589
0.006378880
0.006310599
0.006241120
0.006365964
0.006158725
0.006361953
0.006264037
0.006337839
0.006226901
0.006262109
0.006339089
0.006336068
0.006344662
0.006343776
0.006246901
0.006245339
0.006244193
0.006200287
0.006301276
0.006211954
0.006241433
0.006399244
0.006388671
0.006184818
0.006379870
0.006191537
0.006226641
0.006368412
0.006336692
0.006401120
0.006171277
0.006350287
0.006262735
0.006246224
0.006352578
0.006187162
0.006317526
0.006212839
0.006409713
0.006243672
0.006209089
0.006404609
0.006211329
0.006340338
0.006231850
0.006419400
0.006263204
0.006288047
0.006257578
0.006313255
0.006210651
0.006290287
0.006326797
0.006212891
0.006384296
0.006237995
0.006250860
0.006510807
0.006163881
0.006314610
0.006300807
0.006187422
0.006422682
0.006234558
0.006284505
0.006365703
0.006222371
0.006219037
0.006376276
0.006237579
0.006299610
0.006365598
0.006232787
0.006218724
0.006288880
0.006199871
0.006355391
0.006199558
0.006327630
0.006333828
0.006417838
0.006359297
0.006395755
0.006150340
0.006348099
0.006296849
0.006215964
0.006353359
0.006169923
0.006348463
0.006329505
0.006336589
0.006216537
0.006205287
0.006425078
0.006240339
0.006385703
0.006178985
0.006198984
0.006230704
0.006325442
0.006309037
0.006247319
0.006221172
0.006234245
0.006191173
0.006276641
0.006255183
0.006215547
0.006304037
0.006143881
0.006214714
0.006141902
0.006231381
0.006323880
0.006199193
0.006197057
0.006234402
0.006218203
0.006341901
0.006196537
0.006357317
0.006166953
0.006270860
0.006226954
0.006300026
0.006194766
0.006178672
0.006309297
0.006385494
0.006182370
0.006290755
0.006360599
0.006211798
0.006209818
0.006314609
0.006234766
0.006261433
0.006336432
0.006186641
0.006282474
0.006336067
0.006220495
0.006384244
0.006497422
0.006220444
0.006257318
0.006281537
0.006217631
0.006312006
0.006201745
0.006224245
0.006445234
0.006179558
0.006236797
0.006197735
0.006319870
0.006387057
0.006210599
0.006312109
0.006226954
0.006259870
0.006362890
0.006190808
0.006317995
0.006283412
0.006219610
0.006319609
0.006334296
0.006189662
0.006252943
0.006221954
0.006383932
0.006277265
0.006318672
0.006420911
0.006175495
0.006216589
0.006382786
0.006351693
0.006209037
0.006264298
0.006208985
0.006248568
0.006344922
0.006247006
0.006183047
0.006383567
0.006229402
0.006194402
0.006262005
