0.015801973
0.015847546
0.015961920
0.015822754
0.015732963
0.015929525
0.015743953
0.015885827
0.015803848
0.015720463
0.015713849
0.015837129
0.015759786
0.015848848
0.015699474
0.015819474
0.015790932
0.015938588
0.015763953
0.015852442
0.015696088
0.015774890
0.015923796
0.015842129
0.015771400
0.015913900
0.015767911
0.015810932
0.015799577
0.015761244
0.015803171
0.015824057
0.015729369
0.016012025
0.015870410
0.015799213
0.015851713
0.015875514
0.015803119
0.015906192
0.015786296
0.015791974
0.015841452
0.015851816
0.015742755
0.015992962
0.015894004
0.015774890
0.015763223
0.015852130
0.015843639
0.015811505
0.015899577
0.015791452
0.015738588
0.015870306
0.015890202
0.015811296
0.015787077
0.015872389
0.015978119
0.015853796
0.015724370
0.015833327
0.015782650
0.015758640
0.015802598
0.015847130
0.015839421
0.015905046
0.015713588
0.015846348
0.015776661
0.015860410
0.015844160
0.015783223
0.015946972
0.015853119
0.015802598
0.015896504
0.015850567
0.015785150
0.015877493
0.015865463
0.015924421
0.015870463
0.015812025
0.015747077
0.015765307
0.015794525
0.015751713
0.015839213
0.015753015
0.015831192
0.015871400
0.015771869
0.015742911
0.015855046
0.015760463
0.015912962
0.015810723
0.015752078
0.015798171
0.015879317
0.015786660
0.015950515
0.015780880
0.015831401
0.015806244
0.015844161
0.015790724
0.015777286
0.015838067
0.015720151
0.015871712
0.015841140
0.015877546
0.015840098
0.015876088
0.015736869
0.015797338
0.015836348
0.015713797
0.015660932
0.015746296
0.015845202
0.015823119
0.015968483
0.015686505
0.015803796
0.015747963
0.015818796
0.015883223
0.015874994
0.015848275
0.015853848
0.015841505
0.015730984
0.015820306
0.015844681
0.015962858
0.015783849
0.015766661
0.015868640
0.015818692
0.015808536
0.015731452
0.015752963
0.015779109
0.015774629
0.015808536
0.015871139
0.015741453
0.015841974
0.015951400
0.015829786
0.015787130
0.015840150
0.015872754
0.015857077
0.015771504
0.015779317
0.015678900
0.015873379
0.015771297
0.015889525
0.015859837
0.015868483
0.015833952
0.015849525
0.015680255
0.015977337
0.015816817
0.015787025
0.015724890
0.015863431
0.015729734
0.015728588
0.015946244
0.015891296
0.015882337
0.015853276
0.015985306
0.015891452
0.015774369
0.015717286
0.015724213
0.015831088
0.015937077
0.015776557
0.015804213
0.015815411
0.015821504
0.015873380
0.015825255
0.015804785
0.015805411
0.015752077
0.015994785
0.015926921
0.015728953
0.015773953
0.015792598
0.015989889
0.015780827
0.015855150
0.015873952
0.015978691
0.015750307
0.015823849
0.015747547
0.016100097
0.015732182
0.015837703
0.015992649
0.015874681
0.015772338
0.015859369
0.015724734
0.015977129
0.015775515
0.015772755
0.015905879
0.015892911
0.015872286
0.015794369
0.015828328
0.015880306
0.015858900
0.015846660
0.015828900
0.015776400
0.015895358
0.015765775
0.015821400
0.015847859
0.015923171
0.015841192
0.015931088
0.015835567
0.015881452
0.015888795
0.015766973
0.015764109
0.015738120
0.015777859
0.015828588
0.015843536
0.015792755
0.015906868
0.015894734
0.016022701
0.015921816
0.015887390
0.015823379
0.015832598
0.015784265
0.015780880
0.015755151
0.015910827
0.015916088
0.016007441
0.015720151
0.015852703
0.015777338
0.015853744
0.015829890
0.015750359
0.015787286
0.015769005
0.015987597
0.015833223
0.016179628
0.015759213
0.015781453
0.015907494
0.015715046
0.015898536
0.015790150
0.015858431
0.015750463
0.015735099
0.015952806
0.015847234
0.015787338
0.015881036
0.015833275
0.015953431
0.015763692
0.015853223
0.015753536
0.015961036
0.015899161
0.015804369
0.015859838
0.015916660
0.015690932
0.015955879
0.015740463
0.015862338
0.015783640
0.015839994
0.015795307
0.015926608
0.015816348
0.015810984
0.015887754
0.015837755
0.015779786
0.015782963
0.015920150
0.015835306
0.015802025
0.015868588
0.015700463
0.015951035
0.015762963
0.015867077
0.015882494
0.015856556
0.015895723
0.015864578
0.015856608
0.015862598
0.015764109
0.015880931
0.015788848
0.015817651
0.015834994
0.015765620
0.015781088
0.015865723
0.015855567
0.015855150
0.015853015
0.015762130
0.015979942
0.015834473
0.015742494
0.015767182
0.015929421
0.015862442
0.015844629
0.015875358
0.015792599
0.015860619
0.015852754
0.015804369
0.015866660
0.015837025
0.015791765
0.015875671
0.015846869
0.015859681
0.015840931
0.015877337
0.015805150
0.015805827
0.015838744
0.015776608
0.015806401
0.016030723
0.015724421
0.015859108
0.015803952
0.015831348
0.015879420
0.016037129
0.015825463
0.015711141
0.015831973
0.015731609
0.015830359
0.015919682
0.015755724
0.015678848
0.015832286
0.015797078
0.015914368
0.015890619
0.015849838
0.015864369
0.015858067
0.015828432
0.015866139
0.015855046
0.015761869
0.015840775
0.015779422
0.015747807
0.015803432
0.015887494
0.015796505
0.015762078
0.015762286
0.015803744
0.015925879
0.015848900
0.015913640
0.015846348
0.015785202
0.015745150
0.015856296
0.015834213
0.015791921
0.015820827
0.015732338
0.015879733
0.015939472
0.015814004
0.015972025
0.015789942
0.015856609
0.015774525
0.015839265
0.015848171
0.015803120
0.015896609
0.015903900
0.015720568
0.015806504
0.015845255
0.016014472
0.015772390
0.015850254
0.015960775
0.015788327
0.015884109
0.015774681
0.015907493
0.015824629
0.015747442
0.015734890
0.015897962
0.015772702
0.015781192
0.015921139
0.015880046
0.015756245
0.015860671
0.015848224
0.015790150
0.015685671
0.015835358
0.015940202
0.015834525
0.015837390
0.015746922
0.015768380
0.015839681
0.015829109
0.015856817
0.015794630
0.015837442
0.015851452
0.015802494
0.015835775
0.015895515
0.015869994
0.015910671
0.015881452
0.015840723
0.015781661
0.015872181
0.015789422
0.015793431
0.015822181
0.015867911
0.015765463
0.015830984
0.015968431
0.015774786
0.015832390
0.015927338
0.015833223
0.015842598
0.015757025
0.015813848
0.015757130
0.015777806
0.015858640
0.015874161
0.015756088
0.015968744
0.015890254
0.015913692
0.015796973
0.015940774
0.015737338
0.015879004
0.015942129
0.015703172
0.015847025
0.015993691
0.015856036
0.015830358
0.015853536
0.015995827
0.015817495
0.015846192
0.015820931
0.015787234
0.015968952
0.015811192
0.015862911
0.015863640
0.015940410
0.015786036
0.015832859
0.015860151
0.015822026
0.015893431
0.015844837
0.015759682
0.015808380
0.015796661
0.015835462
0.015876869
0.015787650
0.015747338
0.015744421
0.015794734
0.015778484
0.015914421
0.015772286
0.015861452
0.015892702
0.015720515
0.015735776
0.015751452
0.015773327
0.015865098
0.015674005
0.015949264
0.015821973
0.015852494
0.015717547
0.015983170
0.015742703
0.015787755
0.015745307
0.015870879
0.015730151
0.015781765
0.015756557
0.015810463
0.015769057
0.015895515
0.015786140
0.015969786
0.015797026
0.015800515
0.015811245
0.015849942
0.015860254
0.015810567
0.015950462
0.015760255
0.015829109
0.015868588
0.015796713
0.015793379
0.015765306
0.015824473
0.015769004
0.015856921
0.015819577
0.015810410
0.015774108
0.015776140
0.015775619
0.015915150
0.015828171
0.015844577
0.015928119
0.015963535
0.015816869
0.015858953
0.015785255
0.015948171
0.015753536
0.015838484
0.015842963
0.015845046
0.015776348
0.015702286
0.015712286
0.015925306
0.015778484
0.015863640
0.015775098
0.015770567
0.015851244
0.015726245
0.015809057
0.015869317
0.015856401
0.015806244
0.015785410
0.015801713
0.015897962
0.015890462
0.015758223
0.015846661
0.015864629
0.015770411
0.015765828
0.015848535
0.015740984
0.016062077
0.015745463
0.015770619
0.015903483
0.015822182
0.015740515
0.015921869
0.015788588
0.015779526
0.015914108
0.015860567
0.015794526
0.015724213
0.015939682
0.015836505
0.015806140
0.015863015
0.015801401
0.015849264
0.015888692
0.015782077
0.015701765
0.015877962
0.015780723
0.015906816
0.015853587
0.015760463
0.015828692
0.015858900
0.015767650
0.015863067
0.015756869
0.015906087
0.015941504
0.015979837
0.015783796
0.015823692
0.015839995
0.015762650
0.015876035
0.015868432
0.015824994
0.015807755
0.015786817
0.015737442
0.015747598
0.015844942
0.015866609
0.015876452
0.015878067
0.015891036
0.015955202
0.015844890
0.015775567
0.015776870
0.015754213
0.015842338
0.015882546
0.015857389
0.015821869
0.015792806
0.016122701
0.015672338
0.015766556
0.015864578
0.015866817
0.015736557
0.015936973
0.015803692
0.015701452
0.015835619
0.015846400
0.015799109
0.015748588
0.015823224
0.015817442
0.015831713
0.015745775
0.016655720
0.015744630
0.015858432
0.015733223
0.015867285
0.015742442
0.015792130
0.015819421
0.015733328
0.015865411
0.015836140
0.015749786
0.015754891
0.015837077
0.015805463
0.015845098
0.015985410
0.015733223
0.015753275
0.015813848
0.015768588
0.015740984
0.015966400
0.015958900
0.015854265
0.015804525
0.015808849
0.015870567
0.015855515
0.015859837
0.015692650
0.015733432
0.015821140
0.015933118
0.015789578
0.015808483
0.015743224
0.015831505
0.015803796
0.015798067
0.015880203
0.015817650
0.015759421
0.015852078
0.015724838
0.015819838
0.015880567
0.015785724
0.015989525
0.015962129
0.015793640
0.015872962
0.015886765
0.015930931
0.015918223
0.015938171
0.015850462
0.015947390
0.015845619
0.015766400
0.015841713
0.015788536
0.015845567
0.015753484
0.015873536
0.015781400
0.015753223
0.015803432
0.015829265
0.015849526
0.015847130
0.015797338
0.015815411
0.015739213
0.015785046
0.015757494
0.015862963
0.015991504
0.015946921
0.015860358
0.015744422
0.015779838
0.015858849
0.015755464
0.015824942
0.015866140
0.015775567
0.015932702
0.016021816
0.015817077
0.015807286
0.015939160
0.015810307
0.015888067
0.015836400
0.015781922
0.015810358
0.015810411
0.015831349
0.015838327
0.015844057
0.015885828
0.015773276
0.015796818
0.015840515
0.015956296
0.015834890
0.015784577
0.015857806
0.015722755
0.015845827
0.015859057
0.015838223
0.015841556
0.015948952
0.015772703
0.015872546
0.015926452
0.015845098
0.015768275
0.015785046
0.015896452
0.015820411
0.015840931
0.015862650
0.015985567
0.015794161
0.015785515
0.015792495
0.015882182
0.015841505
0.015852078
0.015810827
0.015802286
0.015877338
0.015694109
0.015835359
0.015994368
0.015944264
0.015786088
0.015904213
0.015859473
0.015888379
0.015784473
0.015767025
0.015900931
0.016145410
0.015706869
0.015868535
0.015766296
0.016031087
0.015768380
0.015712182
0.015760984
0.015842390
0.015754994
0.015883744
0.015847858
0.015831765
0.015805723
0.015839160
0.016009316
0.015837286
0.015826088
0.015825619
0.015887078
0.015930879
0.015784995
0.015763224
0.015823015
0.015847755
0.015762859
0.015839525
0.015819994
0.015743015
0.015755567
0.015809109
0.015788536
0.015779473
0.015815828
0.015799994
0.015737755
0.015674838
0.015911817
0.015901088
0.015762078
0.015776192
0.015784942
0.015919108
0.015727755
0.015860046
0.015854317
0.015972233
0.015806973
0.015801349
0.015796296
0.015843067
0.015693901
0.015875046
0.015900098
0.015845047
0.015716765
0.015925046
0.016007597
0.015837234
0.015759161
0.015805515
0.015852858
0.015859942
0.015758900
0.015780932
0.016121816
0.015784630
0.015685046
0.015987129
0.015812442
0.015827130
0.015861505
0.015880255
0.015822390
0.015910306
0.015835880
0.015724630
0.015770307
0.015743953
0.015830775
0.015870306
0.015943119
0.015795515
0.015859630
0.015679786
0.015831453
0.015891765
0.015754629
0.015751818
0.015809942
0.015722390
0.015809161
0.015886712
0.015790047
0.015825411
0.015833588
0.015937025
0.015689786
0.015839369
0.015793431
0.015751141
0.015754369
0.015792338
0.015865828
0.015868327
0.015793015
0.015801192
0.015851348
0.015846088
0.015861036
0.015877494
0.015801192
0.015760150
0.015964161
0.015797078
0.015973066
0.015808119
0.015842181
0.015834213
0.015727130
0.015761870
0.015806557
0.015860932
0.015784421
0.015811245
0.015730515
0.016177285
0.015871608
0.015875306
0.015836557
0.015835775
0.015830619
0.015804109
0.015780515
0.015877285
0.015859525
0.015803328
0.015858380
0.015933744
0.015931973
0.015869942
0.015764578
0.015783953
0.015879577
0.015791661
0.015794994
0.015857807
0.015960410
0.015757859
0.015773900
0.015732129
0.015763640
0.015880358
0.015785724
0.015711661
0.015806192
0.015952286
0.015773171
0.015870984
0.015796973
0.015803328
0.015816140
0.015813015
0.015848952
0.015849994
0.015783797
0.015789005
