0.020242399
0.016518667
0.016505386
0.016531115
0.016553406
0.016523458
0.016434762
0.016533406
0.016353877
0.016488563
0.016554292
0.016548719
0.016411793
0.016529448
0.016402313
0.016506584
0.016662416
0.016719396
0.016424657
0.016625178
0.016551011
0.016408303
0.016453251
0.016547417
0.016392731
0.016495907
0.016546532
0.016537104
0.016532625
0.016617573
0.016529084
0.016466011
0.016531741
0.016442990
0.016503043
0.016495438
0.016401689
0.016480386
0.016595333
0.016455960
0.016421688
0.016589136
0.016417054
0.016413044
0.016519137
0.016565491
0.016470855
0.016493980
0.016749240
0.016572105
0.016628407
0.016697000
0.016386481
0.016511897
0.016420648
0.016367106
0.016441846
0.016416481
0.016579240
0.016607522
0.016445231
0.016435178
0.016453772
0.016523876
0.016541480
0.016516897
0.016434189
0.016481741
0.016515439
0.016373669
0.016471168
0.016497366
0.016373356
0.016402210
0.016447887
0.016510023
0.016536481
0.016534084
0.016459189
0.016655126
0.016657574
0.016677001
0.016625699
0.016494242
0.016824761
0.016623824
0.016416273
0.016427887
0.016454137
0.016492678
0.016487939
0.016462731
0.016522991
0.016557834
0.016437054
0.016508980
0.016609762
0.016474554
0.016447679
0.016553512
0.016462523
0.016593147
0.016471377
0.016431481
0.016731271
0.016809448
0.016616064
0.016497054
0.016413304
0.016504919
0.016907208
0.016423513
0.016396429
0.012744833
0.016406482
0.016392888
0.016478043
0.016410023
0.016378878
0.016524398
0.016467523
0.016561741
0.016504658
0.016434606
0.016597939
0.016552731
0.016669813
0.016551169
0.016391325
0.016511220
0.016383930
0.016507315
0.016404659
0.016487731
0.016430648
0.016472679
0.016463877
0.016546065
0.016465492
0.016432367
0.016546273
0.016579814
0.016511638
0.016458617
0.016529554
0.016448304
0.016411013
0.016419763
0.016485023
0.016516638
0.016470856
0.016402471
0.016485284
0.016536429
0.016500127
0.016522627
0.016454815
0.016462627
0.016571585
0.016461013
0.016501013
0.016475908
0.016523773
0.016534085
0.016464971
0.016452888
0.016603772
0.016651637
0.016454034
0.016674970
0.016375857
0.016392315
0.016569971
0.016517263
0.016384711
0.016366899
0.016530127
0.016459450
0.016523826
0.016507784
0.016441691
0.016535492
0.016442315
0.016501169
0.016418617
0.016515752
0.016423722
0.016369034
0.016483982
0.016473982
0.016433045
0.016466534
0.016643721
0.016878251
0.016471846
0.016418462
0.016597888
0.016490284
0.016455232
0.016483565
0.016565180
0.016375597
0.016417315
0.016485337
0.016718929
0.016558409
0.016416483
0.016526169
0.016634711
0.016488357
0.016644294
0.016455024
0.016588513
0.016504086
0.016424451
0.016482628
0.016436795
0.016678773
0.016592263
0.016402055
0.016555023
0.016529815
0.016376952
0.016371535
0.016490492
0.016437888
0.016609815
0.016499555
0.016487056
0.016584346
0.016427316
0.016423827
0.016405858
0.016496482
0.016620753
0.016646066
0.016496014
0.016419817
0.016510961
0.016664242
0.016587993
0.016569659
0.016417160
0.016441586
0.016516274
0.016514607
0.016564867
0.016457629
0.016393618
0.016407420
0.016509243
0.016535285
0.016570493
0.016453983
0.016660544
0.016412889
0.016345546
0.016513410
0.016488305
0.016586690
0.016531379
0.016443515
0.016535597
0.016537420
0.016438358
0.016480025
0.016522159
0.016399713
0.016602107
0.016436587
0.016455025
0.016418046
0.016527733
0.016463462
0.016478931
0.016482733
0.016471170
0.016470389
0.016423358
0.016414400
0.016590129
0.016498514
0.016402317
0.016389036
0.016394087
0.016423723
0.016452473
0.016469504
0.016416223
0.016616326
0.016411483
0.016417317
0.016442629
0.016502421
0.016605493
0.016469869
0.016435233
0.016450442
0.016343671
0.016507524
0.016445962
0.016494712
0.016690336
0.016564660
0.016565337
0.016471170
0.016404349
0.016503931
0.016494712
0.016430025
0.016359557
0.016545702
0.016651482
0.016537993
0.016474452
0.016396119
0.016413515
0.016545025
0.016423880
0.016473150
0.016508150
0.016494713
0.016402056
0.016444400
0.016413671
0.016437994
0.016445234
0.016779919
0.016379296
0.016435025
0.016623723
0.016455859
0.016399245
0.016494036
0.016445338
0.016488827
0.016424297
0.016423463
0.016419453
0.016620649
0.016659556
0.016524817
0.016463463
0.016432838
0.016426536
0.016427421
0.016531379
0.016550598
0.016458359
0.016545337
0.016432161
0.016443775
0.016431640
0.016491432
0.016572004
0.016610910
0.016367682
0.016695285
0.016382891
0.016516379
0.016374349
0.016521796
0.016403620
0.016629139
0.016420651
0.016539713
0.016430703
0.016455547
0.016448202
0.016480963
0.016730337
0.016507994
0.016499452
0.016512057
0.016400599
0.016442683
0.016480911
0.016535963
0.016550442
0.016618358
0.016438880
0.016542422
0.016653514
0.016499817
0.016429192
0.016427421
0.016493567
0.016680285
0.016443516
0.016508984
0.016530703
0.016653254
0.016455026
0.016441432
0.016456432
0.016462213
0.016560390
0.016523568
0.016424818
0.016644244
0.016479297
0.016485078
0.016414974
0.016479818
0.016509869
0.016487474
0.016657890
0.016462943
0.016546536
0.016442057
0.016424714
0.016439975
0.016499349
0.016547943
0.016500443
0.016397475
0.016472422
0.016556432
0.016507578
0.016497942
0.016478463
0.016475130
0.016592057
0.016435183
0.016428464
0.016744556
0.016442214
0.016518620
0.016519193
0.016581068
0.016526901
0.016467057
0.016444714
0.016489609
0.016606536
0.016372319
0.016361277
0.016532474
0.016434297
0.016446694
0.016548046
0.016466797
0.016494766
0.016509453
0.016360860
0.016578516
0.016607630
0.016425703
0.016697213
0.016493777
0.016565234
0.016525547
0.016482734
0.016422839
0.016468881
0.016523673
0.016492058
0.016424246
0.016472266
0.016420547
0.016551849
0.016568412
0.016492214
0.016544766
0.016567005
0.016376694
0.016529713
0.016556797
0.016462787
0.016474037
0.016466954
0.016508829
0.016465339
0.016519245
0.016472891
0.016461120
0.016678515
0.016609089
0.016496693
0.016528464
0.016626380
0.016538359
0.016385704
0.016505235
0.016471329
0.016540600
0.016402163
0.016495756
0.016645182
0.016452995
0.016438048
0.016485600
0.016449767
0.016442371
0.016494819
0.016428100
0.016413308
0.016528516
0.016414246
0.016487735
0.016495600
0.016452111
0.016421537
0.016554714
0.016528620
0.016440392
0.016491693
0.016615911
0.016382944
0.016490444
0.016452996
0.016411486
0.016420236
0.016448465
0.016411538
0.016499871
0.016445079
0.016422006
0.016451016
0.016431069
0.016443464
0.016583308
0.016628828
0.016734349
0.016388986
0.016452684
0.016510079
0.016516745
0.016415809
0.016424611
0.016508569
0.016527162
0.016540131
0.016554663
0.016514818
0.016406434
0.016468621
0.016635026
0.016376070
0.016523986
0.016552735
0.016615391
0.016433829
0.016448934
0.016463881
0.016505860
0.016453257
0.016527996
0.016418256
0.016438829
0.016376486
0.016522266
0.016385496
0.016636068
0.016623933
0.016487528
0.016415445
0.016548569
0.016369091
0.016500601
0.016564194
0.016520132
0.016522475
0.016459142
0.016459090
0.016516746
0.016394507
0.016542059
0.016490913
0.016536590
0.016645704
0.016409924
0.016419923
0.016584298
0.016401486
0.016533205
0.016434767
0.016397788
0.016461798
0.016756433
0.016460445
0.016530808
0.016398622
0.016458934
0.016605704
0.016496746
0.016479820
0.016502788
0.016457163
0.016496486
0.016657422
0.016417268
0.016467684
0.016537945
0.016458726
0.016499351
0.016471226
0.016385497
0.016412372
0.016486746
0.016448830
0.016413102
0.016410289
0.016399143
0.016453101
0.016515549
0.016461851
0.016391955
0.016442789
0.016539819
0.016482528
0.016524195
0.016462632
0.016551277
0.016682319
0.016523621
0.016431747
0.016493518
0.016449455
0.016515548
0.016704141
0.016570288
0.016382945
0.016540757
0.016517788
0.016626434
0.016560392
0.016412007
0.016451382
0.016535184
0.016406852
0.016526955
0.016448153
0.016482788
0.016454195
0.016677111
0.016405706
0.016443519
0.016564663
0.016497945
0.016552789
0.016519560
0.016575653
0.016604195
0.016439299
0.016451539
0.016464716
0.016507372
0.016526122
0.016664559
0.016451279
0.016450966
0.016489925
0.016560913
0.016407633
0.016424143
0.016471695
0.016546903
0.016520654
0.016460758
0.016460081
0.016489664
0.016669298
0.016484455
0.016643622
0.016546903
0.016458778
0.016534664
0.016467841
0.016411695
0.016435550
0.016477164
0.016514351
0.016531226
0.016365081
0.016465862
0.016585549
0.016676851
0.016698517
0.016647163
0.016397425
0.016494976
0.016434665
0.016492320
0.016458727
0.016476070
0.016469664
0.016389196
0.016365133
0.016527373
0.016400134
0.016471018
0.016384092
0.016389039
0.016477060
0.016468987
0.016469144
0.016438467
0.016402112
0.016429039
0.016412685
0.016481019
0.016416331
0.016492581
0.016446071
0.016520758
0.016641122
0.016519820
0.016481435
0.016448467
0.016454457
0.016394821
0.016411175
0.016478935
0.016434821
0.016496800
0.016452477
0.016459039
0.016533258
0.016542424
0.016615445
0.016417998
0.016592894
0.016394249
0.016430342
0.016534196
0.016547060
0.016424561
0.016551644
0.016686747
0.016485966
0.016563623
0.016366644
0.016492321
0.016425186
0.016577633
0.016388415
0.016492685
0.016430134
0.016413884
0.016502269
0.016442686
0.016431384
0.016536071
0.016467269
0.016424196
0.016424509
0.016532008
0.016456071
0.016471123
0.016476071
0.016422686
0.016477426
0.016567581
0.016433675
0.016550915
0.016475342
0.016377165
0.016463728
0.016507946
0.016611123
0.016505862
0.016390811
0.016380602
0.016515707
0.016705393
0.016507686
0.016611696
0.016475498
0.016454925
0.016604404
0.016617581
0.016659300
0.016528258
0.016495550
0.016448155
0.016602997
0.016485759
0.016562164
0.016620081
0.016485550
0.016453155
0.016459926
0.016362478
0.016500133
0.016506801
0.016510290
0.016568102
0.016531123
0.016508050
0.016462321
0.016590238
0.016623363
0.016470863
0.016400655
0.016853153
0.016477061
0.016526175
0.016495342
0.016410551
0.016471071
0.016508884
0.016370395
0.016556227
0.016641435
0.016462217
0.016477790
0.016363728
0.016504666
0.016526384
0.016507634
0.016557998
0.016615498
0.016537998
0.016410603
0.016477270
0.016561801
0.016482999
0.016450395
0.016496280
0.016444197
0.016496800
0.016678831
0.016498884
0.016537894
0.016524926
0.016422113
0.016558884
0.016507061
0.016367895
0.016417843
0.016470655
0.016456384
0.016545603
0.016509249
0.016478988
0.016649977
0.016595967
0.016393884
0.016518103
0.016500759
0.016392010
0.016466905
0.016464510
0.016378364
0.016539613
0.016526644
0.016447114
0.016508572
0.016505551
0.016452270
0.016504926
0.016460551
0.016602270
0.016608936
0.016397687
0.016575812
0.016480135
0.016447531
0.016664196
0.016692582
0.016433468
0.016458989
0.016496905
0.016411645
0.016458416
0.016718779
0.016512165
0.016483416
0.016501384
0.016753728
0.016391489
0.016643520
0.016457999
0.016489457
0.016525134
0.016459249
0.016640395
0.016372531
0.016360187
0.016503728
0.016415083
0.016693727
0.016484718
0.016382062
0.016398208
0.016584717
0.016717269
0.016466125
0.016696540
0.016439458
0.016612790
0.016526385
0.016520395
0.016440500
0.016404353
0.016511853
0.016525291
0.016348677
0.016533936
0.016542479
0.016548884
0.016624457
0.016567947
0.016427531
0.016470551
0.016443000
0.016536645
0.016562999
0.016448833
0.016480969
0.016465708
0.016431854
0.016763883
0.016483312
0.016451958
0.016530396
0.016449302
0.016540239
0.016436906
0.016432011
0.016641072
0.016472063
0.016495864
0.016447948
0.016501125
0.016470864
0.016450448
0.016480187
0.016533052
0.016415188
0.016412479
0.016436386
0.016426958
0.016460969
0.016474042
0.016445500
0.016514875
0.016459510
0.016656593
0.016461854
0.016468000
0.016432583
0.016527844
0.016667478
0.016489719
0.016463208
0.016512635
0.016509666
0.016458416
0.016422219
0.016524979
0.016581333
0.016531020
0.016503208
0.016465813
0.016590603
0.016412376
0.016505708
0.016504615
0.016421386
0.016400292
0.016437167
0.016509927
0.016520188
0.016509146
0.016372584
0.016326699
0.016682790
0.016464146
0.016442479
0.016568156
0.016470708
0.016420709
0.016528417
0.016464406
0.016454927
0.016471074
0.016449928
0.016696333
0.016417479
0.016537688
0.016445292
0.016521125
0.016421958
0.016448469
0.016409771
0.016406542
0.016421542
0.016545396
0.016443261
0.016423886
0.016465344
0.016675239
0.016374303
0.016546073
0.016561021
0.016383886
0.016700343
0.016538104
