0.006691487
0.006778518
0.006832320
0.006792946
0.006839924
0.006806383
0.006841174
0.006726799
0.006710914
0.006942424
0.006825966
0.006802529
0.006822581
0.006768883
0.006860132
0.006685549
0.006719196
0.006736800
0.006817632
0.006928674
0.006756331
0.006893882
0.006689404
0.006926799
0.006683779
0.006882944
0.006767580
0.006848726
0.006785914
0.006802945
0.006717685
0.006830341
0.006766539
0.006802789
0.006676539
0.006737477
0.006797685
0.006715549
0.006710602
0.006742946
0.006864247
0.006770653
0.006831747
0.006837789
0.006835706
0.006719143
0.006851018
0.006718726
0.006707685
0.006827372
0.006797632
0.006749508
0.006839142
0.006846070
0.006691747
0.006753414
0.006877320
0.006691019
0.006807372
0.006831383
0.006696070
0.006841852
0.006782529
0.006746383
0.006869768
0.006693675
0.006836643
0.006688415
0.006757737
0.006749924
0.006707112
0.006771539
0.006775445
0.006678727
0.006758466
0.006748258
0.006774560
0.006777841
0.006745497
0.006960496
0.006963048
0.006755289
0.006674196
0.006818154
0.006739299
0.006828206
0.006829299
0.006718987
0.006722841
0.006800081
0.006849091
0.006705446
0.006796174
0.006699924
0.006765862
0.006841799
0.006818205
0.006828934
0.006909403
0.006818154
0.006683779
0.006926435
0.006817424
0.006984247
0.006797060
0.006840028
0.006880029
0.006748257
0.006814455
0.006769351
0.006632009
0.006749611
0.006702476
0.006956121
0.006716279
0.006909923
0.006863726
0.006829664
0.006845757
0.006805185
0.006786643
0.006974299
0.006810758
0.006706904
0.006751695
0.006834403
0.006770289
0.006757997
0.006796851
0.006762581
0.006865028
0.006776122
0.006794820
0.006690289
0.006801590
0.006786747
0.006768831
0.006902840
0.006727268
0.006846643
0.006849976
0.006784351
0.006753049
0.006797320
0.006709560
0.006690081
0.006751799
0.006859924
0.006968986
0.006788257
0.006894976
0.006820966
0.006753779
0.006887580
0.006770080
0.006780393
0.006728102
0.006663466
0.006684039
0.006738570
0.006679924
0.006696123
0.006815289
0.006857371
0.006675550
0.006912684
0.006706644
0.006692789
0.007575964
0.006872372
0.006719768
0.006811330
0.006723727
0.006800393
0.006697164
0.006832528
0.006748935
0.006718987
0.006727007
0.006870392
0.006858153
0.006919508
0.006685081
0.006704039
0.006753570
0.006909038
0.006683831
0.006762112
0.006736487
0.006723466
0.007125860
0.006849767
0.006644925
0.006700081
0.006790081
0.006695445
0.006742425
0.006945705
0.006716591
0.006682789
0.006957684
0.006762268
0.006856747
0.006877788
0.006815862
0.006660550
0.006946642
0.006667789
0.006747320
0.006673414
0.006793049
0.006731955
0.006883310
0.006793361
0.006692685
0.006789560
0.006801487
0.006842632
0.006780393
0.006701800
0.006856851
0.006744195
0.006720914
0.006721279
0.006848674
0.006721904
0.006699351
0.006769144
0.006842372
0.006819976
0.006665602
0.006839038
0.006828726
0.006732477
0.006848362
0.006921226
0.006706123
0.006878518
0.006834611
0.006908934
0.006713102
0.006697841
0.006717477
0.006897424
0.006901955
0.006697633
0.006836799
0.006782841
0.006689976
0.006668258
0.006941538
0.006718935
0.006914090
0.006812529
0.006747476
0.006739664
0.006739664
0.006959663
0.006873727
0.006689352
0.006812216
0.006817111
0.006746383
0.006728883
0.006685758
0.006829090
0.006657685
0.006701852
0.006820913
0.006777424
0.006707164
0.006655497
0.006825549
0.006766434
0.006804924
0.006754091
0.006726695
0.006876330
0.006834976
0.006717060
0.006856747
0.006851799
0.006954872
0.006791591
0.006829091
0.006676175
0.006780654
0.006782893
0.006720706
0.006856589
0.006895797
0.006681059
0.006829027
0.006874130
0.006753976
0.006686007
0.006739652
0.006953193
0.006786580
0.006935901
0.006740330
0.006757049
0.006795590
0.006847309
0.006791527
0.006729704
0.006746319
0.006729341
0.006827985
0.006832360
0.006788975
0.006811111
0.006703299
0.006765799
0.006888558
0.006708976
0.006922985
0.006678038
0.006860746
0.007010797
0.006768090
0.006715903
0.006912881
0.006687986
0.006855120
0.006749288
0.006679549
0.006855902
0.006769757
0.006810381
0.006778090
0.006723246
0.006832830
0.006822569
0.006836319
0.006863350
0.006825381
0.006781684
0.006767100
0.006744496
0.006814860
0.006725381
0.006765851
0.006778663
0.006709497
0.006792829
0.007025693
0.006892621
0.006669080
0.006750955
0.006869808
0.006748298
0.006869496
0.006832881
0.006744132
0.006685174
0.006752829
0.006719653
0.006856214
0.006728664
0.006876162
0.006923298
0.006757152
0.006853663
0.006820434
0.006904652
0.006792778
0.006766163
0.006799912
0.006697413
0.006907464
0.006884444
0.006726684
0.006896318
0.006892517
0.006714653
0.006831319
0.006878662
0.006861371
0.006811111
0.006700799
0.007074599
0.006807257
0.006891787
0.006718299
0.006850485
0.006651736
0.006898819
0.006757674
0.006865798
0.006788611
0.006876371
0.006719809
0.006802413
0.006731580
0.006801215
0.006934287
0.006858194
0.006703976
0.006733768
0.006749965
0.006708090
0.006799288
0.006702205
0.006670799
0.006800173
0.006723507
0.006700174
0.006642258
0.006936943
0.006776841
0.006801215
0.006725173
0.006852360
0.006816163
0.006821788
0.006836423
0.006783351
0.006736372
0.006804861
0.006794236
0.006844600
0.006809236
0.006740069
0.006720226
0.006769132
0.006795955
0.006770643
0.006728143
0.006709132
0.006714966
0.006843975
0.006692466
0.006924392
0.006683143
0.006708507
0.006730747
0.006902100
0.006737049
0.006695226
0.006865382
0.006674758
0.006725486
0.006737362
0.006810330
0.006849600
0.006697622
0.006727101
0.006967881
0.006688820
0.006866528
0.006735069
0.006808611
0.006762153
0.006754757
0.006712205
0.006797986
0.006721580
0.006746320
0.006672623
0.006778351
0.006819392
0.006746163
0.006728299
0.006788351
0.006764757
0.006717778
0.006910850
0.006790226
0.006883923
0.006903246
0.006729184
0.006752362
0.006788872
0.006757101
0.006630955
0.006722466
0.006857309
0.006762048
0.006894496
0.006752882
0.006902778
0.006836788
0.006706997
0.006701632
0.006940016
0.006821319
0.006756789
0.006794705
0.006667779
0.006923194
0.006821788
0.006683038
0.006692049
0.006813611
0.006820330
0.006730226
0.006864080
0.007025954
0.006915589
0.006826320
0.006813402
0.006744653
0.006671633
0.006715226
0.006793871
0.006662518
0.006918454
0.006790382
0.006724705
0.006796684
0.006871475
0.006703612
0.006823402
0.006736684
0.006723820
0.006811424
0.006733351
0.006814601
0.006739393
0.006660799
0.006716737
0.006803611
0.006738039
0.006724497
0.006670122
0.007020277
0.006766789
0.006799080
0.006926527
0.006634549
0.006884652
0.006743038
0.006798508
0.006871997
0.006802362
0.006665904
0.006791163
0.006716476
0.006670383
0.006943558
0.006778247
0.006777362
0.006771372
0.006733820
0.006875642
0.006737987
0.006871735
0.006677310
0.006883975
0.006951006
0.006700799
0.006814966
0.006723300
0.006851215
0.006879705
0.006750070
0.006876684
0.006775903
0.006724028
0.006807049
0.006815539
0.006728248
0.006871528
0.006750018
0.006925538
0.006805278
0.006870018
0.006833664
0.006735018
0.006796528
0.006896059
0.006749237
0.006917101
0.006675071
0.006937830
0.006772726
0.007096214
0.006703299
0.007374598
0.006817206
0.006719394
0.006825173
0.006743091
0.006841684
0.006666529
0.006834914
0.006726477
0.006833350
0.006800955
0.006811997
0.006741164
0.006799236
0.006718403
0.006677779
0.006782986
0.006828247
0.006657988
0.006666216
0.006989496
0.006873559
0.006754654
0.006957465
0.006790799
0.006920278
0.006773820
0.006831632
0.006916215
0.006699289
0.006775903
0.006827361
0.006745539
0.006848820
0.006917569
0.006845798
0.006726789
0.006783872
0.006739341
0.006762934
0.006707779
0.006804341
0.006821632
0.006702518
0.006709497
0.006737935
0.006775903
0.006763977
0.006725696
0.006772362
0.006718195
0.006833716
0.006902622
0.006747570
0.006870278
0.006719810
0.006791997
0.006733508
0.006872726
0.006845331
0.006794028
0.006730382
0.006817622
0.006738611
0.006827206
0.006702154
0.006692258
0.006681321
0.006801841
0.006791424
0.006851997
0.006780695
0.006905278
0.006727310
0.006849549
0.006722257
0.006982778
0.006773664
0.006913455
0.006771893
0.006867465
0.006920434
0.006719029
0.006858351
0.006696997
0.006716685
0.006665748
0.006719289
0.006794913
0.006743352
0.006841424
0.006914757
0.006841945
0.007008246
0.006754445
0.006857206
0.006806216
0.006821372
0.006700592
0.006725904
0.006745278
0.006845955
0.006931996
0.006700331
0.006803455
0.006732258
0.006805331
0.006785695
0.006824393
0.006927465
0.006888246
0.006686113
0.006701008
0.006676894
0.006784497
0.006817414
0.006816893
0.006972100
0.006693300
0.006793351
0.006823560
0.006820643
0.006916684
0.006849809
0.006691529
0.006816216
0.006674655
0.006711425
0.006848612
0.006739393
0.006648560
0.006698613
0.006851007
0.006695644
0.006866111
0.006799028
0.006679602
0.006902361
0.006772049
0.006768039
0.006685852
0.006983455
0.006695488
0.006788717
0.006877935
0.006795122
0.006753821
0.006733196
0.006803872
0.006777935
0.006976528
0.006902206
0.006750799
0.006785747
0.006730227
0.006794341
0.006861840
0.006716373
0.006738456
0.006710227
0.006664706
0.006748404
0.006770227
0.006796008
0.006685800
0.006764759
0.006708091
0.006875174
0.006820799
0.006734810
0.006789341
0.006706530
0.007009757
0.006643353
0.006710800
0.006806841
0.006796320
0.006774706
0.006781372
0.006809966
0.006720748
0.006827205
0.006733456
0.006714185
0.006786425
0.006718665
0.006930434
0.006797675
0.006872101
0.006728769
0.006726737
0.006796321
0.006800226
0.006840695
0.006874914
0.006986684
0.006786841
0.006751372
0.006819862
0.006767259
0.006763821
0.006762310
0.006754602
0.006811060
0.006682311
0.006696269
0.006764342
0.006733248
0.006859706
0.006819966
0.006792779
0.006715019
0.006813508
0.006720332
0.006721008
0.006835800
0.006817831
0.006860643
0.006694758
0.006722206
0.006742935
0.006673196
0.006800331
0.006946268
0.006833351
0.006688716
0.006884601
0.006917206
0.006790383
0.006786008
0.006916164
0.006713873
0.006920487
0.006862414
0.006784967
0.006793143
0.006878559
0.006749810
0.006837778
0.006634811
0.006778456
0.006735800
0.006805539
0.006722675
0.006855695
0.006814706
0.006803977
0.006864757
0.006836841
0.006734654
0.006778039
0.006715123
0.006776893
0.006841216
0.006714706
0.006773092
0.006846060
0.006800748
0.006933559
0.006755696
0.006800592
0.006691790
0.006941112
0.006812414
0.007036736
0.006803196
0.006774081
0.006845799
0.006786737
0.006859445
0.006788404
0.006886945
0.006780279
0.006686373
0.006793872
0.006689446
0.006778613
0.006765904
0.006699237
0.006879862
0.006821633
0.006843924
0.006685436
0.006681633
0.006712258
0.006735331
0.006764029
0.006884029
0.006710696
0.006730801
0.006849185
0.006738821
0.006813560
0.006733456
0.006828144
0.006852570
0.006661582
0.006768561
0.006724967
0.006900122
0.006718978
0.006796946
0.006953612
0.006665957
0.006744967
0.006759238
0.006974601
0.006747051
0.006743613
0.006723092
0.006694811
0.006848716
0.006856164
0.006849394
0.006739446
0.006797727
0.006717519
0.006681581
0.006735383
0.006938507
0.006737884
0.006692624
0.006760696
0.006856216
0.006669863
0.006807311
0.006711999
0.006733612
0.006735123
0.006839133
0.006923612
0.006718561
0.006704394
0.006746217
0.006762467
0.006852050
0.006789082
0.006971373
0.006819185
0.006814445
0.006721946
0.006759498
0.006679029
0.006820070
0.006817519
0.006846790
0.006694707
0.006783456
0.006705696
0.006788091
0.006900748
0.006806165
0.006766894
0.006726947
0.006709707
0.006723769
0.006736425
0.006800592
0.006718041
0.006847623
0.006909497
0.006904081
0.006733561
0.006789499
0.006739082
0.006791738
0.006889758
0.006775331
0.006842362
0.006828248
0.006735176
0.006939237
0.006771998
0.006688978
0.006701322
0.006730853
0.006778353
0.006722779
0.006884133
0.006713353
0.006753405
0.006815332
0.006785280
0.006706269
0.006875436
0.006877987
0.006791842
0.006689654
0.006809186
0.006718926
0.006716895
0.006808248
0.006826686
0.006774498
0.006717884
0.006813248
0.006684915
0.006774290
0.006680488
0.006809863
0.006923300
0.006736425
0.006788561
0.006859758
0.006700384
0.006672363
0.006745645
0.006745279
0.006820279
0.006783144
0.006850539
0.006889758
0.006927987
0.006747988
0.006671582
0.006798821
0.006860591
0.006780540
0.006868039
0.006730436
0.006744967
