0.010573370
0.007432349
0.007331256
0.007381828
0.007487349
0.007412974
0.007473026
0.007303236
0.007383183
0.007383704
0.007393861
0.007511360
0.007473339
0.007444537
0.007375892
0.007487506
0.007425163
0.007395111
0.007446204
0.007382715
0.007375944
0.007623078
0.007404382
0.007339070
0.007465267
0.007483966
0.007413080
0.007501622
0.007453132
0.007417716
0.007388497
0.007537090
0.007372560
0.007474487
0.007487351
0.007471466
0.007417873
0.007390737
0.007366884
0.007419123
0.007441050
0.007400321
0.007583550
0.007525321
0.007384176
0.007542925
0.007476415
0.007446311
0.007419019
0.007417353
0.007377561
0.007501988
0.007388916
0.007432666
0.007467040
0.007476728
0.007331052
0.007313240
0.007369906
0.007441208
0.007378865
0.007467250
0.007408031
0.007274491
0.007325897
0.007396261
0.007458240
0.007331261
0.007387720
0.007424490
0.007446001
0.007371001
0.007530740
0.007488188
0.007377043
0.007406835
0.007415480
0.007434022
0.007364699
0.007322929
0.007329387
0.007490377
0.007313502
0.007486001
0.007434700
0.007390429
0.007346575
0.007347200
0.007495377
0.007565428
0.007409648
0.007405898
0.007391471
0.007524179
0.007545950
0.007451940
0.007394857
0.007492357
0.007391471
0.007342617
0.007470118
0.007462670
0.007374337
0.007380170
0.007358607
0.007455639
0.007391629
0.007416941
0.007310275
0.007461003
0.007374181
0.007381160
0.007459598
0.007516628
0.007421212
0.007454441
0.007357984
0.007490639
0.007516003
0.007412099
0.007454702
0.007358817
0.007382515
0.007328401
0.007418661
0.007534025
0.007306369
0.007367464
0.007366318
0.007543244
0.007406890
0.007469077
0.007417880
0.007482098
0.007397412
0.007461578
0.007416891
0.007413557
0.007481474
0.007542724
0.007322777
0.007438766
0.007474235
0.007439287
0.007381371
0.007425902
0.007401006
0.007419443
0.007391684
0.007496683
0.007549443
0.007373090
0.007426110
0.007548871
0.007544964
0.007419184
0.007523975
0.007524028
0.007392205
0.007399236
0.007446371
0.007500433
0.007446632
0.007453507
0.007333821
0.007518559
0.007510121
0.007542621
0.007502100
0.007480122
0.007383612
0.007378665
0.007428039
0.007344238
0.007480226
0.007372206
0.007355644
0.007374602
0.007388664
0.007484393
0.007399498
0.007428248
0.007393821
0.007554498
0.007460070
0.007529914
0.007323145
0.007521217
0.007387936
0.007493560
0.007423613
0.007478092
0.007360905
0.007420227
0.007366010
0.007542363
0.007460228
0.007337989
0.007393822
0.007389447
0.007386738
0.007475696
0.007508717
0.007465436
0.007531165
0.007483509
0.007379447
0.007406062
0.007531478
0.007343093
0.007427468
0.007467103
0.007374135
0.007339240
0.007407052
0.007336323
0.007295386
0.007508822
0.007347313
0.007527520
0.007311740
0.007469604
0.007376636
0.007333459
0.007395073
0.007457521
0.007449761
0.007477208
0.007477157
0.007490021
0.007366532
0.007489448
0.007407990
0.007354657
0.007378407
0.007412366
0.007391949
0.007480907
0.007474136
0.007330439
0.007332314
0.007427626
0.007364813
0.007412887
0.007367002
0.007546427
0.007389137
0.007410804
0.007393147
0.007406793
0.007491480
0.007415856
0.007556011
0.007552783
0.007355909
0.007585335
0.007416533
0.007418616
0.007398929
0.007398929
0.007612991
0.007396273
0.007465283
0.007487575
0.007438617
0.007372835
0.007411169
0.007470231
0.007507054
0.007530752
0.007454867
0.007580804
0.007400075
0.007599970
0.007446899
0.007391326
0.007444816
0.007406587
0.007360857
0.007384347
0.007286639
0.007574137
0.007457992
0.007464972
0.007353618
0.007360597
0.007496638
0.007566794
0.007459920
0.007393305
0.007391430
0.007401430
0.007505545
0.007453149
0.007422785
0.007490805
0.007389191
0.007385389
0.007404243
0.007656742
0.007480076
0.007422732
0.007447108
0.007354556
0.007429556
0.007457472
0.007484243
0.007477889
0.007315234
0.007506535
0.007432004
0.007546118
0.007388150
0.007394139
0.007346275
0.007526379
0.007528097
0.007342682
0.007420129
0.007410390
0.007364296
0.007556066
0.007584921
0.007427109
0.007445390
0.007293515
0.007376848
0.007559453
0.007527942
0.007279505
0.007322370
0.007385234
0.007359765
0.007469400
0.007550703
0.007587682
0.007421276
0.007400599
0.007395964
0.007366537
0.007508203
0.007444141
0.007546485
0.007506536
0.007347526
0.007452527
0.007513568
0.007394870
0.007381120
0.007392578
0.007400912
0.007353464
0.007334715
0.007431173
0.007431277
0.007424194
0.007368464
0.007389923
0.007375131
0.007611693
0.007478568
0.007565859
0.007398934
0.007410391
0.007517423
0.007468516
0.007416850
0.007379246
0.007384194
0.007500079
0.007436225
0.007384715
0.007486486
0.007418934
0.007413777
0.007388569
0.007304611
0.007355809
0.007480652
0.007478309
0.007375288
0.007420184
0.007484507
0.007373517
0.007523413
0.007430705
0.007426694
0.007533777
0.007476121
0.007363986
0.007336434
0.007428621
0.007334246
0.007461903
0.007390028
0.007440913
0.007356487
0.007453673
0.007360914
0.007623257
0.007560549
0.007415132
0.007461487
0.007541122
0.007357841
0.007472216
0.007454716
0.007457007
0.007468622
0.007446279
0.007342581
0.007577893
0.007421331
0.007381643
0.007367476
0.007368571
0.007351487
0.007406331
0.007482007
0.007304196
0.007404248
0.007487268
0.007359040
0.007526175
0.007391644
0.007373206
0.007546071
0.007377581
0.007357008
0.007398102
0.007435185
0.007393623
0.007500237
0.007360185
0.007376280
0.007406696
0.007446539
0.007532217
0.007576435
0.007401592
0.007369509
0.007337113
0.007525706
0.007367478
0.007486540
0.007518727
0.007307843
0.007491852
0.007562998
0.007372999
0.007447425
0.007409769
0.007341175
0.007407165
0.007433415
0.007385603
0.007426384
0.007499144
0.007334509
0.007441540
0.007412113
0.007596540
0.007609716
0.007549717
0.007536592
0.007325864
0.007468676
0.007455134
0.007447894
0.007451957
0.007389301
0.007451228
0.007388103
0.007284197
0.007400916
0.007409249
0.007356906
0.007461384
0.007416645
0.007325395
0.007390030
0.007465030
0.007408416
0.007390135
0.007447166
0.007357114
0.007493885
0.007329406
0.007368156
0.007307791
0.007309823
0.007298573
0.007470291
0.007472009
0.007302219
0.007356020
0.007505083
0.007503052
0.007372583
0.007294302
0.007397166
0.007423364
0.007509093
0.007335552
0.007388468
0.007402167
0.007358990
0.007501541
0.007501177
0.007327843
0.007452114
0.007540447
0.007370135
0.007441853
0.007469405
0.007480187
0.007459770
0.007389510
0.007374979
0.007329928
0.007427218
0.007582062
0.007526698
0.007505447
0.007326281
0.007640031
0.007582322
0.007533885
0.007441021
0.007376802
0.007391385
0.007534511
0.007352428
0.007436646
0.007511750
0.007485605
0.007368209
0.007505604
0.007489979
0.007489615
0.007450031
0.007261959
0.007321751
0.007395552
0.007458626
0.007418626
0.007308782
0.007382115
0.007387376
0.007370761
0.007323365
0.007427844
0.007527010
0.007393469
0.007367689
0.007339095
0.007527480
0.007521230
0.007442844
0.007448157
0.007359667
0.007377636
0.007464303
0.007359512
0.007382220
0.007577479
0.007400189
0.007402272
0.007504199
0.007429459
0.007478834
0.007455709
0.007389199
0.007537219
0.007426126
0.007485813
0.007528991
0.007490605
0.007327637
0.007360814
0.007338002
0.007486387
0.007516386
0.007371438
0.007365918
0.007278106
0.007384824
0.007418730
0.007502167
0.007461438
0.007259200
0.007315762
0.007314980
0.007492115
0.007476230
0.007413939
0.007362117
0.007599199
0.007570397
0.007366595
0.007466804
0.007439251
0.007324304
0.007458158
0.007530710
0.007487741
0.007412064
0.007400553
0.007387273
0.007394929
0.007373835
0.007403262
0.007392168
0.007545918
0.007352637
0.007516491
0.007451283
0.007627063
0.007361284
0.007421127
0.007383002
0.007311596
0.007409981
0.007363627
0.007452064
0.007461439
0.007330293
0.007282794
0.007366804
0.007465398
0.007443315
0.007452741
0.007351127
0.007398263
0.007538106
0.007575450
0.007425086
0.007492273
0.007368628
0.007318732
0.007429409
0.007462377
0.007461647
0.007508679
0.007394253
0.007429617
0.007481648
0.007406805
0.007403887
0.007381076
0.007376700
0.007366857
0.007412325
0.007393471
0.007346857
0.007599929
0.007331232
0.007391440
0.007525867
0.007396544
0.007416596
0.007350346
0.007355295
0.007465502
0.007435502
0.007362690
0.007364878
0.007322638
0.007379721
0.007459044
0.007500762
0.007528158
0.007454148
0.007439148
0.007448784
0.007417743
0.007439721
0.007614669
0.007529669
0.007579201
0.007381752
0.007663627
0.007555867
0.007433420
0.007298419
0.007283784
0.007353003
0.007395034
0.007401493
0.007416024
0.007438627
0.007505502
0.007540971
0.007456753
0.007451857
0.007383367
0.007411961
0.007291336
0.007396492
0.007596701
0.007416492
0.007451753
0.007355659
0.007495972
0.007476024
0.007421597
0.007400607
0.007319878
0.007484305
0.007506180
0.007360035
0.007403368
0.007423472
0.007392587
0.007435190
0.007487170
0.007350711
0.007411180
0.007490971
0.007412326
0.007486128
0.007416181
0.007410607
0.007284670
0.007466545
0.007497222
0.007402586
0.007478836
0.007354410
0.007562743
0.007514462
0.007445972
0.007421753
0.007484879
0.007370659
0.007405086
0.007428263
0.007405816
0.007490138
0.007396076
0.007354358
0.007420973
0.007327483
0.007347014
0.007326546
0.007500451
0.007386180
0.007480972
0.007479357
0.007484045
0.007413056
0.007502587
0.007324150
0.007399931
0.007368889
0.007528264
0.007616545
0.007341650
0.007403837
0.007362118
0.007404566
0.007421024
0.007405503
0.007379149
0.007346545
0.007534982
0.007452535
0.007465086
0.007432744
0.007459878
0.007353264
0.007443681
0.007295035
0.007393941
0.007384097
0.007495087
0.007351233
0.007431233
0.007535503
0.007443629
0.007446962
0.007401754
0.007406129
0.007367431
0.007422587
0.007418525
0.007492691
0.007461754
0.007403837
0.007405921
0.007400765
0.007477327
0.007410920
0.007496389
0.007437431
0.007420660
0.007512535
0.007458837
0.007561962
0.007379463
0.007350035
0.007463629
0.007477847
0.007483212
0.007487951
0.007475192
0.007382848
0.007461233
0.007431389
0.007512639
0.007406077
0.007412432
0.007489618
0.007511806
0.007436858
0.007352484
0.007367900
0.007439671
0.007379411
0.007589462
0.007490972
0.007498317
0.007412848
0.007397379
0.007375452
0.007353889
0.007438577
0.007430035
0.007282484
0.007584358
0.007344672
0.007401338
0.007417327
0.007432692
0.007527379
0.007409411
0.007393212
0.007459515
0.007386338
0.007436754
0.007419880
0.007560035
0.007385817
0.007341182
0.007476389
0.007478316
0.007378109
0.007420817
0.007372067
0.007375869
0.007444150
0.007439931
0.007467118
0.007435140
0.007403265
0.007475713
0.007420660
0.007468108
0.007400245
0.007476702
0.007357588
0.007320869
0.007437275
0.007470036
0.007508525
0.007316234
0.007343942
0.007411911
0.007349932
0.007446077
0.007385088
0.007355140
0.007345557
0.007494463
0.007466963
0.007526390
0.007426651
0.007420869
0.007397067
0.007398578
0.007437535
0.007427848
0.007509358
0.007584306
0.007360973
0.007553577
0.007551910
0.007509306
0.007620712
0.007523734
0.007337641
0.007552848
0.007431599
0.007474047
0.007354359
0.007344099
0.007398526
0.007412900
0.007454724
0.007536546
0.007391286
0.007495556
0.007379672
0.007284984
0.007364464
0.007402797
0.007510348
0.007518213
0.007352953
0.007450922
0.007428734
0.007253265
0.007390088
0.007362484
0.007365557
0.007512536
0.007484932
0.007484515
0.007469150
0.007477640
0.007333214
0.007460453
0.007494672
0.007357536
0.007409464
0.007511077
0.007322068
0.007432537
0.007502016
0.007549411
0.007510974
0.007455401
0.007416859
0.007353630
0.007489984
0.007427692
0.007386807
0.007583942
0.007423735
0.007565140
0.007473942
0.007412016
0.007400922
0.007435140
0.007351808
0.007454411
0.007386078
0.007275922
0.007421443
0.007395453
0.007379828
0.007494516
0.007479568
0.007574255
0.007536130
0.007560088
0.007362276
0.007557745
0.007472693
0.007417380
0.007395453
0.007397901
0.007363214
0.007385088
0.007376651
0.007433057
0.007573943
0.007444620
0.007312641
0.007339828
0.007414672
0.007453683
0.007372328
0.007506859
0.007386027
0.007560922
0.007393891
0.007467485
0.007377224
0.007409672
0.007359828
0.007335818
0.007442016
0.007484672
0.007425870
0.007359256
0.007322953
0.007432016
0.007447589
0.007463318
0.007396338
0.007503058
0.007388057
0.007327849
0.007406808
0.007455869
0.007371651
0.007402485
0.007347641
0.007412953
