0.478326990
0.478527250
0.478398656
0.478608916
0.478317251
0.478501625
0.478523344
0.478934123
0.478588604
0.478460585
0.478435429
0.478176575
0.478714646
0.478193138
0.478436106
0.478468814
0.478425429
0.478520481
0.478362773
0.478595533
0.478325482
0.478513346
0.478480169
0.478448034
0.478404858
0.478823658
0.478564910
0.478440431
0.478409859
0.478183974
0.478731992
0.478344286
0.478539651
0.478610379
0.478354026
0.478556473
0.478454859
0.478406370
0.478278403
0.478450485
0.478351423
0.478324809
0.478380851
0.478781786
0.478541474
0.478311372
0.478435590
0.478408247
0.478618142
0.478337153
0.478427779
0.478467622
0.478434133
0.478381946
0.478529133
0.478378249
0.478311478
0.478753508
0.478577414
0.478490175
0.478504759
0.478949861
0.478500540
0.478325437
0.478537520
0.478652519
0.478639707
0.478203564
0.478554500
0.478599239
0.478355802
0.478421115
0.478613614
0.478357626
0.478437053
0.478444814
0.478468042
0.478372522
0.478472574
0.478878927
0.478540543
0.478358564
0.478393877
0.478383565
0.478481950
0.478168722
0.478717210
0.478495648
0.478461950
0.478486534
0.478561326
0.478445754
0.478310546
0.478441692
0.478320546
0.478328411
0.478482420
0.478858356
0.478581847
0.478382682
0.478555233
0.478255599
0.478441172
0.478202162
0.478385755
0.478458880
0.478353203
0.478450443
0.478715911
0.478553620
0.478378048
0.478715651
0.478346434
0.478350601
0.478406538
0.478940182
0.478584819
0.478460757
0.478538257
0.478268675
0.478435237
0.478228051
0.478447737
0.478521800
0.478540081
0.478557581
0.478523623
0.478455134
0.478302270
0.478589768
0.478312114
0.478292010
0.478506072
0.478861487
0.478581384
0.478448885
0.478603936
0.478270917
0.478504874
0.478164408
0.478337115
0.478452531
0.478330814
0.478661489
0.478515553
0.478389511
0.478283158
0.478593886
0.478389929
0.478359721
0.478542533
0.478909927
0.478510397
0.478276440
0.478524929
0.478218003
0.478536231
0.478399201
0.478372794
0.478389930
0.478445295
0.478916855
0.478511128
0.478514462
0.478489930
0.478456337
0.478331077
0.478302015
0.478648889
0.478798784
0.478571754
0.478491546
0.478514359
0.478315557
0.478394828
0.478342328
0.478451703
0.478381651
0.478347224
0.478497172
0.478517016
0.478508786
0.478452433
0.478454985
0.478343058
0.478409517
0.478555922
0.478908994
0.478598995
0.478508528
0.478699256
0.478239988
0.478453267
0.478340247
0.478399779
0.478396914
0.478543216
0.478524518
0.478564778
0.478431863
0.478343738
0.478410821
0.478343061
0.478422592
0.478419312
0.478933580
0.478547488
0.478537488
0.478497905
0.478270719
0.478597905
0.478196969
0.478320615
0.478453791
0.478450927
0.478412958
0.478370615
0.478370876
0.478359209
0.478534625
0.478347386
0.478459834
0.478452542
0.478870666
0.478521501
0.478459834
0.478431189
0.478275096
0.478688896
0.478237283
0.478470148
0.478392491
0.478621189
0.478515929
0.478544106
0.478572908
0.478355982
0.947599816
0.970071960
0.931724468
0.478381660
0.478502493
0.478445254
0.478969678
0.478195359
0.478418692
0.478279213
0.478302182
0.478349109
0.478505983
0.478433067
0.478427703
0.478538536
0.478363329
0.478654317
0.478406037
0.478827806
0.478476870
0.478337704
0.478424371
0.478489423
0.478626453
0.478224112
0.478596454
0.478463381
0.478503590
0.478373121
0.478412809
0.478494215
0.478514371
0.478380153
0.478397549
0.478383799
0.478309477
0.478830725
0.478536090
0.478361196
0.478460363
0.478575986
0.478470779
0.478244530
0.478482915
0.478400206
0.478342707
0.478377915
0.478350936
0.478404530
0.478248802
0.478574894
0.478403333
0.478402343
0.478475155
0.478814269
0.478541562
0.478305782
0.478451146
0.478375417
0.478448594
0.478338281
0.478739687
0.478653229
0.478545625
0.478372188
0.478586042
0.478407085
0.478307605
0.478412762
0.478605886
0.478555209
0.478573074
0.479036561
0.478422189
0.478294221
0.478582658
0.478540731
0.478493752
0.478159118
0.478726564
0.478405680
0.478422867
0.478462399
0.478530420
0.478535419
0.478384118
0.478582086
0.478327088
0.478455264
0.478547503
0.478986199
0.478527295
0.478416150
0.478558284
0.478388389
0.478529743
0.478188390
0.478636462
0.478523442
0.478487713
0.478487400
0.478661931
0.478410161
0.478408807
0.478636514
0.478416828
0.478622557
0.478345684
0.479045941
0.478503599
0.478428964
0.478655422
0.478445892
0.478582870
0.478352247
0.478629589
0.478296986
0.478426569
0.478419122
0.478518809
0.478373810
0.478451882
0.478641933
0.478278653
0.478552611
0.478348966
0.478951464
0.478563653
0.478477977
0.478719278
0.478455373
0.478625372
0.478341415
0.478517248
0.478353707
0.478546884
0.478676310
0.478547092
0.478598342
0.478428447
0.478669383
0.478470165
0.478625321
0.478564488
0.479025059
0.478624332
0.478618603
0.478864436
0.478813499
0.478586468
0.478502666
0.478764176
0.478354282
0.478445948
0.478411626
0.478427199
0.478412511
0.478494438
0.478594646
0.478379283
0.478444230
0.478350845
0.478818082
0.478448709
0.478357356
0.478474543
0.478543762
0.478463814
0.478528033
0.478548501
0.478321419
0.478302669
0.478351107
0.478500950
0.478497981
0.478618866
0.478458346
0.478405482
0.478443764
0.478439493
0.478941105
0.478369806
0.478396994
0.478460378
0.478370899
0.478436681
0.478359338
0.478496837
0.478309442
0.478560639
0.478438192
0.478581160
0.478507462
0.478643295
0.478507879
0.478390119
0.478585743
0.478348037
0.478808712
0.478418557
0.478411422
0.478359339
0.478349547
0.478571734
0.478284496
0.478579026
0.478204236
0.478522880
0.478387152
0.478353142
0.478388923
0.478582151
0.478491736
0.478318975
0.478717881
0.478552256
0.478920692
0.478372570
0.478454392
0.478635121
0.478476840
0.478589028
0.478294654
0.478582778
0.478352154
0.478518299
0.478600277
0.478459289
0.478570955
0.478524133
0.478583663
0.478474863
0.478606268
0.478399914
0.478849601
0.478565852
0.478422207
0.478424447
0.478482936
0.478601581
0.478334916
0.478727622
0.478596009
0.478476165
0.478536686
0.478396687
0.478625332
0.478423926
0.478480749
0.478356636
0.478597572
0.478408615
0.478789238
0.478714863
0.478506062
0.478570750
0.478441583
0.478526115
0.478274189
0.478399969
0.478392730
0.478453354
0.478425282
0.478334397
0.478498147
0.478355335
0.478669604
0.478552990
0.478483980
0.478491220
0.478832573
0.478578094
0.478460856
0.478588616
0.478663043
0.478411377
0.478475752
0.478624397
0.478376429
0.478389398
0.478455752
0.478481846
0.478451117
0.478556377
0.478448409
0.478600388
0.478451274
0.478389712
0.478794449
0.478313775
0.478334348
0.478352889
0.478465545
0.478561222
0.478235442
0.478558827
0.478444348
0.478501692
0.478377630
0.478497993
0.478655650
0.478526588
0.478486275
0.478689244
0.478437213
0.478413307
0.478925752
0.478523151
0.478493724
0.478648776
0.478529348
0.478638359
0.478373620
0.478485599
0.478371537
0.478328308
0.478493724
0.478449505
0.478330444
0.478340444
0.478607161
0.478429246
0.478569610
0.478413100
0.479052056
0.478414455
0.478391851
0.478561121
0.478362163
0.478594766
0.478195967
0.478717266
0.478460340
0.478413986
0.478489767
0.478319924
0.478397425
0.478323101
0.478673569
0.478360497
0.478568986
0.478512684
0.478934558
0.478402112
0.478386019
0.478659715
0.478337113
0.478539508
0.478219562
0.478578727
0.478550498
0.478399821
0.478447270
0.478610967
0.478430915
0.478204354
0.478487269
0.478326905
0.478465082
0.478521437
0.478925601
0.478404458
0.478380083
0.478496541
0.478241177
0.478513364
0.478316490
0.478531541
0.478489198
0.478337219
0.478492375
0.478404146
0.478617114
0.478279667
0.478491021
0.478346386
0.478555032
0.478792686
0.478811020
0.478416178
0.478297064
0.478503418
0.478264356
0.478532792
0.478519147
0.478621491
0.478464460
0.478565397
0.478624199
0.478439147
0.478379200
0.478378991
0.478459616
0.478441074
0.478440085
0.478527585
0.478830396
0.478496908
0.478480033
0.478551804
0.478232899
0.478458835
0.478405660
0.478467638
0.478224722
0.478581127
0.478380243
0.478355607
0.478598575
0.478552065
0.478662899
0.478337483
0.478522170
0.478277327
0.478832273
0.478406754
0.478425556
0.478587431
0.478280974
0.478579097
0.478340817
0.478641597
0.478422536
0.478455400
0.478555764
0.478436755
0.478543265
0.478433161
0.478408266
0.478379568
0.478618629
0.478568682
0.478943212
0.478368943
0.478537328
0.478463787
0.478208527
0.478588422
0.478260819
0.478465089
0.478336184
0.478590453
0.478386600
0.478678890
0.478545298
0.478246444
0.478552120
0.478429048
0.478656286
0.478502485
0.478873838
0.478428840
0.478441809
0.478511444
0.478383684
0.478700818
0.478420298
0.478549517
0.478734464
0.478545194
0.478440976
0.478603111
0.478574308
0.478473632
0.478574777
0.478436966
0.478591966
0.478551862
0.478776183
0.478601236
0.478339936
0.478712955
0.478507852
0.478675716
0.478342697
0.478505299
0.478597382
0.478557852
0.478481758
0.478339988
0.478706393
0.478389572
0.478542383
0.478720403
0.478651342
0.478420457
0.478969204
0.478665508
0.478502853
0.478512176
0.478429051
0.478466134
0.478205511
0.478669154
0.478498218
0.478385770
0.478446187
0.478535978
0.478654572
0.478309626
0.478743009
0.478382177
0.478486865
0.478474208
0.478890352
0.478349730
0.478412803
0.478664104
0.478519729
0.478470771
0.478215929
0.478303272
0.478455199
0.478498063
0.478494990
0.478487438
0.478522386
0.478311606
0.478689521
0.478583272
0.478379470
0.478410460
0.479049312
0.478533272
0.478395929
0.478575876
0.478504054
0.478637751
0.478233221
0.478565512
0.478462127
0.478473221
0.478408638
0.478658428
0.478600564
0.478411242
0.478574054
0.478287336
0.478276347
0.478466971
0.479022542
0.478501347
0.478280671
0.478475148
0.478279525
0.478542023
0.478189577
0.478418170
0.478494212
0.478353691
0.478403743
0.478594107
0.478515410
0.478330567
0.478597649
0.478328848
0.478486868
0.478559628
0.478939575
0.478555045
0.478324525
0.478584420
0.478419838
0.478803222
0.478272442
0.478453796
0.478365880
0.478464056
0.478449108
0.478405202
0.478523380
0.478266245
0.478633535
0.478429213
0.478407546
0.478490932
0.478873586
0.478318380
0.478477338
0.478577390
0.478402079
0.478519266
0.478323485
0.478488797
0.478401193
0.478290882
0.478497286
0.478416246
0.478525568
0.478260934
0.478459995
0.478304579
0.478325569
0.478518849
0.478766349
0.478458433
0.478456558
0.478655568
0.478410152
0.478549631
0.478397079
0.478357132
0.478387236
0.478474007
0.478509996
0.478384996
0.478355206
0.478344268
0.474928553
0.478337133
0.478319164
0.478487184
0.478866349
0.478450257
0.478371612
0.478544633
0.478215051
0.478487029
0.478429217
0.478395467
0.478504008
0.478512445
0.478338488
0.478680153
0.478426821
0.478482237
0.478434686
0.478539894
0.478381196
0.478493904
0.478825934
0.478378332
0.478443853
0.478459894
0.478412395
0.478540623
0.478517185
0.478410884
0.478419634
0.478576821
0.478373071
0.478559061
0.478409166
0.478451874
0.478574530
0.478396822
0.478555988
0.478484686
0.478968695
0.478358437
0.478481666
0.478440156
0.478389114
0.478627291
0.478308855
0.478433854
0.478455937
0.478504895
0.478470885
0.478546458
0.478565937
0.478360209
0.478447084
0.478499479
0.478531302
0.478386303
0.478866352
0.478584791
0.478466407
0.478464687
0.478400886
0.478649166
0.478446615
0.478382241
0.478390782
0.478486563
0.478473386
0.478438074
0.478601198
0.478630053
0.478579740
0.478502345
0.478405783
0.478467032
0.478783906
0.478599272
0.478695105
0.478402553
0.478295732
0.478674896
0.478439169
0.478453335
0.478383231
0.478494220
0.478515418
0.478450991
0.478449064
0.478329065
0.478416409
0.478542867
0.478441096
0.478678804
0.478886459
0.478545991
0.478294378
0.478571513
0.478320680
0.478457295
0.478336878
0.478379951
0.478468909
0.478421669
0.478372712
0.478552295
0.478498700
0.478585992
0.478509482
0.478522919
0.478362556
0.478384952
0.478880419
0.478668024
0.478438857
0.478501878
0.478427868
0.478495264
0.478211254
0.478364535
0.478588910
0.478556878
0.478338390
0.478717242
0.478475629
0.478409379
0.478444640
0.478423078
0.478257817
0.478538806
0.479041356
0.478384536
0.478347557
0.478542296
0.478603598
0.478517974
0.478235787
0.478384901
0.478585838
0.478459276
0.478504849
0.478593859
0.478468130
0.478269381
0.478477817
0.478479797
0.478441464
0.478486724
0.479007242
0.478422297
0.478359068
0.478473859
0.478255423
0.478488286
