0.718920276
0.719012986
0.718800697
0.719023249
0.719062469
0.718973200
0.719113409
0.718803881
0.719011070
0.719046643
0.719158936
0.718796074
0.719038003
0.718841598
0.718838320
0.719072018
0.718959884
0.718989521
0.718758586
0.718843483
0.718997807
0.718845622
0.719014790
0.718859427
0.718822709
0.718775680
0.719185628
0.718899850
0.718982455
0.718899696
0.718875687
0.719050688
0.719147668
0.718854651
0.719121787
0.718945539
0.719005852
0.719053250
0.718893772
0.719034346
0.719113619
0.718871590
0.718931435
0.718950967
0.718966750
0.718819825
0.718951024
0.718822954
0.719001183
0.718923632
0.718945769
0.718908011
0.719024991
0.718886868
0.719017493
0.718831403
0.718983695
0.718893384
0.719032395
0.718745054
0.719090367
0.718985056
0.718967453
0.718732299
0.718804383
0.718816417
0.719074750
0.719016054
0.718956785
0.718852777
0.718919808
0.718788144
0.719079654
0.719200385
0.718828148
0.718947055
0.718871276
0.718780705
0.719206225
0.718977843
0.718898365
0.718873940
0.718769150
0.719131024
0.718997954
0.719086444
0.719044571
0.718651501
0.718888741
0.719107439
0.718958534
0.718978953
0.718842132
0.719068070
0.718816822
0.718945209
0.719060574
0.718899222
0.718956306
0.718793652
0.719125840
0.718935737
0.718997041
0.719013708
0.718936887
0.718824025
0.718930588
0.719066943
0.719277620
0.718925436
0.719037260
0.718748147
0.719101376
0.719007628
0.719059765
0.719107526
0.718769769
0.718866280
0.718855500
0.718924720
0.719133574
0.718843525
0.718955765
0.718856757
0.718923424
0.718708062
0.718913271
0.719193375
0.718810357
0.718947857
0.719178587
0.718875778
0.719189215
0.718744062
0.718971458
0.718906720
0.718993856
0.718881879
0.718878703
0.718968496
0.718925424
0.719094122
0.719243186
0.718879803
0.719033293
0.718762618
0.718977567
0.719055380
0.719080017
0.718780228
0.718990072
0.718925230
0.719076324
0.719027992
0.718925337
0.718819349
0.718772633
0.718835394
0.719039145
0.718746334
0.719172062
0.718882169
0.718736963
0.718935609
0.719126026
0.719034049
0.718985873
0.719066343
0.718800928
0.718667076
0.719121451
0.718912911
0.719024786
0.718884163
0.718747759
0.719028123
0.719044531
0.719046616
0.719082033
0.718939743
0.718763808
0.718913339
0.719213652
0.718920477
0.719066363
0.718816626
0.718798502
0.718815586
0.719032618
0.719211108
0.718967725
0.718922153
0.718804186
0.718822156
0.719104395
0.718931429
0.719240387
0.718780807
0.718980286
0.719026485
0.718941903
0.718943050
0.719087634
0.718929928
0.718814461
0.718970034
0.718999306
0.718834360
0.718932641
0.718787852
0.719132591
0.718822697
0.719145509
0.718952699
0.718845149
0.718974107
0.719098744
0.719092808
0.718983902
0.718834008
0.719016092
0.718725938
0.719114167
0.718979012
0.719020628
0.718897504
0.718859276
0.718983079
0.718889175
0.719134904
0.718899646
0.719004386
0.718977147
0.718939492
0.719038503
0.718768297
0.719174443
0.718888351
0.718682676
0.718992051
0.718980905
0.719098667
0.719060075
0.718783046
0.719188670
0.718841225
0.719061954
0.718780809
0.718874925
0.718821698
0.718929927
0.719084980
0.718852273
0.718998211
0.718828370
0.718802746
0.719032120
0.718951081
0.719102903
0.718833062
0.719108739
0.718776293
0.718918065
0.719024992
0.719050097
0.718974838
0.719038694
0.718894373
0.718978227
0.718963489
0.719140416
0.718877137
0.719073752
0.718815107
0.718969379
0.719051828
0.718871465
0.718978810
0.718795113
0.718987249
0.719076364
0.718825065
0.719150219
0.718861264
0.719089805
0.718960640
0.718916995
0.718823872
0.719050747
0.718848822
0.718825177
0.719214603
0.718926897
0.718766327
0.719017628
0.718802943
0.719001849
0.718620289
0.718909560
0.718837478
0.718800864
0.718835709
0.719050813
0.719029824
0.719004044
0.718882119
0.719049359
0.718751392
0.719202225
0.718905560
0.719035664
0.718918739
0.718907646
0.718935095
0.719065825
0.719062492
0.719285565
0.718801766
0.718914995
0.718856820
0.719083278
0.719065987
0.719098592
0.718823959
0.718812710
0.719114689
0.719025211
0.719022087
0.718937192
0.718879694
0.718804435
0.718848497
0.719074226
0.718839125
0.718989073
0.719045688
0.718979960
0.719109804
0.718906004
0.719188295
0.719127775
0.718850225
0.719044080
0.718770905
0.719184185
0.718735386
0.718841376
0.718818929
0.718905649
0.718884712
0.719001639
0.718939453
0.719022683
0.718947528
0.718962841
0.719028467
0.718972791
0.719049197
0.718944823
0.718824773
0.719231283
0.718936285
0.718862796
0.719001234
0.718810038
0.718927642
0.718979310
0.718921551
0.718919520
0.718709105
0.718833012
0.718911919
0.719035409
0.718847390
0.719126243
0.718775725
0.718817757
0.718909737
0.719058382
0.718953853
0.718858854
0.718983750
0.718869324
0.718902866
0.719181460
0.718849171
0.718972660
0.718896620
0.718891464
0.718942663
0.719098184
0.719022978
0.718861416
0.718757511
0.719016208
0.718987929
0.719073553
0.718979961
0.718708557
0.718700380
0.718971839
0.718986059
0.718855591
0.718966477
0.718852051
0.718808666
0.719060698
0.718917731
0.719009814
0.718887784
0.718867212
0.718755964
0.719102994
0.718971537
0.719026798
0.718949612
0.718794509
0.718941957
0.719197374
0.718931855
0.719340916
0.718914043
0.719075867
0.718825451
0.718939046
0.719278524
0.718957537
0.718917382
0.718840248
0.718941810
0.719022280
0.718812594
0.719021917
0.718871189
0.719097699
0.718871086
0.719141606
0.718928796
0.718990932
0.719157182
0.719015256
0.718898226
0.718946143
0.718790729
0.719000937
0.718676981
0.719264947
0.718736305
0.718968700
0.718768858
0.718837764
0.718928182
0.718968547
0.719004902
0.718896205
0.718854487
0.719103289
0.718843187
0.719019020
0.718889438
0.718965220
0.718780794
0.718761264
0.719073190
0.718955848
0.718990067
0.718946370
0.718849965
0.718960851
0.718862883
0.719227830
0.718786791
0.719002885
0.718864656
0.718962157
0.719017835
0.718984294
0.718870180
0.718919192
0.718629766
0.719008360
0.718826537
0.719121954
0.718970862
0.719261851
0.718815083
0.718938833
0.719095083
0.719056021
0.718958210
0.718844513
0.718895868
0.718977795
0.718875244
0.719248003
0.718799205
0.718892226
0.718855924
0.719056966
0.719079310
0.718824103
0.719041030
0.718848688
0.718904938
0.719033324
0.718928898
0.719025252
0.718944629
0.718964264
0.718941610
0.718849006
0.718997027
0.719018174
0.719013330
0.718881509
0.719242602
0.718818855
0.718899219
0.719135885
0.718806616
0.719079533
0.718922242
0.719067087
0.718806202
0.718898130
0.719050578
0.718870996
0.718888548
0.719148236
0.718952144
0.718884384
0.718792406
0.719068343
0.718935063
0.719134126
0.718866158
0.719149595
0.718784805
0.718843869
0.719063608
0.718905172
0.718895225
0.718657466
0.718857570
0.719168142
0.719062206
0.719075331
0.718736844
0.718832417
0.718916688
0.719044241
0.718966168
0.719006117
0.718795442
0.718825129
0.718753047
0.719132994
0.719043360
0.719038569
0.718951798
0.718895393
0.718974664
0.719152424
0.719010291
0.718857688
0.718946750
0.719005293
0.718967533
0.719116231
0.718898888
0.719153055
0.718808578
0.718863890
0.718969568
0.719053735
0.718891236
0.718900612
0.718878633
0.718907488
0.718883426
0.719203426
0.718878480
0.719062802
0.718839209
0.719162542
0.718833846
0.719298793
0.718907441
0.718744162
0.718834058
0.718954891
0.718926975
0.718916871
0.718758331
0.718983903
0.718656301
0.719187810
0.718877291
0.719009634
0.718887083
0.718902033
0.718918439
0.718935784
0.719120523
0.718966774
0.718918754
0.718877036
0.718995213
0.719115266
0.718886048
0.718994538
0.718894487
0.718714853
0.719138185
0.719043134
0.718945687
0.718834282
0.718838084
0.718903397
0.718909960
0.719157251
0.718856524
0.718953243
0.718772828
0.718950067
0.719150588
0.718958245
0.718951319
0.719024548
0.718730435
0.718929914
0.718939550
0.719134706
0.718801896
0.718963874
0.718882105
0.718979345
0.719052210
0.718928460
0.718969920
0.718869972
0.718735755
0.719207629
0.718901432
0.719139505
0.718996225
0.719073256
0.718791591
0.719114142
0.719196643
0.718834144
0.719042373
0.718891125
0.718968260
0.719115604
0.718972375
0.719208470
0.719054148
0.719185554
0.719378418
0.719138627
0.718979046
0.718901390
0.719222015
0.719007485
0.719359463
0.719081132
0.718781342
0.719090143
0.718755405
0.719100769
0.718939936
0.718977437
0.718794678
0.718929313
0.719229156
0.718981606
0.719061189
0.719022128
0.718962180
0.718760099
0.718822390
0.719327076
0.718804006
0.719187703
0.718754580
0.718933642
0.718817342
0.719004529
0.718940154
0.719026977
0.718714948
0.718826041
0.718779375
0.719145260
0.718895469
0.719294479
0.718759690
0.718677972
0.718943076
0.719199951
0.718982192
0.719003130
0.718877923
0.719090630
0.718820527
0.718929122
0.718815998
0.719084330
0.718752353
0.718809853
0.719093811
0.718841781
0.719051989
0.719098499
0.718989438
0.718748242
0.718902409
0.719144282
0.718813972
0.719211159
0.718821317
0.718816213
0.718899025
0.719057307
0.718987307
0.718944287
0.718908194
0.719158610
0.718964132
0.719063247
0.718866113
0.718913718
0.718780490
0.719145852
0.718934343
0.718815126
0.718877001
0.718719711
0.719119554
0.718907731
0.719103252
0.719075701
0.718842993
0.719147055
0.718749297
0.719095702
0.718855287
0.718888621
0.718709351
0.718904091
0.718861331
0.719001122
0.718750811
0.718989926
0.718826645
0.718791229
0.718937166
0.718979146
0.718964823
0.718960501
0.718979564
0.718837899
0.719019512
0.718912222
0.719057743
0.718895661
0.718716547
0.719118264
0.718988943
0.719036391
0.718901339
0.718914152
0.718866966
0.718826498
0.719295611
0.719008789
0.718995457
0.718999519
0.718715667
0.719025718
0.718791188
0.719064469
0.718873793
0.718942230
0.718823429
0.718993273
0.718979731
0.718892233
0.719004889
0.718720984
0.718769682
0.719009109
0.718926401
0.719130568
0.718869840
0.718972705
0.718765883
0.718938018
0.719097810
0.719059737
0.718935780
0.718951666
0.718960832
0.719089791
0.719066666
0.719237395
0.718863126
0.718868856
0.718944794
0.719063283
0.718974325
0.718914065
0.719038441
0.718949170
0.719030629
0.718939119
0.718849901
0.719077609
0.718770319
0.719035423
0.718974121
0.719017298
0.718920164
0.718936675
0.718964384
0.719082665
0.719092977
0.718932041
0.718755688
0.718938500
0.718746366
0.718968813
0.718885793
0.718953086
0.718870273
0.718930065
0.718945482
0.719036263
0.718918347
0.718998660
0.718931213
0.718927307
0.718722724
0.719191578
0.718955120
0.718989444
0.718911476
0.718842258
0.719082309
0.718878456
0.719163976
0.718905332
0.718726792
0.718814916
0.719046791
0.719003719
0.718988719
0.718968667
0.718771794
0.718914606
0.719123720
0.719001013
0.718847212
0.718957576
0.718856691
0.718753776
0.718812942
0.719147994
0.718688620
0.719112891
0.718868569
0.719044141
0.719066955
0.718921486
0.719077632
0.718817477
0.718809456
0.718996331
0.718888311
0.719029405
0.718817999
0.719086749
0.718859562
0.719074874
0.718991647
0.718857480
0.719198522
0.718944304
0.719050814
0.718899773
0.718892534
0.719168002
0.719177795
0.718958837
0.718890140
0.719050869
0.718880349
0.718859204
0.718915714
0.718869100
0.718962694
0.719050037
0.718869934
0.719084309
0.718818946
0.719173633
0.718888634
0.719184779
0.718713271
0.718997124
0.718829730
0.719039521
0.719009781
0.719073739
0.718783950
0.719070563
0.718929991
0.719202855
0.718866815
0.719174107
0.718880253
0.718704890
0.718973379
0.718993015
0.719092702
0.718929057
0.718775985
0.718892183
0.718712236
0.719245672
0.719022236
0.719064007
0.718899685
0.718822134
0.719064372
0.718922655
0.719113070
0.719023644
0.719106040
0.718959686
0.718991094
0.719107291
0.718878907
0.719084479
0.718768908
0.718856460
0.718984220
0.718925106
0.718880784
0.718937868
0.719016721
0.718850473
0.718775316
0.719229169
0.718798391
0.719164326
0.718808964
0.718894901
0.718820163
0.718995371
0.718975787
0.718907194
0.718902872
0.719049798
0.718889904
0.718847508
0.718847665
0.718853186
0.718839905
0.719175737
0.718959957
0.718924385
0.719035114
0.718893604
0.719144021
0.719100323
0.718907408
0.718850741
0.718955272
0.719064960
0.718759805
0.719081367
0.718894701
0.719062044
0.719179596
0.718903296
0.718921994
0.718994963
0.718931214
0.718873245
0.718664652
0.718951214
0.719015016
0.719217776
0.718756945
0.719061528
0.718653352
0.718951476
0.718970696
