0.822918869
0.822944544
0.822804021
0.822993133
0.822888288
0.823529222
0.823220783
0.822925781
0.823044268
0.822718642
0.822799837
0.823163168
0.823218166
0.822977227
0.822913058
0.823004358
0.822937585
0.823273676
0.822955550
0.823179452
0.823136170
0.822815126
0.822874813
0.823067465
0.822874912
0.823031628
0.822798658
0.822880895
0.822808289
0.823205578
0.823180732
0.823066147
0.823140311
0.823294163
0.823121140
0.822979629
0.823302438
0.823271916
0.823637746
0.823203995
0.823142847
0.823207585
0.823384041
0.822898103
0.823343568
0.822913151
0.823063669
0.823110282
0.823182206
0.822991685
0.822970641
0.822872774
0.823039959
0.822876729
0.823179590
0.822984849
0.822967711
0.823026251
0.822978385
0.823004633
0.823056141
0.822897546
0.823033689
0.823126187
0.822957852
0.822935403
0.823170765
0.823136127
0.823115501
0.822953520
0.822950810
0.823008829
0.823004764
0.823038773
0.823073354
0.822878300
0.823000694
0.823186265
0.823093451
0.823365323
0.822790322
0.823114590
0.822854225
0.823096202
0.822912033
0.822956302
0.822941509
0.823230100
0.822856610
0.823077544
0.823243688
0.823111186
0.822914414
0.822921392
0.822833838
0.823503158
0.823315187
0.822994249
0.822872217
0.823105287
0.822852890
0.823029085
0.823117573
0.823069446
0.822899132
0.822993818
0.822767098
0.823189960
0.823343708
0.823108446
0.822808028
0.823243077
0.822807296
0.823200574
0.823077604
0.823093540
0.822816299
0.823395358
0.822779057
0.823244314
0.823063948
0.823300873
0.822858632
0.823245765
0.822894566
0.823123991
0.823051698
0.822965759
0.822875757
0.823044349
0.822729401
0.822951846
0.822902782
0.822946113
0.822888039
0.822928298
0.823036368
0.822863763
0.823260791
0.822845479
0.823069122
0.823089537
0.823143597
0.822922920
0.823199740
0.822853958
0.823100831
0.822937652
0.823154317
0.822933899
0.823159782
0.823097229
0.823060769
0.822961184
0.822995818
0.823109879
0.823336647
0.822925553
0.823033989
0.822838259
0.823017684
0.823103359
0.823117784
0.823252366
0.822994136
0.822975748
0.822908039
0.822833350
0.823324232
0.823012929
0.822900011
0.823030791
0.822837717
0.822897091
0.822854329
0.823091565
0.822837451
0.822952136
0.822885364
0.823250205
0.822794111
0.823298066
0.822921399
0.823361604
0.822790719
0.823224310
0.822828268
0.823280714
0.822903317
0.823167482
0.822853210
0.823120395
0.822870707
0.823150340
0.822791641
0.823166118
0.822995180
0.823052209
0.823064812
0.823199811
0.822956789
0.823110068
0.822931473
0.823232460
0.823006679
0.823333186
0.822925686
0.823234381
0.822841985
0.823123597
0.822751045
0.823187605
0.822857969
0.823191873
0.822776144
0.822991558
0.822832182
0.823094211
0.822936138
0.823116187
0.822706396
0.823187382
0.822812069
0.822862172
0.822770452
0.823068053
0.822758106
0.822863573
0.823091956
0.822998569
0.819132800
0.823103671
0.823164762
0.823271324
0.823137781
0.822919759
0.823133195
0.822925589
0.823003452
0.822867775
0.823088241
0.823023605
0.823234853
0.822993550
0.823004173
0.822870579
0.823015265
0.822668493
0.823068855
0.822833386
0.822895207
0.822874008
0.823249578
0.822755048
0.823102910
0.823109158
0.823130928
0.822870198
0.823197487
0.823190455
0.823465088
0.822940662
0.823144983
0.823018680
0.823107115
0.823058051
0.823207061
0.822842425
0.822844924
0.822895651
0.822816432
0.822826118
0.823016533
0.823042468
0.822737312
0.823033612
0.822828819
0.823149963
0.823038764
0.823130638
0.822672148
0.822970739
0.822882302
0.823222767
0.823104590
0.823429431
0.823102243
0.823281095
0.823000886
0.823245937
0.822972135
0.823359268
0.822852966
0.823412181
0.823366243
0.823353846
0.822929784
0.823219834
0.823106291
0.823296341
0.823267382
0.823226234
0.823031391
0.823550607
0.823112794
0.823171022
0.823030969
0.823160655
0.822922894
0.823172580
0.822930548
0.823439607
0.823215753
0.823293824
0.823179136
0.823351009
0.823071270
0.823002831
0.822929341
0.822989651
0.823002203
0.823347617
0.823006575
0.823202980
0.823133708
0.823117873
0.823513496
0.823120683
0.823008703
0.823236983
0.823316565
0.823031564
0.822964480
0.823304322
0.823080519
0.823205153
0.823126975
0.822998694
0.823201088
0.823498533
0.823121762
0.823292698
0.823397749
0.823023999
0.823128060
0.823262641
0.823143683
0.823062692
0.823287065
0.823181439
0.823106490
0.823416228
0.823063676
0.823095446
0.823354558
0.822924975
0.822995078
0.823098514
0.823040232
0.823061116
0.823083355
0.822884292
0.823037520
0.822928716
0.823070121
0.822830120
0.823112983
0.822956056
0.822987201
0.823019491
0.823068083
0.823532299
0.823236414
0.823618808
0.823221568
0.823202922
0.823120525
0.823426773
0.823221825
0.823258646
0.823070625
0.823361144
0.823308746
0.823262548
0.823055204
0.823175515
0.822920567
0.823186867
0.823223012
0.823200094
0.822972021
0.823209571
0.823032956
0.823276288
0.822986757
0.823461337
0.823279775
0.823330294
0.823103419
0.823365448
0.823091802
0.823397112
0.822989613
0.823246017
0.822927580
0.823408515
0.823141587
0.823262108
0.823267158
0.823250439
0.823008668
0.822993563
0.823198561
0.822939342
0.822839966
0.822937152
0.822866631
0.823020119
0.823001264
0.823134544
0.823092981
0.823210896
0.823301780
0.823278185
0.823339747
0.823136205
0.823213339
0.823094484
0.823149066
0.823277190
0.823308752
0.823043595
0.823305364
0.822990989
0.823133592
0.823034476
0.823216506
0.823075881
0.823123692
0.823135983
0.823184211
0.823314157
0.823129157
0.822994730
0.823065405
0.822929416
0.823279986
0.823263580
0.823131235
0.823398525
0.823161962
0.823205243
0.823176961
0.823008939
0.823278625
0.823274613
0.823161176
0.823342581
0.823132632
0.823046538
0.823045651
0.823387003
0.823269711
0.823102315
0.822872419
0.823446687
0.822918824
0.823267571
0.822990072
0.823062987
0.822798195
0.823204339
0.822925329
0.823331316
0.823067150
0.823355689
0.823146626
0.823483656
0.823140948
0.823381571
0.823079540
0.823194956
0.823091153
0.823301307
0.823116932
0.823110630
0.823070524
0.823187710
0.823133127
0.823237292
0.823007084
0.823282394
0.823163540
0.823431559
0.822713435
0.822947289
0.822801559
0.823073380
0.823097025
0.823264419
0.822944628
0.823136762
0.823111292
0.823428061
0.823103217
0.823174414
0.822983425
0.823126444
0.823016912
0.823228630
0.823459201
0.823156233
0.823358471
0.823083314
0.823197636
0.823077427
0.823313936
0.823068520
0.823233101
0.823293986
0.823146173
0.823029246
0.823404817
0.822903880
0.823103618
0.822866118
0.823249761
0.823334917
0.823401948
0.823146166
0.823154707
0.823155540
0.823283924
0.823046944
0.823571108
0.823136526
0.823283348
0.823294649
0.823228867
0.823171940
0.823359229
0.823042460
0.823166469
0.823105634
0.822957092
0.823081987
0.823135841
0.823034590
0.822850892
0.822912349
0.822822714
0.823232503
0.823030889
0.823441720
0.823130210
0.823314895
0.822939376
0.823507654
0.823064790
0.823288017
0.823099320
0.823291922
0.822665206
0.823305462
0.823283744
0.823300096
0.822932649
0.823179939
0.822962544
0.823339103
0.823056344
0.823213686
0.822948582
0.823283893
0.822930352
0.822993580
0.822856340
0.823188109
0.822861547
0.823148629
0.822937795
0.823434095
0.823065137
0.823507166
0.823083364
0.823094823
0.823065603
0.823326903
0.823251382
0.823462110
0.823044038
0.823048933
0.822890808
0.823028515
0.823050858
0.823218148
0.822862211
0.823347314
0.823096948
0.823065594
0.823195749
0.823479185
0.822951113
0.823083508
0.822948924
0.822798404
0.823143922
0.823500170
0.823155015
0.823282514
0.823299648
0.823105638
0.823281418
0.823330271
0.823256000
0.823252353
0.823065687
0.823168446
0.823366465
0.823330580
0.823193340
0.823118080
0.823184641
0.823005735
0.823383388
0.823192399
0.823276721
0.823062972
0.822924898
0.822951095
0.823161250
0.823010833
0.822955728
0.823230728
0.823206716
0.823482392
0.823250360
0.823251975
0.823116870
0.823122755
0.823078900
0.823086035
0.823187180
0.823259575
0.823041138
0.823343531
0.823003688
0.823464051
0.823134051
0.823124572
0.822959936
0.823200873
0.822931966
0.823268735
0.822806393
0.823157067
0.823104724
0.823430659
0.822831390
0.823192378
0.823020971
0.823089825
0.823076543
0.823188209
0.822944147
0.823218988
0.823290811
0.823486121
0.823031435
0.823273309
0.823156069
0.823403099
0.823160755
0.823416639
0.823101170
0.823191430
0.822950284
0.823180180
0.823302939
0.823334657
0.823195125
0.822887053
0.822859292
0.822852261
0.822898197
0.822825541
0.823391059
0.823082101
0.823063558
0.823454859
0.823286422
0.823304493
0.823825168
0.823134129
0.823053086
0.823176054
0.823465323
0.823225272
0.823225480
0.823074958
0.823356207
0.823323967
0.823171206
0.823191674
0.823142924
0.823042924
0.823155372
0.823053652
0.823288807
0.823032505
0.822990890
0.822790682
0.823017660
0.823097712
0.823118908
0.823185678
0.823232761
0.823042709
0.823160104
0.823323124
0.823129582
0.823200415
0.823253486
0.823006196
0.823495724
0.822957862
0.823031507
0.823046454
0.823036193
0.823019995
0.823217336
0.822968796
0.823017024
0.823103117
0.822818430
0.823299470
0.822875304
0.823044938
0.822997490
0.823234988
0.823158321
0.823290404
0.823223997
0.823255559
0.823214569
0.823231339
0.823050350
0.823197641
0.823309879
0.823366910
0.823100348
0.823291805
0.823080555
0.823300554
0.823193627
0.823170293
0.823137220
0.823277166
0.822845970
0.823279925
0.822944666
0.823456695
0.823016488
0.823235132
0.822853102
0.822960184
0.823214089
0.823279349
0.823229453
0.823410910
0.823050442
0.823414711
0.823209555
0.823282783
0.823069086
0.823198773
0.822946793
0.823132730
0.822996428
0.823153406
0.823079552
0.823276269
0.823322258
0.823047675
0.823146580
0.823165799
0.823258975
0.823065382
0.823046892
0.823277150
0.822853766
0.822862151
0.823206941
0.823242461
0.823185847
0.823036836
0.823214491
0.823419855
0.823318761
0.823276104
0.823253916
0.823071521
0.823223812
0.823291206
0.823449174
0.823340632
0.823175841
0.823151258
0.823048862
0.823115319
0.823240474
0.823369952
0.823054537
0.823184744
0.823108026
0.823251409
0.822958337
0.823009326
0.822859222
0.823085315
0.823044898
0.823429219
0.823043335
0.823208125
0.823058594
0.823372030
0.822917968
0.823479633
0.823229477
0.823409788
0.823066560
0.823226819
0.822936872
0.823483744
0.822992652
0.823391400
0.823036818
0.823144317
0.823017807
0.823523794
0.823039212
0.823165201
0.822749003
0.823036294
0.822845408
0.823258636
0.823020928
0.823101448
0.823094521
0.823258009
0.823084572
0.823166186
0.823139622
0.823252643
0.822932123
0.823465610
0.823032018
0.823277068
0.823346026
0.823197119
0.822895246
0.823287952
0.822940661
0.823141702
0.823174149
0.823310137
0.822991858
0.823111700
0.823063679
0.822867065
0.823134824
0.823120188
0.823228052
0.822879824
0.823259614
0.823282529
0.823379456
0.823334560
0.823198518
0.823287371
0.823191799
0.823392370
0.823380651
0.823104714
0.823205963
0.823189349
0.823155338
0.823139348
0.823326118
0.823123619
0.823137212
0.823361325
0.823113200
0.822989920
0.823462574
0.822942054
0.823124345
0.822839293
0.823041949
0.823029709
0.823629341
0.823194291
0.823339498
0.823224602
0.823308508
0.823163403
0.823408194
0.823138559
0.823119445
0.822935070
0.823009183
0.822902621
0.823347671
0.823046266
0.823008974
0.823234077
0.822964025
0.823243347
0.823040847
0.823323033
0.822968711
0.823244908
0.822865846
0.823192564
0.822825950
0.823172042
0.822729074
0.823501571
0.822984594
0.823423081
0.823095999
0.823441987
0.822945321
0.823627610
0.823125997
0.823520058
0.823004591
0.823368547
0.823149329
0.823257401
0.822952037
0.823163911
0.823007922
0.823404066
0.822955057
0.823331305
0.822941255
0.823035056
0.822913649
0.823217971
0.822761462
0.823127605
0.822879534
0.823029012
0.823146094
0.823265937
0.822964011
0.823364791
0.823182863
0.823054791
0.823216092
0.823396091
0.823352445
0.823229684
0.823234007
0.823026611
0.823430255
0.823181975
0.823160100
0.823003173
0.823084735
0.823107443
0.823221349
0.823330254
0.823159264
0.822973275
0.822962911
0.823010618
0.823101555
0.823333585
0.822930618
0.823203481
0.823105407
0.823121189
0.823245875
0.823085719
0.823144834
0.823063688
0.823231134
0.823083895
0.823455873
0.823096447
0.823301341
0.823068790
0.823048425
0.823112747
0.823185507
0.823086392
0.822877539
0.823263163
