0.822399990
0.822425408
0.822472338
0.822251038
0.822507342
0.823189373
0.822599168
0.822386411
0.822568235
0.822446102
0.822514073
0.822675168
0.822648087
0.822503506
0.822498769
0.823122258
0.822410232
0.822401639
0.822731536
0.822377842
0.822305552
0.822503886
0.822319567
0.822402693
0.822475455
0.822475509
0.822750458
0.822266087
0.822162130
0.822676922
0.822633175
0.822582759
0.822311096
0.822586305
0.822350006
0.822613756
0.823258600
0.822565427
0.822403711
0.822427463
0.822308454
0.822650382
0.822518509
0.822648928
0.822414086
0.822698097
0.822122321
0.823057163
0.822512895
0.822372742
0.822360868
0.822506338
0.822335715
0.822398321
0.822476708
0.822698063
0.822305306
0.822920149
0.822415153
0.822388019
0.822789426
0.822273283
0.822278284
0.822401828
0.822463132
0.822613757
0.822694697
0.822574542
0.823071156
0.822290276
0.822439651
0.822314237
0.822722258
0.822328042
0.822503460
0.822537576
0.822535443
0.822382424
0.823343515
0.822491749
0.822438625
0.822402013
0.822331390
0.822463058
0.822245873
0.822412644
0.822292282
0.822568949
0.822393117
0.823124627
0.822324476
0.822460831
0.822413852
0.822726561
0.822418179
0.822610003
0.822515421
0.822390684
0.822371623
0.823055110
0.822345167
0.822589543
0.822547148
0.822526838
0.822373974
0.822568247
0.822348249
0.822492312
0.822667781
0.822642626
0.823095596
0.822419766
0.822238726
0.822374091
0.822402686
0.822575708
0.822392273
0.822642689
0.822324411
0.822518683
0.823402848
0.822503893
0.822423530
0.822494573
0.822446345
0.822359160
0.822605515
0.822319683
0.822408226
0.822480102
0.822550051
0.823018384
0.822404169
0.822394848
0.822358338
0.822348287
0.822263498
0.822398550
0.822568863
0.822724594
0.822556834
0.822936471
0.822452150
0.822417308
0.822688142
0.822350539
0.822522415
0.822477156
0.822362887
0.822396377
0.822497108
0.822639713
0.823079556
0.822508882
0.822297998
0.822721748
0.822452167
0.822742271
0.822481856
0.822644409
0.822575192
0.822616079
0.823209463
0.822593217
0.822750768
0.822533219
0.822357700
0.822501815
0.822613066
0.822562807
0.822221663
0.822495882
0.822298956
0.823246350
0.822266198
0.822515938
0.822381096
0.822439534
0.822166932
0.822526255
0.822496100
0.822551987
0.822363030
0.823033602
0.822614645
0.822528866
0.822589700
0.822563868
0.822608244
0.822663296
0.822503819
0.822465591
0.822504810
0.822440124
0.823244549
0.822613355
0.822541012
0.822310701
0.822622524
0.822419661
0.822319090
0.822787266
0.822534768
0.822421644
0.823219612
0.822476021
0.822533991
0.822561648
0.822517795
0.822443733
0.822415141
0.822458371
0.822217279
0.822587279
0.822274364
0.823231393
0.822414000
0.822601137
0.822217232
0.822630305
0.822275828
0.822493745
0.822465205
0.822670881
0.822435623
0.823374787
0.822358645
0.822538958
0.822422658
0.822688439
0.822380368
0.822489379
0.822397505
0.822490735
0.822335528
0.822537195
0.823056778
0.822402040
0.822289385
0.822498917
0.822332512
0.822530481
0.822268608
0.822348608
0.822544858
0.822405120
0.823242670
0.822450330
0.822529028
0.822598039
0.822630123
0.822353980
0.822638875
0.822516845
0.822581429
0.822368566
0.822565702
0.823140649
0.822419714
0.822371277
0.822598413
0.822382425
0.822413103
0.822251385
0.822435813
0.822426074
0.822643365
0.823112532
0.822617065
0.822421754
0.822779045
0.822434047
0.822662953
0.822355298
0.822321445
0.822494623
0.822493686
0.822413479
0.822995717
0.822514313
0.822607491
0.822654001
0.822533169
0.822424942
0.822211662
0.822458432
0.822316611
0.822735724
0.823074942
0.822522289
0.822396144
0.822571613
0.822393490
0.822750832
0.822531094
0.822636981
0.822310367
0.822455836
0.822341775
0.823268856
0.822285214
0.822522505
0.822440319
0.822693913
0.822242144
0.822390842
0.822232771
0.822452562
0.822409021
0.823106207
0.822615949
0.822486315
0.822626940
0.822437670
0.822472618
0.822423504
0.822598765
0.822643557
0.822507517
0.822388247
0.823076683
0.822400748
0.822503717
0.822634395
0.822622572
0.822290179
0.822457418
0.822242158
0.822337576
0.822662211
0.823044189
0.822712784
0.822494036
0.822434453
0.822501381
0.822472162
0.822728048
0.822482633
0.822369196
0.822269041
0.822588519
0.821020765
0.822483938
0.822459355
0.822367897
0.822472846
0.822293003
0.822302951
0.822578576
0.822478734
0.822254151
0.823248732
0.822500453
0.822719047
0.822542329
0.822660142
0.822313164
0.822579154
0.822504623
0.822617384
0.822423062
0.822605771
0.822270824
0.822570668
0.822370513
0.822781710
0.822732492
0.822457284
0.822212963
0.822279317
0.822152964
0.822348745
0.823209524
0.822661610
0.822509528
0.822594945
0.822522967
0.822585519
0.822715883
0.822476405
0.822497812
0.822437917
0.822465365
0.822598543
0.822839740
0.822318544
0.822477190
0.822560316
0.822428858
0.822221359
0.822453286
0.822657504
0.822367297
0.823134118
0.822446569
0.822686256
0.822777298
0.822422508
0.822467561
0.822599227
0.822337562
0.822358864
0.822426312
0.822429073
0.822202356
0.822629438
0.822343659
0.822539440
0.822482044
0.822806991
0.822199651
0.822340639
0.822108141
0.822630067
0.823075535
0.822708817
0.822444235
0.822653349
0.822359289
0.822633923
0.822633403
0.822802257
0.822398717
0.822703769
0.822375802
0.822372260
0.822279032
0.822515177
0.822344762
0.822927885
0.822383981
0.822358408
0.822344503
0.822606898
0.822271171
0.823068668
0.822479921
0.822537161
0.822498359
0.822360287
0.822520495
0.822486850
0.822545340
0.822325497
0.822595236
0.822456903
0.822613414
0.822578206
0.822579769
0.822743102
0.822512478
0.822507895
0.822492166
0.822441854
0.822384771
0.822288314
0.823087687
0.822396439
0.822640033
0.822527534
0.822595763
0.822448681
0.822528888
0.822465035
0.822544306
0.822432640
0.822973211
0.822371808
0.822492537
0.822485350
0.822359986
0.822607642
0.822208685
0.822570351
0.822409883
0.822841184
0.822340665
0.823068007
0.822192072
0.822432176
0.822563323
0.822523530
0.822510042
0.822719156
0.822457021
0.822643531
0.822605928
0.823281760
0.822456971
0.822665148
0.822341243
0.822458222
0.822326451
0.822375150
0.822333900
0.822737337
0.822416140
0.822406765
0.823013848
0.822338433
0.822184788
0.822590620
0.822561663
0.822516558
0.822819319
0.822466612
0.822507445
0.822598330
0.822974267
0.822691352
0.822538540
0.822592186
0.822491770
0.822888748
0.822390625
0.822287136
0.822697135
0.822445678
0.822495886
0.823143281
0.822390106
0.822391617
0.822508335
0.822637554
0.822582867
0.822512972
0.822818440
0.822532191
0.822538910
0.823112606
0.822391463
0.822436984
0.822386307
0.822409693
0.822074694
0.822624277
0.822450215
0.822400996
0.822608913
0.822665527
0.823025474
0.822327612
0.822312821
0.822505737
0.822384800
0.822580581
0.822407665
0.822565946
0.822404697
0.822615894
0.823106310
0.822587198
0.822467250
0.822743291
0.822354179
0.822524698
0.822348501
0.822648449
0.822425741
0.822811782
0.822313347
0.822943084
0.822313868
0.822498711
0.822260900
0.822601368
0.822547201
0.822565170
0.822868919
0.822561368
0.822650952
0.823120534
0.822558400
0.822548662
0.822452464
0.822433506
0.822445589
0.822409027
0.822409392
0.822297726
0.822375799
0.822703403
0.823278505
0.822397414
0.822423976
0.822481425
0.822368769
0.822831840
0.822775956
0.822467207
0.822475592
0.822542467
0.823071945
0.822633249
0.822444135
0.822459291
0.822289292
0.822696323
0.822378980
0.822517261
0.822442106
0.822667105
0.822374866
0.823341843
0.822480217
0.822365961
0.822346278
0.822453260
0.822482900
0.822570039
0.822398221
0.822374007
0.822549896
0.823630623
0.822400894
0.822597980
0.822413663
0.822724915
0.822562576
0.822476592
0.822338211
0.822610609
0.822291032
0.822257547
0.823072702
0.822368127
0.822431777
0.822330792
0.822321213
0.822448872
0.822725698
0.822606119
0.822424354
0.822483888
0.823161128
0.822428949
0.822861450
0.822515051
0.822491253
0.822502038
0.822474282
0.822374286
0.822472362
0.822391013
0.822433933
0.823166380
0.822475034
0.822281966
0.822433011
0.822272755
0.822287603
0.822446981
0.822504745
0.822668967
0.822575950
0.823144335
0.822297105
0.822527003
0.822471487
0.822446075
0.822539202
0.822752486
0.822308846
0.822509214
0.822274011
0.822500941
0.823432032
0.822854800
0.822302984
0.822458195
0.822187003
0.822467421
0.822472893
0.822768676
0.822357172
0.822647696
0.822884625
0.822478433
0.822744894
0.822869272
0.822419851
0.822560062
0.822445744
0.822644496
0.822436220
0.822754190
0.822189979
0.823296799
0.822388787
0.822362853
0.822221243
0.822554214
0.822287083
0.822347295
0.822570318
0.822419958
0.822813657
0.823282355
0.822465228
0.822455075
0.822434506
0.822407375
0.822581596
0.822430610
0.822586967
0.822393170
0.822531454
0.822301042
0.823200311
0.822552402
0.822761467
0.822305952
0.822463142
0.822462520
0.822525596
0.822435808
0.822585811
0.822336337
0.823029670
0.822563061
0.822579315
0.822720359
0.822292813
0.822673752
0.822409798
0.822571624
0.822431783
0.822582984
0.822312885
0.823393507
0.822404037
0.822635914
0.822309044
0.822338214
0.822227489
0.822687802
0.822361192
0.822588955
0.822516459
0.823136875
0.822499486
0.822842820
0.822340275
0.822591475
0.822603405
0.822431742
0.822434662
0.822464874
0.822213368
0.822297068
0.823038005
0.822473532
0.822516973
0.822365831
0.822434896
0.822377139
0.822625162
0.822394437
0.822527565
0.822668036
0.823384702
0.822522262
0.822520859
0.822407686
0.822443938
0.822922793
0.822492695
0.822407281
0.822551190
0.822202080
0.822410520
0.823178227
0.822626827
0.822786620
0.822459907
0.822245015
0.822403559
0.822273303
0.822436846
0.822518516
0.822565602
0.823113675
0.822495087
0.822371288
0.822633582
0.822661137
0.822512495
0.822636248
0.822438127
0.822427869
0.822384591
0.822516104
0.823053656
0.822474599
0.822381791
0.822647938
0.822253203
0.822457840
0.822326907
0.822511909
0.822417016
0.822788111
0.823120509
0.822775201
0.822544007
0.822634322
0.822439795
0.822688078
0.822404592
0.822504855
0.822334182
0.822471058
0.822182885
0.823248091
0.822269662
0.822495184
0.822554198
0.822311441
0.822223579
0.822317749
0.822539938
0.822804470
0.822615151
0.823233484
0.822513126
0.822518441
0.822458549
0.822569228
0.822807875
0.822349494
0.822481163
0.822566634
0.822538564
0.822323881
0.823417888
0.822388938
0.822595190
0.822564203
0.822419259
0.822384366
0.822495826
0.822421819
0.822492863
0.822349638
0.823196511
0.822748235
0.822472145
0.822431783
0.822468296
0.822679704
0.822441739
0.822613356
0.822377943
0.822808203
0.822162481
0.823176748
0.822218423
0.822866287
0.822549624
0.822447909
0.822243589
0.822564267
0.822209585
0.822685417
0.822603754
0.823331305
0.822784227
0.822542355
0.822446005
0.822328665
0.822383406
0.822719084
0.822413411
0.822416486
0.822485082
0.822251128
0.822967585
0.822440194
0.822316708
0.822616500
0.822371973
0.822245466
0.822450728
0.822502813
0.822394952
0.822786515
0.823225526
0.822624802
0.822550691
0.822604547
0.822484133
0.822616323
0.822472106
0.822634556
0.822631382
0.822146178
0.822323992
0.822386338
0.822402642
0.822325875
0.822721448
0.822400827
0.822302497
0.822334269
0.822405678
0.822350941
0.822643911
0.823194692
0.822513343
0.822613605
0.822412984
0.822468976
0.822388144
0.822615333
0.822475492
0.822523985
0.822293102
0.822558936
0.822710136
0.822559306
0.822197122
0.822437280
0.822606969
0.822455462
0.822205778
0.822471456
0.822598177
0.822490784
0.823041408
0.822628860
0.822588082
0.822679125
0.822464806
0.822588245
0.822317936
0.822995852
0.822570387
0.822622211
0.822293465
0.822336541
0.822295188
0.822435242
0.822597900
0.822545402
0.822553114
0.822141919
0.822345879
0.822331610
0.822516820
0.823192183
0.822446460
0.822641097
0.822646099
0.822471727
0.822684957
0.822592773
0.822586265
0.822533507
0.822470488
0.822454657
0.822490388
0.822328203
0.822556485
0.822584040
0.822524667
0.822490659
0.822450974
0.822498581
0.822300615
0.822363533
0.822936658
0.822638380
0.822465362
0.822602186
0.822410679
0.822545785
0.822462401
0.822897818
0.822448396
0.822643397
0.822412410
0.822533036
0.822430226
0.822549603
0.822494658
0.822698513
0.822589245
0.822621434
0.822288157
0.822406803
0.822357014
0.823136700
0.822597642
0.822586498
0.822562438
0.822776606
0.822523588
0.822577912
0.822376197
0.822462605
