0.961315292
0.961400761
0.944239574
0.954225057
0.961350863
0.961848100
0.410050957
0.410034967
0.961297789
0.961706068
0.837192735
0.950141789
0.961734401
0.961905910
0.913413279
0.961319818
0.961489660
0.409984133
0.961555389
0.961352524
0.888078269
0.961755334
0.961638511
0.930539045
0.410011215
0.959885288
0.961480386
0.961282417
0.410216682
0.961458667
0.961431947
0.911074584
0.410020901
0.961524758
0.961648924
0.954233847
0.410009963
0.937794898
0.961527621
0.938035469
0.960359968
0.961544599
0.961473453
0.924052969
0.961433660
0.961300797
0.409960326
0.961771523
0.961543190
0.867643180
0.961573033
0.961468605
0.912928737
0.961237720
0.961285741
0.952152024
0.410001158
0.938443535
0.961546207
0.937168694
0.960602460
0.961626206
0.961450008
0.927688521
0.961623287
0.961432715
0.409954125
0.961465840
0.961490162
0.874820854
0.961520839
0.961284381
0.919108134
0.409999281
0.410017405
0.961165109
0.961406305
0.961348805
0.410016884
0.410018343
0.942205961
0.961553387
0.961480522
0.410103289
0.410142924
0.961508490
0.961355938
0.925102638
0.410091466
0.409964330
0.961374062
0.961677289
0.898229249
0.410078340
0.961361925
0.961447654
0.946964948
0.406993716
0.943736938
0.961369112
0.961700360
0.410165370
0.410079484
0.961591297
0.961403849
0.931524536
0.409974172
0.958483339
0.961494994
0.961275150
0.410079796
0.961517076
0.961343274
0.898385544
0.410212244
0.961528637
0.961981708
0.950333366
0.410092556
0.940113093
0.961730926
0.961321969
0.410117138
0.961572958
0.961530093
0.850797962
0.410017138
0.961582383
0.961446810
0.901828652
0.961605038
0.961677173
0.941239125
0.410008960
0.949988154
0.961669516
0.928694172
0.410248542
0.961316339
0.961606754
0.961273734
0.927604175
0.961472900
0.961703055
0.410088177
0.410017865
0.961541544
0.961588054
0.930412600
0.961656127
0.961428627
0.961507636
0.935236799
0.961785864
0.922712679
0.961782582
0.961408521
0.958249678
0.941328336
0.961635290
0.961621019
0.410021561
0.961810861
0.961306592
0.855360277
0.410013644
0.410100518
0.961519715
0.961665548
0.910355066
0.410080830
0.961940650
0.961831327
0.958406704
0.942045100
0.961674816
0.932477949
0.961976273
0.961172838
0.961503566
0.410037548
0.925821566
0.961613044
0.961781168
0.410058120
0.961577678
0.961382940
0.875897641
0.961449969
0.962107102
0.918016750
0.961641531
0.961660229
0.954571609
0.944739303
0.961808300
0.931458468
0.961493300
0.961468769
0.961684236
0.933608510
0.961611007
0.961576788
0.409982077
0.961971317
0.961399913
0.866979910
0.961583662
0.961450485
0.907386473
0.961498348
0.961414963
0.947090590
0.951886822
0.961457462
0.923897970
0.961329806
0.961721054
0.954091500
0.945730333
0.961834230
0.961777667
0.410263011
0.410097439
0.961802146
0.961941520
0.864312415
0.410012022
0.961561156
0.961356625
0.917311846
0.410169052
0.410167802
0.961539645
0.961564020
0.890043356
0.410088114
0.961870111
0.961503810
0.942350446
0.956717943
0.961685840
0.961620788
0.409954311
0.961487507
0.961857662
0.849634863
0.961652453
0.961843025
0.952337853
0.947001883
0.961518494
0.961851931
0.912861493
0.961567920
0.949569946
0.950056245
0.961388181
0.961807658
0.410129622
0.410084622
0.961231306
0.961858438
0.914599869
0.961753855
0.961577605
0.895534630
0.961408283
0.961865260
0.935507028
0.958459491
0.961673853
0.961225105
0.924308111
0.961359739
0.938996856
0.960041827
0.961585883
0.961457446
0.410292848
0.410115193
0.961294790
0.961740048
0.899694819
0.961833433
0.962067963
0.889083504
0.409980141
0.961767495
0.961469266
0.945753233
0.954685281
0.961685932
0.961509421
0.410015348
0.961539421
0.961865878
0.850400682
0.961389577
0.961642284
0.940961999
0.958345994
0.961486295
0.961686086
0.410004253
0.916638758
0.961334211
0.961673741
0.934829573
0.961400981
0.961310356
0.917946305
0.961534782
0.962097175
0.410126335
0.410014617
0.961485302
0.961386239
0.870224091
0.961541915
0.961495613
0.911582265
0.961525509
0.961695196
0.952583720
0.947929884
0.961259467
0.922452169
0.961585142
0.961695715
0.959743639
0.409969251
0.935670711
0.961497069
0.961380715
0.844609864
0.961324674
0.961416444
0.409914250
0.949853780
0.961693317
0.961384464
0.410291488
0.410280186
0.961946284
0.961590765
0.844580487
0.919513219
0.961259515
0.961716909
0.410156020
0.410091592
0.961790137
0.961510138
0.936186798
0.961323628
0.961435867
0.912599910
0.961806438
0.961719146
0.956021252
0.943568070
0.961405970
0.961664042
0.925029235
0.961616593
0.943916505
0.409946070
0.946642797
0.961629041
0.961785654
0.908672475
0.961422687
0.961352530
0.410037476
0.961726851
0.962000235
0.882293356
0.961748048
0.961164249
0.919512534
0.961478883
0.961639767
0.957069837
0.410131277
0.931317905
0.961536954
0.942911037
0.957201815
0.961312996
0.961792473
0.922704135
0.961576172
0.961414974
0.410173203
0.961259298
0.961576066
0.873246148
0.961726378
0.961386796
0.917395508
0.961566431
0.961412732
0.960847370
0.946683988
0.961919241
0.927511614
0.961885334
0.961458617
0.961580127
0.938209539
0.961956271
0.961486793
0.410057993
0.961392991
0.961697781
0.861194057
0.961683198
0.961363928
0.901795513
0.961581687
0.961529968
0.943459830
0.957081027
0.961615072
0.917354254
0.961606737
0.961666061
0.956771079
0.409997420
0.933410179
0.961791841
0.961635904
0.410098409
0.961998818
0.961540695
0.868125849
0.961656892
0.962311473
0.906906583
0.410311323
0.961739443
0.961742099
0.953531297
0.946679657
0.961924129
0.927832282
0.962116315
0.961566630
0.961717202
0.934097726
0.961697462
0.961462672
0.410030803
0.961919753
0.961287880
0.899551609
0.407075502
0.961756993
0.961696419
0.954875195
0.945788616
0.961622722
0.961612564
0.410187155
0.410056532
0.962014959
0.961996052
0.911222343
0.961570376
0.962027198
0.951151251
0.949127456
0.961815166
0.926818115
0.961703865
0.961733761
0.961988915
0.410063717
0.409982885
0.942631595
0.961447772
0.961822926
0.409992311
0.961894748
0.961751259
0.863481433
0.962121518
0.961536103
0.907527250
0.410146633
0.962084173
0.962171464
0.956527268
0.410150748
0.935824744
0.961595424
0.937523538
0.961391623
0.961569904
0.962457452
0.928516698
0.961707247
0.961792401
0.410216320
0.961652038
0.961879016
0.879965532
0.962149952
0.961526933
0.922716563
0.961591048
0.961623495
0.955970912
0.944843716
0.961652400
0.931008197
0.961877138
0.961638441
0.962040783
0.410118298
0.925048532
0.961635993
0.961777191
0.410042257
0.961577295
0.961894117
0.869048124
0.961619065
0.961609118
0.917149447
0.961628649
0.961532659
0.954234770
0.946144125
0.961688335
0.929828511
0.961697658
0.961836251
0.961581980
0.941095914
0.961471356
0.961882864
0.410030224
0.961797708
0.961858957
0.901418673
0.961648021
0.962354945
0.939246129
0.961049897
0.961624323
0.961816561
0.924455770
0.961745155
0.939433992
0.959808392
0.961786717
0.961608489
0.923596865
0.961496770
0.962130412
0.410049181
0.961702653
0.961716977
0.861568565
0.961365154
0.961682757
0.902886268
0.961766975
0.961653955
0.944821521
0.953982839
0.961761038
0.921105310
0.961755047
0.961760360
0.957418866
0.410323294
0.933598959
0.961769474
0.961556037
0.410347096
0.961795620
0.961880567
0.864282719
0.961534057
0.961452548
0.908545253
0.961619369
0.961761660
0.946932395
0.953367161
0.961549317
0.919476148
0.410206835
0.961854993
0.961417182
0.962305668
0.934552703
0.961869263
0.961830929
0.410155950
0.961877804
0.962053168
0.870688056
0.410160324
0.961751398
0.961847126
0.924299044
0.962022647
0.961676242
0.907755463
0.961584210
0.961577647
0.943952091
0.954849913
0.961729887
0.961847073
0.410253865
0.410219334
0.961579939
0.961689886
0.835731732
0.410105636
0.920460099
0.961709938
0.961684573
0.410082563
0.410327927
0.410175740
0.961698478
0.961934884
0.947919470
0.410254177
0.410221938
0.409988813
0.946962077
0.961227490
0.961853634
0.410131365
0.962044778
0.961489937
0.957506098
0.941935638
0.961362280
0.925589764
0.961700040
0.961773893
0.960678220
0.939760542
0.961288530
0.962134464
0.410284228
0.962144672
0.961550612
0.855503163
0.410087093
0.961639987
0.961393216
0.901648398
0.961641549
0.962021756
0.940286684
0.410118291
0.410255738
0.409990166
0.960704624
0.961523475
0.908824463
0.962037900
0.961768266
0.945324945
0.410032301
0.944636874
0.961899515
0.961802953
0.914870532
0.961186080
0.943198806
0.956149329
0.962099357
0.961536078
0.919367702
0.961868160
0.961644775
0.410306778
0.962194044
0.961787431
0.882047327
0.961746337
0.961694462
0.922492792
0.410131883
0.410098654
0.409967144
0.961789305
0.961634931
0.898464136
0.961559982
0.961648784
0.935266596
0.961890450
0.961911387
0.961693107
0.410104383
0.915794901
0.962146490
0.958047808
0.942902190
0.961670918
0.962405239
0.410180893
0.961618419
0.961782688
0.919904206
0.961629564
0.962129874
0.901006364
0.410093288
0.961527949
0.961994718
0.950019557
0.950401795
0.961825083
0.961905135
0.410104434
0.961923415
0.961566907
0.846256734
0.410114225
0.410135735
0.961920134
0.961643834
0.897118565
0.410106621
0.410164538
0.410081204
0.961884613
0.961916071
0.883498775
0.410133704
0.961982268
0.961747686
0.927055895
0.410151360
0.961668676
0.962115705
0.961681228
0.932526498
0.961955132
0.942788280
0.957704784
0.961965393
0.961800654
0.410299275
0.915833438
0.961791434
0.961657372
0.882623984
0.961700289
0.962208516
0.911308611
0.961815392
0.961741955
0.410174224
0.962048829
0.961777683
0.944175878
0.956832339
0.961778412
0.916945464
0.961993620
0.961581954
0.954672815
0.944709260
0.961805548
0.961830704
0.410121047
0.410150161
0.961618985
0.961925234
0.862208542
0.961881119
0.961549662
0.907890758
0.410223494
0.961706849
0.961933150
0.954744063
0.945901755
0.961852265
0.930349993
0.961722942
0.962241273
0.961375182
0.936806373
0.961403308
0.961690442
0.409944432
0.962264606
0.961669921
0.861412866
0.961765493
0.961705962
0.905083112
0.961745233
0.961663462
0.947690236
0.410011306
0.944036865
0.961492577
0.935754084
0.410041722
0.957053427
0.961565910
0.962428926
0.918380245
0.962016220
0.961702784
0.410173493
0.961699867
0.961922626
0.927380054
0.962220073
0.961512055
0.962008876
0.410083076
0.410130107
0.940395783
0.961662054
0.937676940
0.960913619
0.961457887
0.961954031
0.924722824
0.961851793
0.961843094
0.410280210
0.961687522
0.962213144
0.868310337
0.409974899
0.410477344
0.961551480
0.961811479
0.912593861
0.961906323
0.961738198
0.954293227
0.945756334
0.961927103
0.928437131
0.961680802
0.962126216
0.961645437
0.410086825
0.924254647
0.962043926
0.961663406
0.410244845
0.962063300
0.962008352
0.876687386
0.410211720
0.962092050
0.961653197
0.926761147
0.961763352
0.961908195
0.961022002
0.410257188
0.409949794
0.947067786
0.961737780
0.961782936
0.410123908
0.961816112
0.961658561
0.912198599
0.961731529
0.961843924
0.893911119
0.410179844
0.961470540
0.962012257
0.943117748
0.957307379
0.961655279
0.962070121
0.919155446
0.961867309
0.951740057
0.956968266
0.961667622
0.961548508
0.409981095
0.962115120
0.961603351
0.953096666
0.947019658
0.961580122
0.935126372
0.961767205
0.961928662
0.961614445
0.929536654
0.961715381
0.962204181
0.410238333
0.961999025
0.961938974
0.869297568
0.409945209
0.961869286
0.961760954
0.917627065
0.410069376
0.961594340
0.961777933
0.961926369
0.936850947
0.961966838
0.942990454
0.957261179
0.961870796
0.961847203
0.919741067
0.961686057
0.961479183
0.410256458
0.961886785
0.962289909
0.872786563
0.962117670
0.961745536
0.911532400
0.409910782
0.962133086
0.961759233
0.962137409
0.932273308
0.961932930
0.939060208
0.960974444
0.961613191
0.962052773
0.928393271
0.961622932
0.961919440
0.410197394
0.961858295
0.961693764
0.870053396
0.961721420
0.961974648
0.914125514
0.410275102
0.961710066
0.961756420
0.959688042
0.940920043
0.961662878
0.933051637
0.410161197
0.959212107
0.961896106
0.961951991
0.916891022
0.961797356
0.962101001
0.410362029
0.410092603
0.962048500
0.961897616
0.950349849
0.952150832
0.961963449
0.961301681
0.409972811
0.962125896
0.962063917
0.900997960
0.410201977
0.961917147
0.961535326
0.948882927
0.410297497
0.409976509
0.953598221
0.961902563
0.961666835
0.410251352
0.410218956
0.961755115
0.961924438
0.837021284
0.410107706
0.949628028
0.961887562
