0.718923922
0.718709080
0.719009237
0.718817573
0.719278406
0.718866065
0.718991118
0.718987421
0.718837268
0.718966436
0.719265342
0.718942897
0.718917325
0.718897119
0.719048526
0.719088423
0.719230351
0.718961134
0.719130510
0.718779628
0.719048847
0.719219577
0.719047861
0.719067966
0.718968749
0.718835730
0.718912137
0.718988961
0.719117869
0.718921204
0.719139694
0.718828291
0.719088969
0.718899856
0.719000795
0.718930484
0.719490639
0.719102309
0.718827051
0.719067884
0.719090177
0.718868305
0.718959816
0.718891121
0.719063985
0.718972216
0.718977842
0.719151124
0.719636697
0.718965399
0.718990870
0.719084620
0.719047434
0.718868582
0.719094572
0.718821710
0.719065148
0.718937807
0.719020984
0.718909007
0.719529579
0.718953332
0.719010261
0.718841773
0.719036357
0.718774588
0.718968391
0.718823706
0.719233288
0.718825843
0.718948136
0.719091522
0.719763083
0.719232566
0.719129703
0.719173194
0.718881895
0.718878666
0.719026168
0.719008460
0.719155805
0.718896641
0.719013204
0.718710550
0.719504819
0.719065238
0.719118626
0.718963940
0.719042170
0.718917589
0.718857017
0.719032174
0.719423892
0.718998739
0.719158219
0.718804629
0.719475876
0.719009890
0.719041193
0.719029580
0.718819895
0.718885156
0.719178854
0.718915680
0.719548177
0.718865057
0.718971724
0.718770061
0.719588339
0.719483289
0.718959751
0.719172980
0.719137252
0.719057671
0.719271942
0.719071058
0.719093300
0.718725177
0.718998354
0.718845752
0.719760854
0.719113358
0.718944089
0.719121798
0.718899091
0.718847999
0.718987583
0.718866075
0.719073210
0.718942014
0.719051025
0.719011860
0.719510297
0.719254882
0.718953791
0.718865771
0.718929991
0.719226241
0.718998535
0.718881297
0.719227911
0.718754841
0.719040206
0.719015051
0.719639633
0.718807033
0.719040889
0.718912661
0.718860006
0.719144485
0.719288496
0.718707875
0.719013187
0.718814074
0.719162460
0.719043138
0.719295066
0.718938766
0.719064600
0.718927154
0.719100435
0.719069031
0.718999918
0.718913200
0.718911378
0.718691381
0.719110234
0.718853882
0.718951018
0.718889509
0.718946385
0.718838835
0.719130970
0.719143731
0.719044514
0.718806027
0.718863580
0.718786758
0.719141393
0.718941812
0.719239832
0.719582541
0.718914368
0.719206295
0.719131817
0.718996194
0.718962185
0.719159893
0.718968853
0.719072135
0.719208073
0.718938544
0.719029899
0.719459794
0.718941777
0.719061777
0.718920997
0.719003758
0.718906781
0.718923605
0.718725169
0.718999128
0.719127409
0.718830276
0.719237411
0.719400015
0.719055487
0.719001061
0.719051010
0.718915699
0.718964971
0.718937784
0.719105754
0.718997474
0.719015495
0.718901018
0.719165705
0.719530028
0.719139301
0.718932428
0.719027377
0.719020503
0.718856182
0.718963422
0.719006912
0.719066966
0.718877697
0.718785563
0.719096500
0.719411395
0.719241033
0.718925202
0.719066244
0.718860724
0.718888694
0.719027445
0.719134111
0.718993280
0.718998386
0.718815627
0.718958909
0.719627917
0.719389013
0.718962037
0.718946673
0.718836674
0.718902352
0.719014592
0.719072041
0.719079178
0.718863763
0.718730274
0.718954285
0.719515794
0.719259181
0.718855121
0.719124236
0.718752416
0.718956426
0.719126322
0.719065542
0.719010804
0.718951691
0.718798307
0.719046276
0.719579087
0.719235340
0.719029612
0.719026176
0.718908520
0.719117583
0.718977637
0.718965763
0.719101753
0.718851390
0.718948943
0.719074777
0.719632483
0.719210664
0.718921447
0.719134415
0.718773636
0.719063533
0.719010878
0.719008431
0.719042181
0.718887756
0.718935933
0.719100777
0.718980362
0.719247497
0.718893541
0.719240729
0.719226511
0.719163752
0.718964378
0.718982660
0.719273754
0.718748705
0.719080476
0.719115996
0.718917717
0.719250998
0.718727355
0.718941366
0.718926367
0.719061263
0.718846108
0.718935849
0.718945485
0.719007465
0.719045799
0.718960279
0.719025696
0.719588715
0.718869501
0.719265594
0.718950544
0.719128253
0.718879244
0.719093879
0.718903309
0.718940027
0.719189247
0.719111539
0.718990291
0.719527841
0.718892741
0.719255552
0.718907117
0.718960816
0.718919203
0.718886808
0.718753111
0.719262016
0.719157278
0.719178790
0.719045562
0.719500665
0.718821710
0.719056293
0.718998899
0.718947233
0.718826766
0.718984578
0.718974891
0.718998434
0.719128695
0.719040779
0.719129478
0.719396300
0.719448801
0.719084845
0.718923909
0.719206409
0.718798755
0.719201307
0.718874538
0.719159329
0.718963497
0.718997821
0.718859697
0.719558080
0.718931626
0.719141470
0.718911731
0.719143606
0.718713140
0.719104962
0.719010797
0.719196839
0.719046475
0.719220798
0.718954134
0.719560590
0.719124707
0.719078667
0.718808408
0.718911794
0.718650025
0.719179867
0.719102161
0.719006068
0.718837892
0.718907736
0.719098309
0.719972473
0.719125082
0.718982896
0.719181073
0.718971387
0.718832378
0.719361804
0.718845868
0.719051494
0.718887693
0.718966131
0.719092850
0.719910035
0.719113216
0.719237279
0.718949417
0.718926241
0.718990511
0.719286292
0.719042544
0.719535616
0.718729630
0.718791454
0.719140464
0.719614421
0.719329839
0.719093538
0.718898905
0.719186822
0.718868177
0.719198854
0.718844012
0.719098387
0.718767712
0.718892296
0.719304169
0.719056307
0.719176932
0.719086047
0.718876987
0.719121883
0.719041155
0.719222560
0.718858241
0.718977720
0.718962460
0.719106939
0.718920066
0.719071316
0.719013452
0.718928714
0.719073661
0.719165225
0.718912778
0.719119758
0.718882519
0.719069916
0.718954135
0.719243302
0.718924137
0.718829294
0.719622625
0.718915337
0.718945233
0.719140650
0.718845339
0.719132683
0.718819456
0.719135080
0.719179664
0.719145967
0.719156905
0.719058469
0.719514770
0.718940658
0.719092117
0.718983732
0.718723630
0.719013108
0.718736912
0.718929152
0.719116183
0.719398631
0.718922175
0.718978686
0.719513632
0.718977750
0.719166604
0.719143115
0.719051501
0.719054835
0.718944420
0.719043327
0.719101347
0.719193743
0.718946090
0.719091715
0.719421610
0.719017185
0.719173799
0.718995728
0.719082760
0.719077604
0.718881094
0.719089428
0.718944482
0.719227710
0.718829796
0.718920681
0.719470940
0.719014693
0.719057557
0.718922924
0.718925841
0.718916832
0.718907561
0.719138134
0.718856781
0.718940740
0.718873553
0.719003398
0.719444281
0.719192565
0.719122565
0.718888556
0.719106369
0.718896943
0.719161110
0.718954965
0.718920799
0.719211632
0.718805280
0.719003978
0.719547883
0.719041532
0.718886377
0.719126168
0.718988148
0.718857992
0.719103461
0.719209139
0.718959661
0.719048776
0.718760132
0.718996850
0.719598255
0.719143049
0.718918103
0.718981228
0.718942739
0.719161906
0.719125083
0.719009460
0.718926179
0.719144669
0.718815034
0.719134669
0.719608939
0.719282795
0.718821183
0.718861028
0.718864152
0.719066549
0.719046654
0.719017800
0.718968687
0.718901448
0.718851292
0.719220770
0.719485353
0.719224574
0.718870825
0.718899368
0.718866921
0.719099004
0.719128588
0.718893068
0.718937756
0.718799008
0.719018330
0.719417339
0.718864061
0.719172029
0.718725729
0.718940104
0.719053906
0.718918699
0.719099584
0.718979533
0.718908648
0.718843181
0.719034951
0.719135420
0.718808131
0.719082661
0.718862871
0.718962663
0.719270214
0.719178966
0.719156518
0.718997352
0.718996989
0.718944177
0.718965271
0.719097354
0.718892720
0.719725738
0.718818607
0.719225846
0.719068555
0.718905379
0.719353555
0.718920485
0.719026995
0.719103714
0.718922674
0.719174183
0.718913820
0.719694444
0.718876582
0.719147676
0.718851219
0.718903928
0.718990178
0.719085751
0.719086377
0.719048773
0.719083565
0.719077941
0.718898150
0.719509711
0.718785809
0.719236953
0.718965653
0.719241849
0.719006643
0.719094768
0.718998675
0.719161436
0.719092113
0.718965916
0.718860709
0.719588102
0.719097064
0.719192532
0.718934096
0.719118002
0.718762328
0.718993316
0.719332534
0.719219828
0.718895193
0.718961444
0.719024569
0.719543422
0.719057799
0.719186393
0.718784363
0.719185404
0.718787073
0.718996812
0.719069520
0.719033063
0.719113636
0.719039678
0.718877857
0.719624574
0.719024055
0.719451034
0.718947234
0.719057078
0.718691142
0.718950047
0.718979580
0.718913330
0.718988122
0.718852237
0.718908488
0.719677600
0.718995520
0.719139738
0.718822345
0.719179323
0.718884585
0.719107813
0.718844326
0.719016722
0.719297815
0.718817504
0.719019379
0.719636148
0.718946724
0.719205786
0.718866569
0.719030163
0.719036674
0.719210163
0.718838290
0.719005321
0.718956832
0.719004957
0.719068395
0.719654487
0.718998032
0.718993189
0.718885898
0.718998033
0.719026314
0.719197773
0.718858191
0.719004650
0.718958140
0.718908140
0.719120224
0.719019755
0.719034495
0.718897934
0.718855904
0.719211788
0.718967154
0.719190331
0.718961373
0.718922051
0.718896063
0.718980698
0.719159343
0.718995855
0.719095960
0.718875388
0.718814919
0.719129659
0.718988462
0.719112159
0.718786745
0.718974609
0.718779141
0.719025027
0.719204766
0.718918778
0.719639036
0.718889195
0.718964820
0.718954404
0.719045759
0.719227633
0.719064093
0.718960500
0.718760240
0.719176542
0.719044615
0.719224615
0.719723624
0.719088574
0.718925190
0.719120920
0.719278784
0.719476075
0.718800141
0.718991286
0.719016599
0.718917954
0.719217120
0.719006705
0.719481807
0.718893581
0.719191393
0.719073998
0.718768947
0.719213999
0.718886344
0.719104937
0.718876605
0.719083115
0.719004782
0.718950721
0.719708166
0.718891607
0.719006138
0.719183013
0.718926869
0.719051660
0.718782547
0.719262129
0.719177077
0.718988433
0.718971403
0.718907132
0.719575620
0.719269111
0.719076248
0.719059529
0.718790729
0.718913749
0.718782187
0.719059166
0.718855522
0.719088542
0.718879741
0.718989116
0.719580936
0.719238387
0.719048909
0.718913858
0.719007243
0.718896462
0.718922973
0.719102764
0.718870630
0.718983391
0.718903184
0.718976360
0.719609379
0.719071412
0.719046257
0.719013601
0.718802873
0.718883186
0.718991624
0.719169904
0.718841573
0.719099646
0.718763917
0.718939438
0.719716050
0.719075741
0.718965949
0.718983762
0.719014960
0.718794545
0.719011316
0.719112826
0.718865067
0.719089806
0.718770485
0.719053661
0.719458348
0.719089547
0.719020277
0.718981007
0.718955226
0.719045279
0.718869185
0.719178559
0.718821061
0.719114707
0.718777781
0.719207780
0.719505539
0.719020854
0.718897834
0.718805335
0.718973460
0.718977783
0.719187627
0.718871795
0.718900441
0.718887212
0.718793931
0.719254399
0.719134504
0.719051588
0.718876380
0.718840964
0.719170234
0.719163412
0.719066329
0.718867529
0.718940705
0.719037059
0.719145288
0.719285862
0.719039561
0.719160759
0.718715709
0.718949562
0.719231489
0.719125865
0.719104667
0.718987584
0.718974876
0.718827689
0.719004356
0.719163522
0.718845399
0.719723052
0.718866389
0.718877171
0.719102535
0.719126806
0.719015141
0.718990661
0.718875818
0.718903683
0.719216286
0.719270245
0.718845403
0.719662848
0.718741550
0.719270611
0.719229466
0.718939675
0.719152487
0.718880302
0.719044624
0.719102281
0.718900771
0.719069052
0.718869678
0.719651812
0.718906710
0.719003533
0.719043429
0.719013273
0.719417959
0.718829525
0.719242596
0.719146607
0.718938379
0.719098692
0.718926036
0.719681659
0.719054578
0.719209057
0.718846298
0.718826298
0.718847236
0.718924841
0.719066090
0.718948904
0.718970727
0.718968279
0.718867447
0.719733069
0.719025676
0.719029999
0.718844427
0.718991614
0.718866302
0.718880001
0.719099012
0.719021251
0.718831356
0.718976929
0.718853544
0.719730989
0.719012347
0.719236200
0.718915525
0.718676619
0.719105108
0.719115057
0.718919119
0.719032192
0.719213755
0.718876673
0.718721830
0.719723858
0.718978341
0.719008184
0.718866727
0.718917143
0.718823551
0.719087196
0.719109695
0.719043395
0.719041728
0.718822927
0.718914958
0.719773705
0.718844490
0.719144958
0.718926782
0.719035272
0.719072303
0.719237355
0.719026783
0.719023971
0.719011992
0.718870899
0.718956055
0.719627043
0.718924338
0.719249285
0.718886370
0.719065275
0.718915328
0.719122463
0.719079807
0.719069495
0.718965746
0.719032465
0.719069600
0.719007726
0.718861737
0.719223820
0.718935852
0.719205279
0.718947832
0.718998144
0.719041739
0.719101269
0.719010958
0.718944865
0.719133041
0.719185854
0.718913407
0.718933147
0.718831845
0.719259188
0.718885127
0.719035856
0.718887263
0.718888461
0.718830441
