0.523292363
0.522696533
0.523058718
0.522695804
0.522965751
0.522733303
0.522982729
0.522932677
0.522609657
0.522958458
0.522909344
0.522604553
0.522916271
0.522829448
0.522716064
0.522901896
0.523173353
0.522802469
0.522988302
0.522671532
0.522932312
0.522582783
0.522805855
0.523045072
0.522710751
0.522911688
0.522805230
0.522797208
0.522899604
0.522769501
0.522755855
0.522705542
0.523265384
0.522793563
0.522804031
0.522737782
0.522975332
0.522546376
0.522857052
0.522822677
0.522727469
0.522927521
0.522882625
0.522696636
0.522929448
0.522692991
0.522875438
0.522614553
0.523498768
0.522772313
0.522674084
0.522811584
0.522956218
0.522655490
0.523010281
0.522713510
0.522891583
0.522784917
0.522856688
0.522877520
0.522879395
0.523124551
0.523020645
0.522686532
0.523113040
0.522856739
0.522741687
0.522933874
0.522815229
0.522846062
0.522846739
0.522893561
0.522901114
0.522724656
0.522899395
0.522779395
0.522840437
0.522918354
0.522956895
0.522664760
0.522926426
0.523311111
0.522791479
0.522996114
0.522619709
0.522804656
0.522773250
0.522598250
0.522885229
0.522681688
0.522921009
0.522728458
0.522796479
0.522986165
0.522912520
0.522578250
0.523076842
0.523223664
0.523219810
0.523042780
0.522866791
0.522800072
0.522778665
0.522786999
0.523266424
0.522591948
0.523045748
0.522786843
0.522701687
0.522992467
0.522643301
0.522988821
0.523040331
0.523257205
0.522832364
0.522844603
0.522798718
0.522906009
0.522670801
0.522792937
0.522892311
0.522586791
0.523073352
0.522576999
0.523012206
0.522938925
0.522716947
0.522786009
0.523004915
0.523399809
0.522918977
0.522870904
0.522841270
0.522746530
0.522589239
0.522805540
0.522630489
0.522833457
0.523065487
0.522529968
0.522929498
0.522887831
0.522926477
0.522790279
0.522894914
0.522708822
0.523314965
0.522814550
0.522898457
0.522837936
0.522946997
0.522774602
0.522774655
0.522915592
0.522828665
0.522684759
0.522869863
0.522832936
0.522795748
0.522820852
0.522920175
0.522855227
0.523309339
0.522929550
0.522842883
0.522557312
0.522835956
0.522894446
0.522723352
0.522824759
0.522691270
0.522773092
0.522951685
0.522929289
0.523011945
0.522887778
0.523035018
0.522844498
0.523148611
0.522871581
0.522889185
0.522519916
0.522921737
0.522944185
0.522886060
0.522837310
0.522644447
0.522853404
0.522978716
0.522836737
0.522935435
0.522666843
0.522935227
0.522683821
0.523169080
0.522933976
0.522832466
0.522767467
0.522971268
0.522716477
0.522902466
0.522739810
0.522794706
0.522856112
0.522696113
0.523026059
0.522861685
0.522788456
0.523177361
0.522991684
0.522848559
0.523026320
0.522775019
0.523111892
0.522990643
0.522915383
0.522915487
0.522793248
0.522693716
0.522854601
0.522801164
0.522982465
0.522876320
0.522862986
0.523005798
0.522614759
0.522850435
0.523364443
0.522914132
0.522890747
0.522733144
0.522806268
0.522786060
0.522775799
0.522884445
0.522747101
0.522756268
0.522819185
0.522725122
0.522836632
0.522923924
0.522531738
0.522910851
0.523255173
0.522815174
0.522892049
0.522805487
0.522863976
0.522866945
0.522887153
0.523100329
0.522594550
0.522988872
0.522864027
0.522746008
0.522862986
0.523026527
0.522762310
0.522915225
0.523217985
0.522740695
0.522850226
0.522787101
0.522731528
0.522707570
0.522944913
0.523010590
0.522515853
0.523002673
0.522852153
0.522753872
0.522903558
0.522871424
0.522701320
0.522808716
0.520668933
0.522944601
0.522506373
0.522975225
0.522817882
0.522725486
0.523004183
0.522783611
0.522765746
0.522978298
0.522594028
0.522714758
0.522751319
0.523017099
0.522810486
0.522669965
0.522901579
0.522863767
0.522520695
0.522995069
0.522716111
0.522700747
0.522969756
0.522764601
0.522708350
0.523065641
0.522576268
0.522937621
0.522724132
0.522857933
0.522812882
0.522672101
0.522981631
0.523315379
0.522571581
0.523201265
0.522623977
0.522775799
0.523011215
0.522694288
0.522815903
0.522849391
0.522778090
0.522847413
0.522550800
0.522834913
0.522813142
0.522648612
0.523224234
0.523302619
0.522621840
0.522966579
0.522590643
0.522854756
0.522908923
0.522756215
0.522791527
0.522840590
0.522869548
0.523099599
0.522688455
0.522827621
0.522722257
0.522818923
0.523040120
0.523111317
0.522721163
0.522983662
0.522642882
0.522934079
0.522752309
0.522954599
0.522840433
0.522971370
0.523001006
0.522778767
0.523050484
0.522823245
0.522610642
0.522967047
0.522910850
0.523390848
0.522839392
0.522753037
0.522779080
0.522851266
0.522720017
0.522920172
0.522718351
0.523117932
0.522862412
0.522687517
0.522817465
0.522776943
0.522602048
0.522953089
0.522826631
0.522844443
0.522830433
0.522810433
0.522894182
0.522837516
0.522844599
0.522924183
0.522529861
0.522958765
0.522927099
0.522645642
0.522998609
0.522812725
0.522843193
0.522811214
0.522580330
0.520233308
0.523293244
0.522803245
0.522848193
0.522653767
0.523011213
0.522962620
0.522589600
0.522870537
0.522784026
0.522789026
0.523025640
0.522651527
0.522725797
0.522776162
0.522701423
0.523076682
0.523237827
0.522930224
0.522817047
0.522744339
0.523004130
0.522775954
0.522795068
0.523077463
0.522747621
0.522792568
0.522846995
0.522670276
0.522882984
0.522620017
0.522708662
0.522848140
0.523340534
0.523105848
0.522776266
0.522861786
0.522926421
0.522831630
0.522796370
0.523116056
0.522626579
0.522909859
0.522907672
0.522843245
0.522857150
0.522867047
0.522822880
0.522769443
0.523191680
0.522815901
0.522588089
0.522861838
0.522990015
0.522714495
0.523027254
0.522858817
0.522897879
0.522964911
0.522751942
0.522772984
0.522791109
0.522759234
0.522713297
0.522732828
0.522723974
0.522863661
0.522633870
0.522890900
0.522984911
0.522651995
0.522813557
0.522798818
0.522686734
0.522981630
0.522821734
0.522896473
0.522728401
0.523030171
0.522903140
0.522630068
0.522994337
0.523696366
0.522573245
0.522889650
0.522567985
0.522746161
0.522773349
0.522962411
0.522898452
0.522908400
0.522898764
0.522913869
0.522599651
0.522916473
0.523059024
0.522741943
0.523161733
0.523531471
0.522734026
0.522930119
0.522571631
0.522833557
0.522798244
0.523062046
0.522873921
0.522794286
0.522988608
0.522933036
0.522765953
0.523040743
0.522763765
0.522885380
0.522943973
0.523286888
0.522783192
0.522844650
0.522621370
0.522855483
0.522521631
0.523074024
0.522879129
0.522620016
0.522905587
0.522938087
0.522662151
0.523043400
0.522590641
0.523030118
0.522871161
0.523213399
0.522779390
0.522814077
0.522877879
0.522810952
0.522546370
0.522987618
0.522768713
0.522795327
0.522931733
0.522642047
0.522727202
0.522958868
0.522556058
0.523047774
0.522797775
0.522949493
0.522902671
0.522784077
0.522839181
0.522767983
0.522822463
0.523057461
0.522516057
0.522754754
0.522978920
0.522807671
0.522814911
0.522690431
0.522857722
0.522971889
0.522861316
0.522937358
0.523309960
0.522860744
0.522808191
0.522629911
0.522740848
0.522831265
0.522495328
0.522852931
0.522881264
0.522804286
0.522794025
0.522760014
0.522933399
0.522910951
0.522692567
0.522919649
0.523171471
0.522937722
0.522776265
0.522723348
0.522849701
0.522892410
0.522775222
0.522913764
0.522784337
0.522920586
0.522684286
0.522822722
0.522923347
0.522794858
0.523015013
0.523048815
0.523248815
0.522897670
0.522853191
0.522990795
0.523070377
0.522731264
0.522810378
0.522798504
0.522845587
0.523065951
0.522574702
0.522883087
0.522906159
0.522768869
0.523020326
0.522838035
0.523381001
0.522965638
0.522512880
0.522789910
0.522817618
0.522866576
0.522892983
0.522745587
0.523143815
0.522914909
0.522723452
0.523118658
0.522730066
0.522765743
0.522973295
0.522627515
0.522743400
0.522961575
0.522528557
0.522843556
0.522887410
0.522989232
0.522810691
0.522632358
0.522852722
0.522892983
0.522648817
0.522960795
0.522518817
0.522800014
0.522965951
0.522703140
0.522817670
0.523482980
0.522890222
0.522883712
0.522851784
0.522680066
0.522725899
0.522769493
0.522889753
0.522654233
0.522733868
0.522950638
0.522594702
0.522973711
0.523053294
0.522826472
0.522920534
0.523449386
0.522692097
0.522889232
0.522663244
0.522960326
0.522773035
0.522965273
0.522874284
0.522721108
0.523153658
0.522965117
0.522589286
0.522832566
0.522776837
0.522741003
0.522786732
0.523292772
0.522849805
0.522771315
0.522921836
0.522779597
0.522582254
0.522878347
0.522669233
0.522635952
0.522971940
0.522799233
0.522671681
0.522901888
0.522823763
0.522821940
0.522771784
0.523556573
0.522874701
0.522772357
0.522991262
0.522950221
0.522642202
0.523198553
0.522688764
0.522876836
0.522791628
0.522731315
0.522862722
0.522828243
0.522831628
0.522830326
0.522610171
0.522926055
0.522777305
0.522734597
0.522952304
0.522855794
0.522852201
0.523018138
0.522675014
0.522976836
0.522797565
0.522922148
0.523037564
0.522846315
0.522839180
0.522912929
0.522602461
0.523005169
0.523231626
0.522852774
0.522996002
0.522675899
0.522810430
0.522944700
0.522555119
0.522991158
0.522822357
0.522841002
0.522806315
0.522620900
0.522854804
0.522766785
0.522707044
0.522979127
0.523163605
0.522747097
0.522881315
0.522714128
0.523211782
0.522971888
0.522802722
0.523030064
0.522808086
0.523038294
0.522938658
0.522715587
0.523201053
0.522638868
0.522793971
0.523103970
0.523224386
0.522824231
0.522890117
0.522822617
0.522789440
0.522882877
0.522728659
0.522854023
0.522717097
0.523044075
0.522533816
0.522812304
0.522889856
0.522731263
0.522790638
0.523005012
0.523320115
0.522863502
0.522712878
0.522814961
0.522784857
0.522946262
0.522917720
0.523056366
0.522895898
0.522885116
0.522639701
0.522862877
0.522704024
0.522734908
0.522970897
0.522826680
0.522781940
0.522968293
0.522791627
0.523064387
0.522812773
0.522784804
0.522760690
0.522635794
0.522944023
0.522852095
0.522594545
0.522933189
0.522546889
0.522796471
0.522800586
0.522907460
0.522861679
0.523345427
0.523017408
0.522947981
0.522599649
0.522991157
0.522737097
0.522741732
0.522876732
0.522610013
0.522777721
0.522895950
0.522649544
0.522808711
0.522676627
0.522946522
0.522799492
0.523194021
0.522930481
0.522823554
0.522741992
0.522985220
0.522556055
0.522808659
0.522887929
0.522644544
0.522855429
0.522940064
0.522931991
0.522881210
0.522721523
0.522879856
0.522859856
0.523217615
0.522889804
0.522801836
0.522739648
0.522942877
0.522634596
0.523120427
0.522942460
0.522713554
0.522804231
0.522925689
0.522681419
0.522877095
0.522574596
0.522927668
0.522684492
0.522863867
0.522930480
0.522694283
0.522845741
0.522893033
0.522616836
0.522878710
0.522739596
0.522744075
0.522729179
0.522784491
0.522870012
0.522769075
0.522762773
0.522894439
0.522578606
0.523003761
0.523384281
0.522709752
0.523140688
0.522926574
0.522968762
0.522896991
0.522727200
0.522857616
0.522758034
0.522964334
0.522957563
0.523075013
0.522717964
0.522883640
0.522603797
0.523011763
0.523199314
0.523004210
0.522847283
0.523119000
0.522844729
0.522791656
0.522791499
0.522938946
0.522535458
0.523055403
0.523045715
0.522625091
0.522778997
0.522798840
0.522811443
0.522894723
0.523518002
0.522988785
0.522721858
0.522837430
0.522792794
0.522605711
0.522894512
0.522937375
0.522553730
0.523031853
0.522791645
0.522948154
0.522844195
0.522964715
0.522955184
0.522865548
0.523189557
0.523050495
0.522660391
0.522957421
0.522805754
0.522630650
0.523134450
0.522907054
0.522790440
0.523105438
0.522611012
0.522673667
0.522991479
0.522664187
0.522835436
0.522747415
0.522877102
0.523175642
0.522706580
0.523094235
0.522805642
0.522640381
0.522935067
0.522792671
0.523005014
0.522935378
0.522589702
0.522899075
0.522837409
0.522884126
0.522975948
0.522660063
0.522916156
0.523366415
0.522761989
0.523115893
0.522612197
0.522880945
0.522948913
0.522719903
0.522905995
0.522880214
0.522785422
0.523020785
0.522736463
0.522972451
0.522757139
0.522779326
0.522806200
0.523230156
0.522737137
0.523342707
0.522627241
0.522962760
0.522888333
0.522833124
0.522814581
0.522744633
0.522805622
0.522791663
0.522752288
0.522910308
0.522543642
0.522941609
0.522745411
0.523180773
0.522991242
0.523197283
0.522861451
0.522948168
0.522822856
0.522806866
0.522689679
0.522796813
0.522852020
0.522661083
0.522852436
0.522777488
0.522567020
0.522946549
0.522790403
0.523413317
0.522904361
0.522696964
0.522768474
0.522904567
0.522770556
0.522975243
0.522749931
0.522894981
0.523106023
0.522745138
0.523043886
