0.409844485
0.961668031
0.961527407
0.928842122
0.961473918
0.961644125
0.910103448
0.962098707
0.961494855
0.951168490
0.944281904
0.961490688
0.961816729
0.409874903
0.961640844
0.961906416
0.865359516
0.961841208
0.961547407
0.913214738
0.409891308
0.961725167
0.961397252
0.961341315
0.921207258
0.961359543
0.952856245
0.945045495
0.961637459
0.961475012
0.409989798
0.961579230
0.961936052
0.928440042
0.961883917
0.961353294
0.914561869
0.961386523
0.961682043
0.960535641
0.410022923
0.920487105
0.961624179
0.961515481
0.409962558
0.961416263
0.962512769
0.893840651
0.961855011
0.961885220
0.942225195
0.952048436
0.961645065
0.961897198
0.409910944
0.961645898
0.962801257
0.857719496
0.410106725
0.961475377
0.961610481
0.920573148
0.961747199
0.961639544
0.961929856
0.929268425
0.962476364
0.947595434
0.947065697
0.961965480
0.961753710
0.410040371
0.961779856
0.961835064
0.926741561
0.961704231
0.961370691
0.919383049
0.961759856
0.961586003
0.961706054
0.410164381
0.409981882
0.961284077
0.961810481
0.900643489
0.962623499
0.962111990
0.888983537
0.962050272
0.961237254
0.945219975
0.409818393
0.410146673
0.950529642
0.961524545
0.928383898
0.961466473
0.961658191
0.961878450
0.926466302
0.961888450
0.961470378
0.409871362
0.961585691
0.961423765
0.885126938
0.410031361
0.961531785
0.961453036
0.949772146
0.409959590
0.930572223
0.961218713
0.961531369
0.409916258
0.961859388
0.962611260
0.889760878
0.961386838
0.961592046
0.937285009
0.957495396
0.961912200
0.961735482
0.409896362
0.904668682
0.962323658
0.962052096
0.918859823
0.961616629
0.961487203
0.409859175
0.961452463
0.961594545
0.946117577
0.948642463
0.962182616
0.924928392
0.961820743
0.961537150
0.961676161
0.922416476
0.961303923
0.961333454
0.409921050
0.961775431
0.962371106
0.888164375
0.409869695
0.961615901
0.961333141
0.953477964
0.409905841
0.929086448
0.961430953
0.961634599
0.409966258
0.962480220
0.961483089
0.889289944
0.961360225
0.961584182
0.938556776
0.956371026
0.961553192
0.961453089
0.910876939
0.961479286
0.957994040
0.938237767
0.961506266
0.961396683
0.410175216
0.409892560
0.961564183
0.961686110
0.936109390
0.409958029
0.946052735
0.961730484
0.961355226
0.409980112
0.961495693
0.961730953
0.921851218
0.961814859
0.961187413
0.905334463
0.961394183
0.961867932
0.950549019
0.943549516
0.961511475
0.961482257
0.914080625
0.961769234
0.960715801
0.409888394
0.922470383
0.961689703
0.961630589
0.409877977
0.961522882
0.961473715
0.950049022
0.945654768
0.961524391
0.936230744
0.959388463
0.961326476
0.961829130
0.409882769
0.961828349
0.961710537
0.920999296
0.961379341
0.962517201
0.910290173
0.409963498
0.961342570
0.961733819
0.961511736
0.923693243
0.961555486
0.961664392
0.409735635
0.961481528
0.962350222
0.884619391
0.962017411
0.961657881
0.932208678
0.960967989
0.961187259
0.961787672
0.409993914
0.409840062
0.962111213
0.961560903
0.853776443
0.961858610
0.961420382
0.961344602
0.935278458
0.961571371
0.961656632
0.409985947
0.410025477
0.410458757
0.410059904
0.961569862
0.961606319
0.961541112
0.409820166
0.961511945
0.961483195
0.897068456
0.961353717
0.961701892
0.888135731
0.961551268
0.961745173
0.935412051
0.959266589
0.961756424
0.961732256
0.916026087
0.961765486
0.962784596
0.410017977
0.915414580
0.961785746
0.961512518
0.410081467
0.961738403
0.961642465
0.954157027
0.941192079
0.962149860
0.924224961
0.961575539
0.961571633
0.961628820
0.928210726
0.961768820
0.961382623
0.409820374
0.961566737
0.962297151
0.888421876
0.961836320
0.961498873
0.933187060
0.961158354
0.961725643
0.961503248
0.918175403
0.961488978
0.959407371
0.936440693
0.961596893
0.961609342
0.406795803
0.961435957
0.962091475
0.934189505
0.960171952
0.962198870
0.920874714
0.409919437
0.956882746
0.961399915
0.961916841
0.912655477
0.961414811
0.961618665
0.409931052
0.409857041
0.962352360
0.961630071
0.897802881
0.961680956
0.961650227
0.943125511
0.410040165
0.937406627
0.961747622
0.961321374
0.409856156
0.962577932
0.961451947
0.887064487
0.961745435
0.961668248
0.938796309
0.955793428
0.961556165
0.961330437
0.916430827
0.961527155
0.961468821
0.409917250
0.917874988
0.961363666
0.961588041
0.410008968
0.961663040
0.961586634
0.954123331
0.941782339
0.961658457
0.961494604
0.410014645
0.410067614
0.409928031
0.961820904
0.961513822
0.952525994
0.410209019
0.409990062
0.942759887
0.961345385
0.934488306
0.960440701
0.961488978
0.961528353
0.921325859
0.961822362
0.961950227
0.409967614
0.962712098
0.961568666
0.890779421
0.961666322
0.962199601
0.936429497
0.959183519
0.961864082
0.961477937
0.914824012
0.962584547
0.961720853
0.928477915
0.961457990
0.961883196
0.409873552
0.961588197
0.961631948
0.934395130
0.409912718
0.410023395
0.950744752
0.961332365
0.924477150
0.409885062
0.957410610
0.961717207
0.961531999
0.914083650
0.961878926
0.961340386
0.409841990
0.951804019
0.961378198
0.961729499
0.409928291
0.961667207
0.961458980
0.921809348
0.961467730
0.961721687
0.911768034
0.961410125
0.961652521
0.959253415
0.937085223
0.961585959
0.961817624
0.409712615
0.961290543
0.961536375
0.879526706
0.961563145
0.961527157
0.929899159
0.961972571
0.961332001
0.961790958
0.920356385
0.961466688
0.954918016
0.940178024
0.961697989
0.961436949
0.409990271
0.961382678
0.961774186
0.934108257
0.961007471
0.961433563
0.925129960
0.409897094
0.954486248
0.961345022
0.961514605
0.409919281
0.409894698
0.961546584
0.961534709
0.916212131
0.961402938
0.962519548
0.901063599
0.961837312
0.961317366
0.948009556
0.946449457
0.961500698
0.962692777
0.910303302
0.962337779
0.951970841
0.410058760
0.928074688
0.961840229
0.961823249
0.409858292
0.961615698
0.961834656
0.946619509
0.948051534
0.962194446
0.927163182
0.961520595
0.961852781
0.961639865
0.923667518
0.961475074
0.961739448
0.409924907
0.409993969
0.962454132
0.961507002
0.893606130
0.961926843
0.961687209
0.940465472
0.957468007
0.961608668
0.961529345
0.916251142
0.961867417
0.949771944
0.409929125
0.961723719
0.961787313
0.882883517
0.409966625
0.961664344
0.961441429
0.939340476
0.957119206
0.961836218
0.916851557
0.409996677
0.410054177
0.961362784
0.961609814
0.961870229
0.409813344
0.961639084
0.961638147
0.850291200
0.961629345
0.961600022
0.954157084
0.538646157
0.961660022
0.961498096
0.751792171
0.962011219
0.961460648
0.866116293
0.961669449
0.961721688
0.917146295
0.961586168
0.961698303
0.961068827
0.410109438
0.919934774
0.961522158
0.958169619
0.936763143
0.961500336
0.961445335
0.409994646
0.961402731
0.961600023
0.932544045
0.961078670
0.962477571
0.918744466
0.961653147
0.961717522
0.961696272
0.930439106
0.961421429
0.961644709
0.410030688
0.410061521
0.961392367
0.962598300
0.882404093
0.410099959
0.961541585
0.961934917
0.943586709
0.951200481
0.961485388
0.961649189
0.409870897
0.962502206
0.961299867
0.867327227
0.961432627
0.961809136
0.921421330
0.961778823
0.961742470
0.961741116
0.409741991
0.916992338
0.961555283
0.961683616
0.931535456
0.961741637
0.961610439
0.409897251
0.409990428
0.409894074
0.961708043
0.961436533
0.893590141
0.961176744
0.961791376
0.943365461
0.410066573
0.938500169
0.961723720
0.961409034
0.410135844
0.961495388
0.962526217
0.875743495
0.409978240
0.961536117
0.961859657
0.936045804
0.959325866
0.961409555
0.961739814
0.916711975
0.962524290
0.950981264
0.410043917
0.930298274
0.961980491
0.961516638
0.410059229
0.961763356
0.961732627
0.939333394
0.955627183
0.962634133
0.927776253
0.961463878
0.961787939
0.961804398
0.923349813
0.961411014
0.961828304
0.409913032
0.410032667
0.962144552
0.961674867
0.895939715
0.409921105
0.961859605
0.961837053
0.956366294
0.410065167
0.925114129
0.961686273
0.961517003
0.410032980
0.410042459
0.961774867
0.961512889
0.961438305
0.931584520
0.961660440
0.961642315
0.409887668
0.961460128
0.962338041
0.874412198
0.409947772
0.409861522
0.961599763
0.961461014
0.950798921
0.944481238
0.961700440
0.961352212
0.410141000
0.962359083
0.961655231
0.866798844
0.961767054
0.961690544
0.913568135
0.961749242
0.961654190
0.961534086
0.409957251
0.917527650
0.961652106
0.959559563
0.936139554
0.961575544
0.961598097
0.409847304
0.962253407
0.961573774
0.931826602
0.410021104
0.410443343
0.409966886
0.947827944
0.961563930
0.961915126
0.409990116
0.410196990
0.961585076
0.961857470
0.942289998
0.410166365
0.409988657
0.409930272
0.938671574
0.961322681
0.930287337
0.961654399
0.962050126
0.961491535
0.916979215
0.961466223
0.961776742
0.409844595
0.962692676
0.961741221
0.894660971
0.961958096
0.961457316
0.942862235
0.953080839
0.961689138
0.961721586
0.410080115
0.961875544
0.961558254
0.859859185
0.409962303
0.961696743
0.961559816
0.921729092
0.961594139
0.961658358
0.915106930
0.961685076
0.961710128
0.937511372
0.957552957
0.961724659
0.961710336
0.409841210
0.961786743
0.961785023
0.850277297
0.961386587
0.962015543
0.954723334
0.410205376
0.409981053
0.409968970
0.919202852
0.961299608
0.962009502
0.409944699
0.410000793
0.962832727
0.961473827
0.900998863
0.961353359
0.961815544
0.951618086
0.944272594
0.961847888
0.961949190
0.409826887
0.962290542
0.961698565
0.863653441
0.961571535
0.961653253
0.912621472
0.961723618
0.961733513
0.956302703
0.938879022
0.961579920
0.938970011
0.956035984
0.961476900
0.961859555
0.911388977
0.961562733
0.961565546
0.410052303
0.962289605
0.961645546
0.892241502
0.410004178
0.961817315
0.961918408
0.955478278
0.940242715
0.961402526
0.961723514
0.409854178
0.962600854
0.961528150
0.865867442
0.410000481
0.961528618
0.961716431
0.929100208
0.961737472
0.961753930
0.961438672
0.922226121
0.961507369
0.943851919
0.950619028
0.961869815
0.961395129
0.910493148
0.961618149
0.961359609
0.410286000
0.961704972
0.961322422
0.955645778
0.939611207
0.961728566
0.961891222
0.410085376
0.961552160
0.961535389
0.876399692
0.961709139
0.962069555
0.922336693
0.962452574
0.961891378
0.962308980
0.932240456
0.961785232
0.961486015
0.410391729
0.961332995
0.961682160
0.939947925
0.960717893
0.961227162
0.961595494
0.409942251
0.904541297
0.961872836
0.962723562
0.919937798
0.961622057
0.961440234
0.410047251
0.410047304
0.409837773
0.961738514
0.961656118
0.961936586
0.929689580
0.962492365
0.940355996
0.954435627
0.961506328
0.961549869
0.911493040
0.961327109
0.961574973
0.409734024
0.961596223
0.962387470
0.906104937
0.961630649
0.961412422
0.957825665
0.937999600
0.961695754
0.961638671
0.409895377
0.961725493
0.962337783
0.874946729
0.409870950
0.961808150
0.961322213
0.935829088
0.959185712
0.961620130
0.961620807
0.409819492
0.962372782
0.961623254
0.853874367
0.961989399
0.961796743
0.943882857
0.952977612
0.962062263
0.961495963
0.911844653
0.961353568
0.961744713
0.930515515
0.961527786
0.961621014
0.409996731
0.961764243
0.961527421
0.942037656
0.410110689
0.938123141
0.961433515
0.943943378
0.409968918
0.937257207
0.961885910
0.961361641
0.410022981
0.961568723
0.961575807
0.878206768
0.410045376
0.961669348
0.961639400
0.938534859
0.957247647
0.961721066
0.961586379
0.912087934
0.961611432
0.962390959
0.410186105
0.913667667
0.961546275
0.961515807
0.409960273
0.961489193
0.961461849
0.957882489
0.936998198
0.961651744
0.930711608
0.409922929
0.949867104
0.961658619
0.961661848
0.409900221
0.409983867
0.409989439
0.961657160
0.961461589
0.949086326
0.410084231
0.409947356
0.940768756
0.961838149
0.961608254
0.409931210
0.410101834
0.961437370
0.961692473
0.945544153
0.409994335
0.938412568
0.962641688
0.936818928
0.957394782
0.961439766
0.961760442
0.409926210
0.410110585
0.961687994
0.961414505
0.922739297
0.962499449
0.961359975
0.906420457
0.961549557
0.961669609
0.956066298
0.939128970
0.961847785
0.962061535
0.410096627
0.410012460
0.962487002
0.961733880
0.885005282
0.409944075
0.409939075
0.961610598
0.961570234
0.952990477
0.409768034
0.927239957
0.961306902
0.950203613
0.946686441
0.961230392
0.961776014
0.409842565
0.961575651
0.961942108
0.923784710
0.961684349
0.961505704
0.906964621
0.409931419
0.961885181
0.961649921
0.961746015
0.409896106
0.918974573
0.961517162
0.962294034
0.409883711
0.961619193
0.962236898
