0.968776645
0.960737709
0.960704258
0.960636639
0.961012611
0.960865461
0.960878204
0.960927875
0.960811659
0.961004348
0.960863133
0.960770665
0.960861841
0.961008383
0.960870966
0.960961517
0.960761182
0.960692565
0.960836969
0.960906060
0.961047648
0.960718301
0.960970098
0.961052156
0.960995827
0.960788458
0.960716712
0.960766060
0.960879468
0.960809856
0.960673995
0.961026411
0.960770289
0.960729790
0.960867520
0.960848687
0.961082717
0.960812113
0.960743071
0.960748352
0.960975192
0.960950212
0.960881481
0.960774833
0.960811048
0.960821743
0.960792698
0.960812767
0.960745649
0.960862645
0.960960838
0.960816999
0.960899462
0.960838437
0.960799754
0.960944716
0.961029210
0.960755059
0.960833562
0.960838732
0.960727078
0.960605270
0.960686168
0.960848211
0.960912287
0.960884279
0.960473094
0.961028156
0.961253271
0.960796305
0.960830274
0.961006327
0.961131963
0.960988433
0.961089276
0.960900692
0.961417837
0.960967327
0.960812651
0.960789327
0.960924649
0.960632939
0.960878678
0.960843791
0.961039945
0.960666621
0.960763973
0.960813044
0.961123572
0.961008320
0.961042860
0.960778233
0.960693657
0.960793768
0.960994765
0.960880502
0.960798426
0.960948172
0.961185887
0.960953290
0.960825224
0.960693095
0.960722477
0.960886181
0.961058998
0.960876402
0.960773699
0.960800215
0.960851107
0.960726685
0.960283619
0.960897165
0.960691337
0.960971446
0.960710879
0.960974946
0.960819014
0.960997351
0.961090221
0.960949757
0.961104136
0.960878308
0.961089093
0.960844984
0.961362903
0.960825253
0.961003278
0.961065209
0.961174796
0.961041467
0.960901055
0.961120797
0.960711635
0.960893982
0.960742372
0.960738261
0.961101129
0.961170923
0.960952385
0.960697546
0.961139996
0.960989739
0.961169689
0.961026360
0.960778655
0.961033449
0.960933557
0.961315642
0.960915437
0.960931742
0.960941797
0.961135966
0.961109718
0.960809097
0.961252588
0.960797279
0.960903062
0.960911815
0.960750567
0.960481404
0.960768333
0.960806408
0.961438026
0.960995630
0.960759729
0.961006689
0.961172762
0.961129672
0.960862884
0.960825312
0.961031697
0.960801367
0.961477749
0.960823149
0.960938492
0.961068732
0.961127512
0.960810512
0.960735022
0.961071457
0.960864665
0.960830841
0.960977693
0.961029440
0.960811085
0.960892102
0.961134941
0.960717368
0.960844531
0.961283722
0.961080574
0.960975810
0.961500104
0.960660656
0.961123961
0.961122842
0.960691464
0.961084612
0.960662453
0.960960237
0.960823074
0.960939870
0.960812551
0.960928460
0.961270409
0.961021997
0.961140615
0.960980952
0.960940974
0.960679437
0.960899719
0.960842919
0.961121742
0.960915099
0.960698351
0.960951496
0.961093131
0.961168934
0.960798124
0.960686896
0.960992384
0.960715740
0.960951072
0.960928020
0.960982049
0.961118371
0.961565680
0.960922318
0.961200044
0.961409698
0.961169562
0.961234997
0.960803195
0.961292899
0.960978856
0.961071062
0.960881602
0.961059172
0.961338562
0.960801396
0.961399326
0.961650125
0.960981655
0.961007713
0.961024501
0.961152122
0.960686046
0.961173717
0.961012224
0.961445728
0.960891423
0.961088782
0.961063903
0.961255845
0.961216589
0.961250354
0.961255525
0.960859865
0.961166338
0.961041926
0.961347095
0.961205705
0.961096501
0.961126515
0.960955749
0.961255553
0.960930100
0.960960947
0.961068513
0.960850506
0.960964737
0.960940063
0.960913618
0.960969881
0.961090310
0.961436363
0.961256429
0.960774100
0.961050934
0.961480840
0.960846845
0.961057481
0.961030671
0.961078495
0.961229131
0.961343361
0.960976499
0.960705783
0.960978502
0.961050232
0.961116180
0.961276972
0.960963286
0.960958350
0.961530441
0.961272537
0.960953903
0.961280683
0.960885955
0.961285756
0.961142017
0.961154943
0.961252401
0.960986318
0.960976954
0.960852329
0.961289889
0.961310888
0.961047097
0.960993460
0.961293677
0.960957021
0.960945103
0.961105841
0.961474911
0.961159974
0.961310763
0.960993221
0.960926407
0.961242821
0.961176632
0.961231797
0.961208628
0.961052126
0.961179687
0.960895738
0.961203037
0.960988305
0.961269094
0.960933999
0.961290725
0.961137087
0.961211782
0.961094447
0.961341432
0.961148263
0.960968845
0.961016248
0.960972714
0.961038086
0.961354238
0.960856277
0.961080554
0.961198738
0.961169422
0.961173961
0.961132197
0.960964652
0.960729607
0.961372841
0.961149932
0.961069002
0.960834738
0.961037608
0.961346884
0.961152152
0.961005492
0.960934352
0.960893318
0.960807178
0.961305307
0.960977658
0.960932612
0.961410950
0.961067103
0.961144191
0.961009562
0.961195974
0.960969626
0.960974944
0.961324115
0.960922924
0.960998607
0.960939445
0.961100961
0.961012476
0.961193835
0.961081185
0.961127179
0.961240986
0.961085992
0.961116726
0.960892409
0.960945434
0.960932939
0.961580547
0.961050604
0.960997536
0.961028062
0.961160254
0.961211560
0.961140889
0.961002664
0.960988294
0.960785435
0.961262677
0.960979349
0.960987582
0.960848941
0.961021237
0.961402855
0.961500254
0.960998073
0.960955889
0.960866727
0.961105949
0.961067724
0.960712729
0.961066274
0.961013153
0.961214979
0.961056129
0.961195195
0.961143272
0.960886089
0.961170102
0.961055002
0.961117141
0.961091208
0.961214909
0.960826268
0.960902156
0.961092993
0.960841122
0.960860916
0.961016961
0.960991287
0.961135197
0.961047805
0.960949267
0.960833905
0.961016200
0.960773704
0.961318966
0.961047303
0.961116421
0.961049341
0.960945542
0.961251481
0.961079819
0.961733048
0.960820971
0.961306546
0.961332225
0.961065562
0.961019784
0.961054526
0.961196664
0.960822450
0.961125003
0.961283755
0.961301103
0.960940272
0.961301472
0.960932361
0.961201790
0.960947627
0.960920078
0.961178725
0.961369717
0.961198939
0.961051129
0.961096652
0.960834364
0.961160094
0.961162544
0.960954109
0.961135466
0.961325780
0.960876982
0.961005889
0.960891726
0.961372924
0.960957876
0.961203710
0.961127151
0.961310225
0.960930541
0.961257000
0.960997941
0.961144088
0.961117268
0.961054874
0.961212532
0.960865451
0.961101078
0.960742695
0.961099415
0.961073740
0.960960982
0.961023640
0.961314943
0.961124998
0.960882344
0.961048751
0.961283493
0.961361411
0.960953549
0.960980322
0.961401052
0.961242095
0.960959338
0.961111891
0.961319080
0.960772728
0.960812417
0.960965700
0.960821535
0.961158880
0.960586122
0.961119717
0.960751230
0.961123834
0.961361179
0.960844828
0.961193318
0.960989935
0.961075405
0.961137021
0.961304313
0.961050566
0.961125723
0.961070360
0.961064996
0.961053332
0.961149062
0.967551546
0.960982971
0.961034692
0.961115422
0.961042663
0.961155112
0.960682718
0.960981521
0.961198501
0.961162565
0.961131993
0.961057307
0.961114496
0.960845748
0.961345279
0.961100594
0.960951428
0.960981222
0.961023827
0.960901172
0.961101537
0.961245548
0.961055394
0.961428258
0.960540657
0.961042324
0.961011752
0.961160920
0.961070557
0.961108526
0.960993215
0.960953008
0.960982176
0.961281446
0.961353843
0.961134262
0.961059055
0.961245669
0.961093744
0.961240255
0.960971923
0.961132288
0.961200675
0.961157342
0.960921667
0.961123125
0.960795784
0.961040367
0.961127399
0.961075630
0.961111620
0.960961152
0.961263548
0.961197456
0.961211883
0.960972301
0.960755168
0.960988814
0.961046419
0.960993347
0.961101367
0.961145952
0.961126630
0.961181474
0.961265329
0.960946320
0.960682988
0.961312258
0.961121583
0.960853615
0.961091636
0.960939241
0.961235387
0.961089190
0.960891692
0.961198671
0.961106588
0.961114818
0.960954975
0.961048049
0.961093883
0.961077217
0.961260602
0.960880501
0.961379458
0.961220292
0.961108158
0.961201439
0.961290346
0.961322534
0.961218526
0.961298757
0.960862787
0.961047958
0.961136931
0.961361632
0.961015712
0.960900937
0.961220481
0.961212267
0.961048898
0.960958705
0.961088719
0.961002173
0.961439841
0.961154337
0.961117319
0.961074835
0.960978756
0.961161061
0.961042587
0.961090935
0.961198396
0.960944245
0.961097383
0.960993439
0.961129547
0.961200081
0.961327177
0.961020996
0.961355122
0.961153939
0.961191088
0.961031467
0.961080700
0.961382950
0.961102914
0.961113760
0.960921640
0.961331337
0.960991301
0.960971887
0.960855026
0.960958268
0.961396716
0.961098918
0.961669917
0.960997590
0.961034217
0.961155167
0.960924609
0.961196442
0.961093955
0.961437039
0.961069397
0.961078732
0.960974943
0.961035216
0.960984499
0.960951855
0.961227074
0.960923339
0.961286056
0.960906070
0.961455194
0.960706356
0.960771472
0.961413719
0.961386334
0.961404055
0.960766101
0.961307568
0.961054247
0.961061394
0.961111146
0.960878189
0.961213042
0.961069408
0.961301710
0.960837140
0.961058712
0.961050443
0.961227952
0.960892393
0.961267974
0.961195434
0.960782425
0.961106966
0.960882394
0.961039175
0.961101842
0.961015967
0.961103113
0.960996874
0.961174852
0.960974863
0.961124508
0.961057384
0.961031873
0.960935790
0.960814604
0.960995966
0.960976237
0.961035882
0.961029538
0.961207620
0.960933152
0.961232952
0.960925203
0.960872296
0.961222512
0.961174085
0.961060397
0.961036918
0.961160781
0.961005479
0.961167518
0.961155080
0.960942174
0.960959006
0.960949745
0.960859494
0.961122627
0.961538311
0.961089728
0.961275101
0.961029070
0.961166839
0.960972995
0.960932014
0.960977647
0.961251353
0.961000374
0.961049653
0.960953204
0.961094045
0.960962492
0.960973959
0.961285529
0.960988820
0.961025599
0.961454719
0.961457854
0.960829324
0.961134538
0.961124911
0.961214711
0.961083626
0.961268321
0.961085518
0.961164067
0.961030482
0.960995907
0.961198987
0.961004308
0.961154837
0.960851982
0.961014801
0.961175954
0.960938098
0.961134980
0.961227904
0.961279370
0.961017869
0.961170845
0.960859968
0.960903360
0.961102794
0.960807387
0.961088539
0.960913912
0.961237980
0.960997728
0.961167578
0.960935347
0.961020250
0.961185309
0.960896098
0.961138136
0.961226111
0.961130181
0.961004928
0.961254622
0.961062495
0.961268751
0.961250737
0.960801371
0.961067940
0.961375497
0.961303108
0.961003272
0.961349007
0.961504742
0.960994178
0.961311632
0.961206795
0.961243884
0.960944205
0.961045566
0.961127291
0.961075266
0.961040637
0.960914603
0.960844349
0.961081646
0.961071079
0.960895358
0.961037186
0.960910995
0.961205583
0.961130590
0.961036587
0.961097842
0.960804829
0.961087907
0.960931142
0.960959013
0.960849072
0.960938244
0.960973979
0.961131068
0.961255291
0.960931862
0.960979003
0.961326716
0.961266097
0.961195739
0.960941787
0.961024448
0.961376276
0.961051126
0.961060559
0.961139106
0.960847915
0.961044586
0.960937040
0.960974078
0.960957989
0.961052734
0.960960083
0.960856704
0.961066605
0.961127964
0.960883959
0.961252037
0.960991835
0.961125433
0.961031897
0.961496745
0.961026335
0.961146287
0.961090200
0.960986299
0.961030054
0.961066882
0.961035898
0.960995330
0.961064189
0.960982580
0.961140761
0.961318474
0.961037699
0.961425774
0.961241666
0.961158754
0.960877198
0.961062046
0.960881948
0.961238409
0.961154039
0.960928107
0.961228163
0.961046762
0.961182704
0.961125104
0.961024902
0.960980687
0.960913714
0.961162258
0.961227836
0.961029248
0.961021700
0.961113163
0.961158324
0.961356192
0.961188124
0.960849484
0.961308758
0.961058919
0.961309964
0.960956689
0.961254452
0.960528938
0.961144617
0.961074830
0.960955982
0.961108693
0.961104375
0.961106566
0.960932717
0.961200585
0.960844080
0.961114291
0.961337628
0.960977113
0.961033523
0.960944256
0.961143166
0.960948795
0.961619682
0.960964064
0.961013651
0.960867145
0.961437616
0.961184912
0.960927365
0.961418982
0.960997321
0.961364459
0.960935193
0.960701344
0.961268742
0.960727914
0.961099895
0.961182867
0.960949018
0.960833866
0.961077255
0.961034966
0.961183512
0.961187161
0.961245133
0.961103419
0.960947382
0.961182332
0.960794577
0.960891715
0.961216249
0.961181982
0.961276880
0.961002875
0.961283763
0.961348818
0.961001479
0.960955076
0.961723931
0.961023260
0.961251492
0.961076653
0.961157072
0.961090721
0.960779059
0.961317134
0.961089689
0.961603910
0.961175790
0.961235949
0.961058401
0.961055644
0.961306219
0.961161066
0.960791487
0.960919199
0.961630085
0.961134986
0.960960927
0.961013170
0.960921298
0.961211508
0.961092032
0.960813391
0.961171518
0.961579852
0.960964702
0.961059965
0.961004083
0.961147054
0.961090807
0.960806749
0.961137688
0.961230190
0.961382433
0.961010771
0.960996762
