0.575368183
0.574893394
0.575242194
0.575407401
0.575219068
0.575128184
0.575433235
0.575282558
0.575399537
0.575376828
0.575565056
0.575259016
0.575477817
0.575199433
0.575306203
0.575231932
0.575222974
0.575261620
0.575254953
0.575300057
0.575278286
0.575388910
0.575192922
0.575153807
0.575560993
0.575363650
0.575214379
0.575147557
0.575303911
0.575350941
0.575229744
0.575325524
0.575314639
0.575315941
0.575363388
0.575275212
0.575265577
0.575386930
0.575358128
0.575158910
0.575452815
0.575140108
0.575417971
0.575371929
0.575201669
0.575271253
0.575403387
0.575148857
0.575288388
0.575383544
0.575169274
0.575327659
0.575436407
0.575197398
0.575281721
0.575504376
0.575681562
0.575118440
0.575564532
0.575474376
0.575147762
0.575301668
0.575238230
0.575070159
0.575494271
0.575254064
0.575172606
0.575413594
0.575293699
0.574997502
0.575346771
0.575267970
0.575238282
0.575253334
0.575369375
0.575173074
0.575162761
0.575221199
0.575194376
0.575275365
0.575429895
0.575140000
0.575247239
0.575365937
0.575554426
0.575183021
0.575471978
0.575354895
0.575329165
0.575258957
0.575469373
0.575193489
0.575424321
0.575445154
0.575203905
0.575456509
0.575560519
0.574986250
0.575507602
0.575405414
0.575159999
0.575252343
0.575534373
0.575140885
0.575533487
0.575285675
0.575122291
0.575220467
0.575459268
0.575092238
0.575330519
0.575216873
0.575173071
0.575067707
0.575415205
0.574949739
0.575309060
0.575332966
0.575201665
0.575302393
0.575561038
0.575074946
0.575407131
0.575293174
0.575213851
0.575417600
0.575286455
0.575110778
0.575660672
0.575334215
0.575105049
0.575292027
0.575373642
0.575405204
0.575328381
0.575276194
0.575244371
0.575321089
0.575344995
0.575464735
0.575416974
0.575302391
0.575308277
0.575411714
0.575353589
0.575565932
0.575186558
0.575329682
0.575227652
0.575184370
0.575296193
0.575459213
0.575228745
0.575087756
0.575324266
0.575000673
0.575342495
0.575697025
0.575423900
0.575088432
0.575543796
0.575120463
0.575303952
0.575394890
0.575249942
0.575191245
0.575548326
0.575187807
0.575352129
0.575334629
0.575371660
0.575128692
0.575447701
0.575346868
0.575198223
0.575651502
0.575410878
0.574962182
0.575436763
0.575110984
0.575109317
0.575339316
0.575386919
0.575033900
0.575546242
0.575271868
0.575253846
0.575304055
0.575279628
0.575169056
0.575332805
0.575142024
0.575332492
0.575162233
0.575295721
0.575094055
0.575314679
0.575341554
0.575360720
0.575220461
0.575471449
0.575147388
0.575305356
0.575237648
0.575305720
0.575306241
0.575306345
0.575430199
0.575405251
0.575378064
0.575408272
0.575356606
0.575308221
0.575364835
0.575263741
0.575454677
0.575518688
0.575186345
0.575397647
0.575357022
0.575227699
0.575447177
0.575286188
0.575024262
0.575638843
0.575250667
0.575192282
0.575362698
0.575278531
0.575158428
0.575299677
0.575346240
0.575416083
0.575418791
0.575294521
0.575021761
0.575415614
0.575374989
0.575088219
0.575342229
0.575560040
0.575025303
0.575401812
0.575322073
0.575340458
0.575371499
0.575509936
0.575129052
0.575492019
0.575323218
0.575319572
0.575248583
0.575465665
0.575174311
0.575353009
0.575413426
0.575553997
0.575240926
0.575340457
0.575438946
0.575183061
0.575276081
0.575651497
0.575057906
0.575438425
0.575395925
0.575243113
0.575292800
0.575524101
0.575027905
0.575458216
0.575255300
0.575236810
0.575361445
0.575490247
0.574995509
0.575398476
0.575394153
0.575231550
0.575286341
0.575661183
0.575088946
0.575412226
0.575499778
0.575196289
0.575222851
0.575410871
0.575111498
0.575334205
0.575404100
0.575162591
0.575048008
0.575431808
0.574977852
0.575313372
0.575256393
0.575462954
0.575356236
0.575382902
0.575156184
0.575368735
0.575431287
0.575216132
0.575252798
0.575401964
0.575403058
0.575428995
0.575432589
0.575387433
0.575130559
0.575339568
0.575299569
0.575339985
0.575240558
0.575251340
0.575190454
0.575586078
0.575317641
0.575354359
0.575219204
0.575374828
0.575207224
0.575258318
0.575198787
0.575239725
0.575016704
0.575367849
0.575108058
0.575393369
0.575354724
0.575218786
0.575140766
0.575434723
0.574986027
0.575125610
0.575519931
0.575371858
0.575098838
0.575405348
0.575127692
0.575173109
0.575448473
0.575163525
0.575128057
0.575621648
0.575234619
0.575157588
0.575416128
0.575549930
0.575015348
0.575635919
0.575210765
0.575315452
0.575571701
0.575347535
0.575028317
0.575456440
0.575316232
0.575172119
0.575357066
0.575514044
0.575016806
0.575256493
0.575212379
0.575179566
0.575430555
0.575288524
0.575109150
0.575267899
0.575208629
0.575227743
0.575144306
0.575537637
0.575199253
0.575255763
0.575454044
0.575334981
0.575093159
0.575180191
0.575219513
0.575241544
0.575133055
0.575362950
0.575313367
0.575470970
0.575222898
0.575273159
0.575187898
0.575407637
0.575152377
0.575415865
0.575337377
0.575295242
0.575309928
0.575415814
0.575253211
0.575424512
0.575434094
0.575275918
0.575651229
0.575282845
0.575017221
0.575358366
0.575667010
0.575164460
0.575403834
0.575338991
0.575032950
0.575589666
0.575250709
0.575219459
0.575346907
0.575246698
0.574970867
0.575252428
0.575231491
0.575136022
0.575346646
0.575416125
0.575142220
0.575469562
0.575431489
0.575312063
0.575368781
0.575509145
0.575075188
0.575393937
0.575377010
0.575296646
0.575255604
0.575332947
0.575172115
0.575283156
0.575243156
0.575527842
0.574868001
0.575572686
0.575221386
0.575079199
0.575355811
0.575499978
0.575052272
0.575502478
0.575364249
0.575184770
0.575320500
0.575638727
0.575025136
0.575429665
0.575464873
0.575119510
0.575250134
0.575473259
0.575059562
0.575369092
0.575337791
0.575142010
0.575247217
0.575445550
0.575024093
0.575326696
0.575416644
0.575243780
0.575199301
0.575563362
0.575084405
0.575429873
0.575432477
0.575172061
0.575715549
0.575333623
0.575248780
0.575422893
0.575341279
0.575211801
0.575168363
0.575422789
0.575309039
0.575345914
0.575290185
0.575416695
0.575370081
0.575212893
0.575241071
0.575824714
0.575277477
0.575426226
0.575206747
0.575456330
0.575347424
0.575328049
0.575310341
0.572604935
0.575079873
0.575146018
0.575460392
0.575336695
0.575223934
0.575435132
0.575775026
0.575209039
0.575265706
0.575263310
0.575116227
0.575369819
0.575119039
0.575134039
0.575299924
0.575109664
0.575127581
0.575513307
0.575290028
0.575221017
0.575219664
0.575938410
0.574972529
0.575361694
0.575195184
0.575141903
0.575720859
0.575310809
0.575000497
0.575450287
0.575308830
0.575062997
0.575728671
0.575368673
0.575147371
0.575624296
0.575898566
0.575003258
0.575721170
0.575363620
0.575101017
0.575501224
0.575306902
0.575268933
0.575355704
0.575394245
0.575079767
0.575324141
0.575287682
0.575170860
0.575481588
0.575349609
0.574918674
0.575251120
0.575327734
0.575823409
0.575197891
0.575370806
0.575350495
0.575530129
0.575270704
0.575503202
0.575181485
0.575532785
0.575186068
0.575637993
0.575272786
0.575668878
0.574924194
0.575369452
0.575341119
0.575073099
0.575332734
0.575574034
0.575036641
0.575375441
0.575533722
0.575186172
0.575116432
0.575635336
0.575568774
0.575092682
0.575296275
0.575286639
0.575359712
0.575344347
0.575046328
0.575554868
0.575340129
0.575218827
0.575327316
0.575662627
0.575237108
0.575380076
0.575253358
0.575897627
0.575284087
0.575416535
0.575231379
0.575446898
0.575217317
0.575268149
0.575084556
0.575347576
0.575243670
0.575286638
0.575336430
0.575549814
0.575159243
0.575418825
0.575908876
0.575167629
0.575468669
0.575420440
0.575033931
0.575457627
0.575196535
0.575191014
0.575140597
0.575423408
0.575025337
0.575227003
0.575529970
0.575368148
0.575777678
0.575486846
0.575186378
0.575360648
0.575359190
0.575317106
0.575282940
0.575574605
0.575217055
0.575388617
0.575443303
0.575384814
0.575293565
0.575553981
0.575128877
0.575725594
0.575427835
0.575268773
0.575174138
0.575583772
0.575336846
0.575214554
0.575518042
0.575378303
0.575168773
0.575449606
0.575247523
0.575131794
0.575098826
0.575208096
0.576025853
0.575323147
0.575414917
0.575302834
0.575091273
0.575297782
0.575168252
0.575287731
0.575357626
0.575396167
0.575308199
0.575412261
0.575280803
0.575247158
0.575391793
0.575774083
0.575183043
0.575648146
0.575248981
0.575254709
0.575324970
0.575507416
0.575173668
0.575324605
0.575377573
0.575250282
0.575295282
0.575424916
0.575252626
0.575363406
0.575987154
0.575157157
0.575282781
0.575427989
0.575020543
0.575258510
0.575101688
0.575133668
0.575266688
0.575203043
0.575048043
0.575508197
0.575258667
0.575098303
0.575495697
0.575522364
0.575096793
0.575441478
0.575367051
0.575323094
0.575460697
0.575284031
0.574986532
0.575437520
0.575208042
0.575152001
0.575390698
0.575415385
0.575129292
0.576076319
0.575369395
0.575260697
0.575351166
0.575368092
0.575234604
0.575455176
0.575361426
0.575384447
0.575283093
0.575342363
0.575204292
0.575194031
0.575293353
0.575318717
0.575703560
0.575391373
0.575299082
0.575221531
0.575383041
0.575269603
0.575001114
0.575417831
0.575362363
0.575128041
0.575262155
0.575320593
0.574983875
0.575120176
0.575314863
0.575803038
0.575083771
0.575461946
0.575264655
0.575259290
0.575512258
0.575196790
0.575214864
0.575642517
0.575212467
0.575260280
0.575425539
0.575311269
0.575219082
0.575481425
0.575807986
0.575419029
0.575284238
0.575374498
0.575185853
0.575365957
0.575087936
0.575202050
0.575454132
0.575171686
0.575174707
0.575404862
0.575115488
0.575471476
0.575333091
0.575908819
0.575363508
0.575327050
0.575294915
0.575234133
0.575266216
0.575538039
0.575223977
0.575279758
0.575339237
0.575354705
0.575329289
0.575292674
0.575131945
0.575348038
0.575227622
0.575122102
0.575227935
0.575464861
0.575148352
0.575307674
0.575341164
0.575238664
0.575263247
0.575224029
0.575146476
0.575353455
0.575246632
0.575247570
0.575705276
0.575668401
0.575106425
0.575155175
0.575515694
0.575389965
0.575007154
0.575313194
0.575066112
0.575118612
0.575333507
0.575359236
0.575078873
0.575478194
0.575160955
0.575693141
0.575489183
0.575326736
0.575027883
0.575250382
0.575417829
0.575150903
0.575295851
0.575398246
0.575023247
0.575286320
0.575271944
0.575253090
0.575114028
0.575482308
0.575783817
0.575229080
0.575221163
0.575260538
0.575426526
0.575255121
0.575230694
0.575328089
0.575274444
0.575388662
0.575208507
0.575290798
0.575539286
0.575232673
0.575288038
0.576168190
0.574956580
0.575334079
0.575327256
0.575183350
0.575309756
0.575413088
0.574961528
0.575366423
0.575286006
0.575150538
0.575575640
0.575696265
0.575121684
0.575355380
0.576101054
0.575540588
0.575261006
0.575262933
0.574931268
0.575166475
0.575302620
0.575572150
0.575326213
0.575324391
0.574928194
0.575306838
0.575232569
0.575211370
0.576047044
0.575551942
0.575205850
0.575609494
0.575279286
0.575651941
0.575326890
0.575350484
0.575157881
0.575520380
0.575343400
0.575285692
0.575345015
0.575254547
0.575127360
0.575904909
0.575226474
0.575186631
0.575287047
0.575360379
0.575057048
0.575195692
0.575185380
0.575203036
0.575086109
0.575421473
0.575301318
0.575162204
0.575416317
0.575296265
0.575773033
0.575088557
0.575279494
0.575034756
0.575127047
0.575509389
0.575392202
0.575211838
0.575356317
0.575086526
0.575190797
0.575558660
0.575452566
0.575258400
0.575465118
0.575707305
0.575220536
0.575443764
0.575129598
0.575263192
0.575316108
0.575228191
0.574954703
0.575463452
0.575262670
0.575284285
0.575464232
0.575168973
0.574957412
0.575527826
0.575792512
0.575169962
0.575291420
0.575264077
0.575164181
0.575353347
0.575262046
0.575209754
0.575210483
0.575425586
0.575093869
0.575215223
0.575248556
0.575218452
0.575234910
0.575505117
0.575204494
0.575298347
0.575380326
0.575237097
0.575225378
0.575394961
0.575529284
0.575599596
0.575417461
0.575419544
0.575261056
0.575249233
0.575318867
0.575836209
0.575380378
0.575445534
0.575118869
0.575491210
0.575045222
0.575350326
0.575249284
0.575227514
0.575047723
0.575720168
0.575407148
0.574987775
0.575291575
0.575355274
0.575583033
0.575323398
0.575219128
0.575243190
0.575338659
0.575249648
0.574926993
0.575284232
0.575196993
0.575057930
0.575252565
0.575589491
0.575274388
0.575372773
0.575309649
0.575616678
0.575274232
0.575386315
0.575276783
0.575533241
0.575428710
0.575290013
0.575143712
0.575384856
0.575111107
0.575059076
0.575356575
