0.638745702
0.639110076
0.638739452
0.638796900
0.639098044
0.638763567
0.638781223
0.638829035
0.638939347
0.638703306
0.638861119
0.638913619
0.638934817
0.638597005
0.638814869
0.638800181
0.638913202
0.638749244
0.638877838
0.638679765
0.638804922
0.638858464
0.638874870
0.638717943
0.638863567
0.638698725
0.638844088
0.638812422
0.638927526
0.638953151
0.638853516
0.638795912
0.638867370
0.638733099
0.638858099
0.638814922
0.638833256
0.638867110
0.638850652
0.638828568
0.638907735
0.638635548
0.638993516
0.639004349
0.638963099
0.638740444
0.638923516
0.638832632
0.638691643
0.638783309
0.639007631
0.638947006
0.638686799
0.638699195
0.638987058
0.639053985
0.638802267
0.638838258
0.638930288
0.638728831
0.638787893
0.638993621
0.638855757
0.638790758
0.638934403
0.638720341
0.639077631
0.638671800
0.638917893
0.638683467
0.638934143
0.638773831
0.638916487
0.638695446
0.639008258
0.638666436
0.638944769
0.638848519
0.639017216
0.638677738
0.638920758
0.638740915
0.638942581
0.638663571
0.638797842
0.639044664
0.638931644
0.638692686
0.638923050
0.638744926
0.638953987
0.638660655
0.638907478
0.638822061
0.638796697
0.638767635
0.638806853
0.638934509
0.638757843
0.638826229
0.638935603
0.638844197
0.638780031
0.638863364
0.638889978
0.638961957
0.638851125
0.638862114
0.638771541
0.639050239
0.638769354
0.638732792
0.638882114
0.638813625
0.638667897
0.638803208
0.638878104
0.638684042
0.638863468
0.638719615
0.638956281
0.638743105
0.638772063
0.638886229
0.639013156
0.638732271
0.638984302
0.638994979
0.639016906
0.638808418
0.638926595
0.638739928
0.638932115
0.638806542
0.639036074
0.638687846
0.639015240
0.638724928
0.638863574
0.638798522
0.639039719
0.638728314
0.638882532
0.638724148
0.638852428
0.638732013
0.638872168
0.638701336
0.638842949
0.638737481
0.638968782
0.638871908
0.638725971
0.639004668
0.638889096
0.638900866
0.638651805
0.638827950
0.638863210
0.638886439
0.638807378
0.638874878
0.638905137
0.638887533
0.638960189
0.638730294
0.638887689
0.638818419
0.638828420
0.638894825
0.638853784
0.638738993
0.638791701
0.638720816
0.638876857
0.638742118
0.638769566
0.639015659
0.638932742
0.638759931
0.638850504
0.638687223
0.639249252
0.638848264
0.638892118
0.638760035
0.638918003
0.638664098
0.638960034
0.638860087
0.638928577
0.638755140
0.638773733
0.638827848
0.638825504
0.638879097
0.638790505
0.638828734
0.638861494
0.638994931
0.638868525
0.638919671
0.638744724
0.638671078
0.638976338
0.638835140
0.638851286
0.638921130
0.638889411
0.638872172
0.638890921
0.639011077
0.638898369
0.638882797
0.638747224
0.638758995
0.638832328
0.638860193
0.638989203
0.638810818
0.638808995
0.638683318
0.638873787
0.638726079
0.638877068
0.638780194
0.638868213
0.638895818
0.638901704
0.638778371
0.638772120
0.638823527
0.639055452
0.638731965
0.638778579
0.638865662
0.638816339
0.638817694
0.638841913
0.638831704
0.638938110
0.638689882
0.638925193
0.638916652
0.638912798
0.638703424
0.638777799
0.638761966
0.638942797
0.638781445
0.638741653
0.638726601
0.638718528
0.638798684
0.638939934
0.639019204
0.638685559
0.638641081
0.638845819
0.638921028
0.638777955
0.639161600
0.639078475
0.638858164
0.638861549
0.638785299
0.638968632
0.638954882
0.638730456
0.638803685
0.638810195
0.638813060
0.638722799
0.638754206
0.639061861
0.638745768
0.638866393
0.638922018
0.638708061
0.638825508
0.638807487
0.638877278
0.638863841
0.638823165
0.638893737
0.638779467
0.639044882
0.638736967
0.639007174
0.638892383
0.639042955
0.638866342
0.638874102
0.638936445
0.638900768
0.638688947
0.638901446
0.638732176
0.638899988
0.638962643
0.638702072
0.638904780
0.638845926
0.638794571
0.638993737
0.638928478
0.638650979
0.638941603
0.638798686
0.638975508
0.638897644
0.638940248
0.639048008
0.638807801
0.638776134
0.639025874
0.638920145
0.638778426
0.639097748
0.638700614
0.639141602
0.638772594
0.638665563
0.639073477
0.638847176
0.638655146
0.638881864
0.638851135
0.638907124
0.638635147
0.638765250
0.639073374
0.638923479
0.638867750
0.638934208
0.638532438
0.639185717
0.638799782
0.638976083
0.638864937
0.638912177
0.638721761
0.638930927
0.638803167
0.639215821
0.638730616
0.638718949
0.638988896
0.638847646
0.638748844
0.639059208
0.638721241
0.638882907
0.638735720
0.638787334
0.638966188
0.638921917
0.638773324
0.638881604
0.639108427
0.638898167
0.638744574
0.638905042
0.638955772
0.638829418
0.638651085
0.638995250
0.638856345
0.638956396
0.638881137
0.638906136
0.638983949
0.638997282
0.639041084
0.638824002
0.638910824
0.639122333
0.638754002
0.638854106
0.638794783
0.638843376
0.638629888
0.638888689
0.638812856
0.639093845
0.638812335
0.638958949
0.638850772
0.638703482
0.638762127
0.638887491
0.638628326
0.639126032
0.638848741
0.638829731
0.638843429
0.638935512
0.638860929
0.638839002
0.638782388
0.639019105
0.638756190
0.638872492
0.638838690
0.638781086
0.638740513
0.638809002
0.638942179
0.638945564
0.638785618
0.638827805
0.638823586
0.638858534
0.638912908
0.638691920
0.638871086
0.639005564
0.638767962
0.638670253
0.638868794
0.638947597
0.639189887
0.638762597
0.638679993
0.638982544
0.638849628
0.638820878
0.638776868
0.638953586
0.638780983
0.638895201
0.638763900
0.639098741
0.638734733
0.638789264
0.639138794
0.638984993
0.638818482
0.638715149
0.638704786
0.639018690
0.638794525
0.639103950
0.638962649
0.639015254
0.639069367
0.639025722
0.638734733
0.639078898
0.638729369
0.638815723
0.639003587
0.638902077
0.638644005
0.638923222
0.638884577
0.638924837
0.638754942
0.638861661
0.639011712
0.638791869
0.638756453
0.638786973
0.638941608
0.638752234
0.638667234
0.638972545
0.639053899
0.638684734
0.639008431
0.639000619
0.638778380
0.638919785
0.638770515
0.638999160
0.638996400
0.638759942
0.638945462
0.638920150
0.638735464
0.638820672
0.638899682
0.638840984
0.638723849
0.638749839
0.638916765
0.638907026
0.638825828
0.638960723
0.638720517
0.638973692
0.638883953
0.638852963
0.638744579
0.639025515
0.638713902
0.639064264
0.638992755
0.638923328
0.638753381
0.638907182
0.638815412
0.638896818
0.638702756
0.639128328
0.638740568
0.638948120
0.638617757
0.638917547
0.638813798
0.638897912
0.638619528
0.639150202
0.638766610
0.638909787
0.638863069
0.638776871
0.638946297
0.638737184
0.638760205
0.639116870
0.638779788
0.638852391
0.638816142
0.638952964
0.638925777
0.639043016
0.638812809
0.638887808
0.638834684
0.638903120
0.638822131
0.638886819
0.638943694
0.638864111
0.638955464
0.638925413
0.638824372
0.638895360
0.638766924
0.639137547
0.638939631
0.638757341
0.638695310
0.639096558
0.638683799
0.639056454
0.638819215
0.638905257
0.638777393
0.638953694
0.638825830
0.639157027
0.638734216
0.639084319
0.638723070
0.638865778
0.638863643
0.638912809
0.638713331
0.639079371
0.638682342
0.639029319
0.638970049
0.638806351
0.638735622
0.638877445
0.638706560
0.639162965
0.638641457
0.638963799
0.638865622
0.638669686
0.638855675
0.639245152
0.638915883
0.638874685
0.638866039
0.639094997
0.638799268
0.638875258
0.638868122
0.638886403
0.638905414
0.638793227
0.638764997
0.638946247
0.638887237
0.638747810
0.638933018
0.638884945
0.638812498
0.638895883
0.638819320
0.639044424
0.638712863
0.638931143
0.638846404
0.638922550
0.638652759
0.638753019
0.639027861
0.639116924
0.638760832
0.638842394
0.639042341
0.638823436
0.638699426
0.638896925
0.638817603
0.639013019
0.638620364
0.638918904
0.638982811
0.638814686
0.638821666
0.638698749
0.638864425
0.638827551
0.638658906
0.638806561
0.638858175
0.638751093
0.638965207
0.638849165
0.638918019
0.638954269
0.638875103
0.638885312
0.638891769
0.638686094
0.638856092
0.638779791
0.638799790
0.639015519
0.638699062
0.638822916
0.638965363
0.638835364
0.638919842
0.638763437
0.638789791
0.638879062
0.638709635
0.638784478
0.638927916
0.638708386
0.639006561
0.638900259
0.638688229
0.639062915
0.638673385
0.639058904
0.638790624
0.638854999
0.638927031
0.638876146
0.638740677
0.638939426
0.638886146
0.638810885
0.638842968
0.638810312
0.638961562
0.638783386
0.638683333
0.639003697
0.638834844
0.638872239
0.638820000
0.638965416
0.639016249
0.638726302
0.638726979
0.639181196
0.638895833
0.638703438
0.639244425
0.638830104
0.639069843
0.638775364
0.638766928
0.639046718
0.638853438
0.638737397
0.638921406
0.638851719
0.639015833
0.638857813
0.638821407
0.639018958
0.638476981
0.638810366
0.638924010
0.638940104
0.638839375
0.638805052
0.638751095
0.639208176
0.638631251
0.638726511
0.639012083
0.638934479
0.638784480
0.638869479
0.638870833
0.639030885
0.638714012
0.638958594
0.638799844
0.638978854
0.638780314
0.638939740
0.638705626
0.639087708
0.638766876
0.639020730
0.639064271
0.638871251
0.639088802
0.639071093
0.638777137
0.639061458
0.638784272
0.638932813
0.639066198
0.639073490
0.638837397
0.638871824
0.638873074
0.639023386
0.639018021
0.639181458
0.638877397
0.638854428
0.639462395
0.639053907
0.638981355
0.638935054
0.638735159
0.638929428
0.638918542
0.638784950
0.639027605
0.638904637
0.638823387
0.638791877
0.639040573
0.638967084
0.638758960
0.638839221
0.639054688
0.638809637
0.639125938
0.638978699
0.638925054
0.639082032
0.638867606
0.638736148
0.638941980
0.638886564
0.638842762
0.639041824
0.638883751
0.639130053
0.638736200
0.639080678
0.638958908
0.639037866
0.638752502
0.638918491
0.638971720
0.639027918
0.638669430
0.638915575
0.638969273
0.638682294
0.638746670
0.639170313
0.638643128
0.638839846
0.638904169
0.638920418
0.638977554
0.638842242
0.638726357
0.638968908
0.638943179
0.638886616
0.638996929
0.638890055
0.639059741
0.638908335
0.638804534
0.638895576
0.638758857
0.638893857
0.638727711
0.638858336
0.639010471
0.638815628
0.638690264
0.638851200
0.638650628
0.638919117
0.638738285
0.638832242
0.638863023
0.638797971
0.638829326
0.638900159
0.638773910
0.638940367
0.638832555
0.638865003
0.638795211
0.638753233
0.638767555
0.638834899
0.638810889
0.639107502
0.638733128
0.638884586
0.639062762
0.638759951
0.638860628
0.638852659
0.638771410
0.639048231
0.638850836
0.638939013
0.638876617
0.638702765
0.638980002
0.638831827
0.638609796
0.638979377
0.638751149
0.638693390
0.638939169
0.638799430
0.639009742
0.638721722
0.638569640
0.639046617
0.638761410
0.638911149
0.638951617
0.638872711
0.638915785
0.638793910
0.638715525
0.638920524
0.638961930
0.638863232
0.639185783
0.639096773
0.638937243
0.638825785
0.638751359
0.639002503
0.638866566
0.638810160
0.638986722
0.638831046
0.638895108
0.639020992
0.638855473
0.639008128
0.638704484
0.638856098
0.638939222
0.638896201
0.638821723
0.638922972
0.638698754
0.639112972
0.638937868
0.638825056
0.638740890
0.638881514
0.638775317
0.638932504
0.638763911
0.638959640
0.638708234
0.638796255
0.638782505
0.638690005
0.638766775
0.638944431
0.638773390
0.638969692
0.638836775
0.639140576
0.638805265
0.638736984
0.638841463
0.638843234
0.638891776
0.638866619
0.638762244
0.638829796
0.638917348
0.638867556
0.639152295
0.638782401
0.638892088
0.638924431
0.638974587
0.638759692
0.638957192
0.638786672
0.638872817
0.638783547
0.638736828
0.639109795
0.638803911
0.639062765
0.638750526
0.638923859
0.638796203
0.638968025
0.638667610
0.638890265
0.638859015
0.638796515
0.638562975
0.638920734
0.638749641
0.638966098
0.638731568
0.638970733
0.639169014
0.638938181
0.638711724
0.638864484
0.638869432
0.638848912
0.638843494
0.638879432
0.638712506
0.638832245
0.638730526
0.639038650
0.638950578
0.638783808
0.638691152
0.638946828
0.638953338
0.638781412
0.638737350
0.638900682
0.638989119
0.638726100
0.638826828
0.638911568
0.638844068
0.638861515
0.638802609
0.639017609
0.639093286
0.638798027
0.638744433
0.638938182
0.638842870
0.639053599
0.638764069
0.638752246
0.638745892
0.638655006
0.638996880
0.638970838
0.638740006
0.638934016
0.638691725
0.639107088
0.638797037
0.638739329
0.638785631
0.638994015
0.638672558
0.639110890
0.638728600
0.638983390
0.638827141
0.638947401
0.638832766
0.638855735
0.638635163
0.638943808
0.638676673
0.638718288
0.638833027
0.638826673
0.638827870
0.638689486
0.638737402
0.638986255
0.638874276
