0.522163326
0.522123065
0.522385928
0.522211762
0.522198742
0.522144940
0.522243689
0.522364470
0.522265668
0.522230825
0.522361240
0.522279991
0.522279886
0.522340616
0.522294314
0.522163324
0.522217803
0.522111553
0.522232230
0.522066970
0.522394260
0.522429208
0.522269938
0.522212959
0.522169937
0.522273323
0.522360666
0.522162855
0.522312645
0.522261135
0.522299884
0.522221499
0.522142594
0.522402800
0.522435300
0.521994156
0.522208009
0.522175561
0.522366551
0.522148999
0.522220145
0.522290457
0.522252384
0.522306758
0.522284622
0.522115666
0.522284987
0.522299518
0.522201706
0.522166602
0.522270195
0.522442538
0.522377747
0.522217278
0.522350455
0.522121602
0.522285612
0.522171549
0.522128633
0.522325142
0.522135559
0.522253476
0.522392902
0.522170767
0.522323891
0.522116392
0.522398110
0.522348683
0.522147121
0.522221496
0.522279360
0.522073684
0.522404724
0.522116391
0.522355922
0.522210818
0.522212380
0.522317067
0.522257849
0.522299776
0.522242275
0.518649946
0.522191859
0.522147119
0.522201807
0.522215035
0.522334671
0.522350400
0.522210088
0.522091546
0.522275087
0.522262014
0.522260920
0.522116233
0.522234514
0.522344357
0.522187587
0.522396075
0.522321857
0.522418835
0.522266180
0.522158108
0.522406804
0.522455345
0.522167638
0.522285554
0.522221232
0.522331492
0.522431022
0.522129825
0.522176961
0.522277377
0.522166700
0.522197064
0.522167689
0.522246752
0.522309980
0.522240710
0.522370032
0.522274251
0.522343000
0.522523104
0.522350969
0.522287115
0.522251125
0.522152949
0.522332844
0.522134043
0.522406020
0.522152636
0.522291542
0.522158782
0.522366697
0.522181490
0.522380082
0.522413468
0.522215136
0.522103678
0.522250343
0.522222843
0.522135084
0.522231958
0.522205551
0.522222218
0.522475186
0.522198624
0.522297738
0.522202790
0.522241280
0.522155291
0.522367113
0.522249822
0.522335602
0.522462737
0.522220081
0.522175186
0.522357946
0.522522580
0.522308206
0.522279561
0.522276331
0.522221019
0.522448673
0.522281851
0.522255080
0.522168987
0.522229195
0.522366226
0.522387268
0.522271799
0.522373257
0.522252319
0.522250236
0.522157528
0.522297059
0.522458048
0.522280601
0.522387788
0.522533360
0.522303725
0.522299662
0.522176590
0.522332474
0.522295287
0.522147423
0.522259193
0.522260287
0.522323256
0.522189350
0.522190131
0.522143985
0.522096902
0.522271902
0.522352786
0.522315234
0.522209349
0.522178515
0.522311796
0.522383358
0.522313515
0.522260025
0.522223463
0.522193307
0.522254244
0.522167369
0.522214765
0.522266900
0.522247317
0.522386639
0.522229191
0.522430909
0.522248827
0.522094973
0.522270441
0.522203150
0.522215233
0.522380596
0.522395805
0.522207785
0.522195858
0.522294243
0.522265023
0.522186691
0.522255440
0.522286743
0.522227107
0.522434033
0.522104138
0.522224920
0.522280283
0.522244189
0.522377158
0.522246742
0.522350022
0.522401793
0.522157784
0.522411533
0.522174398
0.522258720
0.522288200
0.522164658
0.522268772
0.522218928
0.522258356
0.522265855
0.522122574
0.522327365
0.522307053
0.522198564
0.522361167
0.522203823
0.522202887
0.522383145
0.522181740
0.522269448
0.522157366
0.522188302
0.522334812
0.522319552
0.522311583
0.522336531
0.522247938
0.522329448
0.522065281
0.522356114
0.522253197
0.522175802
0.522251583
0.522314863
0.522249760
0.522366842
0.522030385
0.522236582
0.522131895
0.522084240
0.522226165
0.522190228
0.522177937
0.522143926
0.522337154
0.522264655
0.522208456
0.522287883
0.522324706
0.522316060
0.522241790
0.522266112
0.522282883
0.522478507
0.522291685
0.522410226
0.522151737
0.522363872
0.522232987
0.522350591
0.522327570
0.522314757
0.522244966
0.522275643
0.522204081
0.522285694
0.522385225
0.522202778
0.522246893
0.522180747
0.522246788
0.522316840
0.522170226
0.522311007
0.522209965
0.522211580
0.522227257
0.522210902
0.522177049
0.522290277
0.522391266
0.522199652
0.522259705
0.522345798
0.522366631
0.522172777
0.522219912
0.522371109
0.522223766
0.522488192
0.522224704
0.522240537
0.522118714
0.522231996
0.522272307
0.522151266
0.522239703
0.522193192
0.522295640
0.522366265
0.522158349
0.522235119
0.522447618
0.522280640
0.522263036
0.522318400
0.522314650
0.522394598
0.522141786
0.522276525
0.522213349
0.522102150
0.522252254
0.522095692
0.522163452
0.522131578
0.522346524
0.522224649
0.522237462
0.522351315
0.522306159
0.522213295
0.522221629
0.522294128
0.522249597
0.522510221
0.522392669
0.522242670
0.522184441
0.522237982
0.522236367
0.522293607
0.522275638
0.522545637
0.522379284
0.522216315
0.522164023
0.522392720
0.522489491
0.522230429
0.522385324
0.522120482
0.522410950
0.522257304
0.522124752
0.522266731
0.522442668
0.522095377
0.522224752
0.522188138
0.522342043
0.522284179
0.522399699
0.522202460
0.522270585
0.522386469
0.522356521
0.522113606
0.522254751
0.522205689
0.522230323
0.522450010
0.522132512
0.522248917
0.522138710
0.522197043
0.522272095
0.522277458
0.522243240
0.522232667
0.522442874
0.522363083
0.522083032
0.522327770
0.522378187
0.522113344
0.522236209
0.522247666
0.522330218
0.522494697
0.522330999
0.522322145
0.522143552
0.522177406
0.522281833
0.522109229
0.522193864
0.522306155
0.522322822
0.522426155
0.522141884
0.522318394
0.522366780
0.522322665
0.522332456
0.522267457
0.522229436
0.522557456
0.522197404
0.522210998
0.522142457
0.522139072
0.522178134
0.522141727
0.522235425
0.522218081
0.522207664
0.522246988
0.522188603
0.522358185
0.522372299
0.522197925
0.522232352
0.522279695
0.522337403
0.522361101
0.522162977
0.522340424
0.522183029
0.522064071
0.522306361
0.522123550
0.522216883
0.522192560
0.522150841
0.522229851
0.522130788
0.522377350
0.522275945
0.522080529
0.522246309
0.522158132
0.522153653
0.522263652
0.522138653
0.522208079
0.522112247
0.522223913
0.522324902
0.522175163
0.522221569
0.522449953
0.522261881
0.522272298
0.522145059
0.522225110
0.522363807
0.522294068
0.522219329
0.522235736
0.522186934
0.522380318
0.522281412
0.522284432
0.522210318
0.522100214
0.522191621
0.522225839
0.522211568
0.522281360
0.522392921
0.522175734
0.522202869
0.522400734
0.522332609
0.522134745
0.522195109
0.522244744
0.522360421
0.522445368
0.522273494
0.522294119
0.522191203
0.522330993
0.522262400
0.522293181
0.522452764
0.522203859
0.522295577
0.522317295
0.522152556
0.522229171
0.522383337
0.522152088
0.522182608
0.522399482
0.522383076
0.522353232
0.522138650
0.522406617
0.522136879
0.522193910
0.522143911
0.522224743
0.522264013
0.522247711
0.522324638
0.522281774
0.522141930
0.522264951
0.522367971
0.522201618
0.522331357
0.522146931
0.522192607
0.522376252
0.522278023
0.522324742
0.522178962
0.522215367
0.522282398
0.522143336
0.522255680
0.522239533
0.522190836
0.522260732
0.522238648
0.522284741
0.522396355
0.522198961
0.522124273
0.522268491
0.522286460
0.522274533
0.522177606
0.522326407
0.522154637
0.522107085
0.522269012
0.522142762
0.522210001
0.522274584
0.522306199
0.522204949
0.522081200
0.522277084
0.522329584
0.522199168
0.522306719
0.522208230
0.522227917
0.522383073
0.522304011
0.522352865
0.522151616
0.522213334
0.522249896
0.522201719
0.522244480
0.522181980
0.522248802
0.522278906
0.522106928
0.522345417
0.522395416
0.522129688
0.522188230
0.522188437
0.522489687
0.522411874
0.522212292
0.522303646
0.522147553
0.522106771
0.522236562
0.522368489
0.522294791
0.522373697
0.522313801
0.522216822
0.522267135
0.522291041
0.522393019
0.522173072
0.522428280
0.522163280
0.522224478
0.522376666
0.522439425
0.522160520
0.522091614
0.522172968
0.522163541
0.522233124
0.522277395
0.522134270
0.522217812
0.522290467
0.522257967
0.522337862
0.522483383
0.522261248
0.522341196
0.522182030
0.522247811
0.522441247
0.522184373
0.522289529
0.522203696
0.522248175
0.522266144
0.522214477
0.522319268
0.522189582
0.522395986
0.522411768
0.522248279
0.522286977
0.522319633
0.522157810
0.522273695
0.522229112
0.522229164
0.522489631
0.522176716
0.522343643
0.522214529
0.522212809
0.522211143
0.522138487
0.522250101
0.522285518
0.522360205
0.522281194
0.522119633
0.522323850
0.522336767
0.522185257
0.522278330
0.522378017
0.522173122
0.522537234
0.522171768
0.522222392
0.522136246
0.522256455
0.522196246
0.522346402
0.522177080
0.522184215
0.522353381
0.522354995
0.522079007
0.522305256
0.522367652
0.522317756
0.522352339
0.522215047
0.522313641
0.522471088
0.522093225
0.522215360
0.522208798
0.522285152
0.522191297
0.522268016
0.522339839
0.522171453
0.522121402
0.522294266
0.522277651
0.522207183
0.522176557
0.522500567
0.522355098
0.522243537
0.522261245
0.522586452
0.522259474
0.522409525
0.522327703
0.522311713
0.522165932
0.522328015
0.522374525
0.522194318
0.522100985
0.522312286
0.522089318
0.522423326
0.522109474
0.522154838
0.522278119
0.522117703
0.522284004
0.522422232
0.522136818
0.522233744
0.522254889
0.522300410
0.522265358
0.522233379
0.522192755
0.522268326
0.522087442
0.522312181
0.522175671
0.522360305
0.522216817
0.522246712
0.522418430
0.522167390
0.522461763
0.522528898
0.522302805
0.522263274
0.522229160
0.522392075
0.522327806
0.522163743
0.522178431
0.522286711
0.522369107
0.522352649
0.522310253
0.522361815
0.522089056
0.522124837
0.522265774
0.522189055
0.522217961
0.522370148
0.522173170
0.522234055
0.522227962
0.522436763
0.522250722
0.522302596
0.522212388
0.522243117
0.522005722
0.522346346
0.522179471
0.522380356
0.522095045
0.522398481
0.522347544
0.522182805
0.522248273
0.522290773
0.522478012
0.522279263
0.522197023
0.522233273
0.522363897
0.522211190
0.522579000
0.522209783
0.522085357
0.522233689
0.522192804
0.522421970
0.522298689
0.522413271
0.522205773
0.522459886
0.522200981
0.522501604
0.522175460
0.522130200
0.522145304
0.522271293
0.522265720
0.522214261
0.522259157
0.522274209
0.522498740
0.522255094
0.522362281
0.522350980
0.522151397
0.522181917
0.522422751
0.522138897
0.522267751
0.522338635
0.522155095
0.522188272
0.522148012
0.522266970
0.522366500
0.522335250
0.522229052
0.522219833
0.522563166
0.522276031
0.522239834
0.522466395
0.522215823
0.522202125
0.522143480
0.522292281
0.522310822
0.522312698
0.522183896
0.522248375
0.522282697
0.522368010
0.522298843
0.522125146
0.522189781
0.522300979
0.522258114
0.522224417
0.522090667
0.522357489
0.522194052
0.522213478
0.522223426
0.522190666
0.522327489
0.522339988
0.522184364
0.522204781
0.522264884
0.522416342
0.522251030
0.522209208
0.522252749
0.522471394
0.522295926
0.522262905
0.522097541
0.522440040
0.522142228
0.522134884
0.522345405
0.522174832
0.522302436
0.522398373
0.522289206
0.522384988
0.522160718
0.522360977
0.522340977
0.522328894
0.522218009
0.522441445
0.522320613
0.522532956
0.522243061
0.522272123
0.522282956
0.522128269
0.522293164
0.522307748
0.522391290
0.522312331
0.522311394
0.522227175
0.522173165
0.522296029
0.522375195
0.522285612
0.522194675
0.522306237
0.522173737
0.522338268
0.522264466
0.522344361
0.522194571
0.522143165
0.522223581
0.522294050
0.522357956
0.522292434
0.522143268
0.522441340
0.522159622
0.522344674
0.522453841
0.522324361
0.522168684
0.522352486
0.522276445
0.522270091
0.522238372
0.522293580
0.522123268
0.522064466
0.522291809
0.522250455
0.522386392
0.522191549
0.522198528
0.522275455
0.522099310
0.522227017
0.522177382
0.522213944
0.522172174
0.522304100
0.522355142
0.522333943
0.522153840
0.522289256
0.522125976
0.522102591
0.522143215
0.522229257
0.522509047
0.522247642
0.522101548
0.522307798
0.522110403
0.522203163
0.522249152
0.522233475
0.522194101
0.522458683
0.522189204
0.522321704
0.522207537
0.522295037
0.522278840
0.522211392
0.522211861
0.522228059
0.522277328
0.522245246
0.522235610
0.522305037
0.522098528
0.522282485
0.522293318
0.522306756
0.522485765
0.522387901
0.522219151
0.522144673
0.522139308
0.522314984
0.519344892
0.522221964
0.522185245
0.522203214
0.522463890
0.522230089
0.522139933
0.522203683
0.522160974
0.522362276
0.522404984
0.522238266
0.522254307
0.522297328
0.522239984
0.522326026
0.522100506
0.522339098
0.522154515
0.522182536
0.522145505
0.522215817
0.522488212
0.522146860
0.522158474
0.522195348
0.522328890
0.522185557
0.522347692
0.522338629
0.522300244
0.522149151
0.522333524
