0.961024978
0.961041385
0.960863626
0.960786803
0.960762793
0.960540920
0.961371750
0.960814044
0.960993523
0.961119460
0.960778317
0.960974254
0.961337221
0.961000400
0.960979671
0.961141181
0.960966860
0.961245088
0.961060037
0.961117953
0.961287850
0.960992174
0.961834879
0.960945717
0.961264570
0.960807749
0.960947124
0.961085613
0.961102228
0.960917542
0.960992802
0.961602331
0.960449159
0.961175823
0.960835513
0.961005512
0.961066450
0.960914368
0.961126033
0.960996712
0.961810146
0.960786088
0.960921505
0.961175358
0.961087130
0.961087443
0.960888068
0.961003486
0.960878955
0.961647337
0.960919529
0.961119476
0.960893592
0.960839061
0.960982603
0.960881666
0.960935833
0.960984062
0.961674841
0.960604533
0.960906095
0.961042865
0.960699950
0.961089168
0.961086720
0.961028804
0.960988128
0.961831875
0.960902139
0.961036618
0.961053546
0.960901932
0.961253806
0.960976151
0.960994120
0.960760527
0.961543494
0.960859226
0.961048861
0.961017559
0.961080476
0.961011934
0.960914331
0.960932873
0.961100581
0.961752089
0.960816052
0.960790948
0.961201311
0.961182301
0.961080271
0.961245270
0.960909126
0.961240688
0.961792925
0.960891419
0.961044283
0.961038815
0.961347199
0.961251575
0.960827774
0.960982097
0.961004650
0.961304649
0.961010275
0.961281316
0.960978818
0.960710642
0.960967360
0.961055120
0.961155693
0.960829340
0.960919132
0.960624134
0.960946737
0.961034654
0.960828561
0.961002206
0.960810333
0.961147311
0.961440591
0.960876896
0.961163562
0.960463617
0.961146895
0.960912834
0.961067261
0.960965543
0.960772523
0.960911377
0.961079710
0.961796374
0.960805857
0.961109399
0.960933462
0.960983045
0.960870182
0.960836015
0.961136691
0.960760182
0.961650857
0.960663569
0.961084193
0.960681226
0.961352630
0.960681018
0.960810080
0.961107006
0.961030080
0.961738255
0.960960758
0.961157112
0.961014977
0.960908936
0.961043311
0.960952374
0.961017166
0.960865864
0.961716799
0.961059823
0.961181385
0.961030813
0.960770710
0.960835397
0.960827534
0.960971960
0.960745971
0.961636958
0.960717743
0.960973055
0.960965764
0.960614620
0.960970869
0.961001545
0.960981963
0.960866130
0.961836751
0.960896390
0.961021859
0.961080765
0.960702069
0.960906704
0.961038631
0.961236704
0.960691029
0.961751754
0.960860351
0.961008893
0.961189309
0.961026341
0.960899102
0.960888061
0.961111758
0.960981551
0.961256602
0.960864989
0.960973895
0.960997124
0.960939209
0.961221969
0.960886606
0.961079990
0.960666659
0.961531239
0.960731086
0.960862127
0.960972752
0.960807389
0.961209366
0.960961711
0.961028951
0.960986295
0.961430044
0.960899316
0.961044889
0.960946453
0.960797078
0.960952546
0.960750464
0.961123223
0.961076297
0.960763642
0.960723069
0.960828121
0.961006141
0.960951194
0.961080204
0.960982549
0.961391610
0.961006663
0.960810519
0.961918015
0.960600885
0.961155310
0.960991301
0.961113591
0.961064322
0.960990936
0.960948437
0.960867969
0.961753278
0.960903803
0.960981563
0.960886459
0.961133594
0.960788856
0.961101876
0.961193855
0.960717242
0.961505312
0.960802399
0.960986721
0.960891461
0.961030783
0.961123336
0.960736723
0.960808651
0.961066774
0.961703282
0.960980942
0.960994067
0.960892922
0.960786829
0.960689589
0.960917558
0.961070995
0.960837558
0.961615680
0.961023183
0.961014694
0.961019642
0.960948549
0.960665217
0.961128965
0.960989539
0.961039851
0.961568912
0.960907300
0.960955998
0.960989696
0.960928030
0.960800374
0.960826208
0.960975113
0.960948343
0.961585164
0.960875531
0.961209176
0.961228708
0.960773918
0.961034386
0.960883710
0.960897668
0.960866053
0.961640009
0.960999908
0.961341260
0.960727357
0.961018815
0.961416781
0.960783139
0.960950378
0.961007305
0.961395689
0.960962826
0.961031732
0.961167670
0.960835953
0.961051785
0.960978348
0.960923296
0.960887046
0.961388452
0.960984026
0.961123140
0.961023141
0.961061422
0.960901788
0.961073141
0.960991892
0.960795799
0.960936476
0.960513405
0.961069131
0.961120903
0.960726737
0.961105798
0.960875956
0.961296475
0.960864394
0.960775593
0.961228768
0.960816322
0.961019186
0.961025852
0.961331945
0.960900698
0.960926948
0.960854083
0.961282207
0.961577466
0.960827990
0.960898199
0.961084188
0.961335333
0.960788460
0.960988615
0.960693877
0.961120074
0.961880800
0.960971585
0.961018981
0.960702472
0.961084866
0.961149658
0.961046377
0.960813670
0.961109555
0.961375335
0.961070336
0.961056118
0.960806953
0.960846536
0.960824349
0.961089452
0.961442888
0.961126535
0.961550440
0.960794141
0.961036327
0.960703777
0.961040027
0.960708622
0.960937266
0.960805132
0.961081589
0.961779555
0.961127006
0.960998153
0.961270703
0.960932789
0.961062423
0.960923779
0.961000288
0.960762633
0.961478464
0.960615447
0.961997264
0.961028206
0.961167476
0.960660968
0.960875343
0.960960602
0.960715135
0.961636069
0.960884926
0.961450081
0.960897479
0.961075031
0.960832115
0.960715918
0.961401227
0.961185187
0.961807060
0.960807116
0.961057792
0.961048574
0.961239614
0.961007584
0.961062220
0.961156178
0.960851856
0.961949300
0.960539045
0.960993419
0.960904409
0.961036231
0.961134096
0.960949044
0.961061492
0.960887222
0.961412325
0.961276648
0.960995504
0.960926077
0.960851129
0.960997015
0.960843786
0.961214149
0.961200243
0.961277899
0.960719308
0.961379879
0.961083161
0.960813162
0.960922537
0.960900454
0.960988995
0.960784205
0.961012225
0.961477223
0.960722330
0.961173683
0.960741080
0.961191548
0.960870507
0.961089360
0.960796862
0.961243111
0.961699203
0.961098008
0.960768790
0.960954831
0.960932539
0.960889050
0.961020456
0.961075248
0.961164206
0.961605610
0.960852385
0.961085977
0.960768375
0.961090405
0.961070249
0.961042958
0.960895510
0.960931708
0.961662747
0.960695928
0.960964886
0.961133322
0.960962385
0.960785304
0.961081656
0.960905251
0.960920251
0.961689467
0.960941449
0.961005303
0.961056553
0.961167334
0.960666920
0.961083220
0.961134261
0.960944263
0.961624781
0.961063065
0.961207595
0.967421581
0.982635270
0.976640919
0.978363413
0.973944055
0.978973931
0.974956656
0.977800290
0.980907674
0.977965811
0.980004605
0.978146957
0.982880531
0.978785027
0.980451635
0.980101844
0.979147109
0.980099345
0.962443062
0.961200983
0.961273535
0.960885047
0.960816089
0.961276713
0.961330984
0.961100047
0.960932392
0.961096923
0.960904111
0.960921090
0.960769268
0.961084632
0.960886664
0.960881455
0.960891195
0.961147548
0.961046091
0.960862758
0.961263590
0.960984581
0.961308850
0.961053070
0.961689735
0.960784321
0.960840571
0.961023227
0.961105988
0.961013176
0.961053384
0.960927707
0.961005311
0.961535049
0.961020780
0.960784219
0.960982863
0.960831406
0.960815260
0.960990052
0.960799948
0.961093385
0.961519373
0.961260728
0.960626564
0.961041667
0.960941303
0.960839376
0.961009792
0.960803700
0.960992084
0.961420155
0.960916512
0.960843804
0.961454322
0.960980887
0.961008752
0.961017918
0.961127032
0.960983127
0.961569844
0.961174220
0.960927137
0.961119898
0.960887555
0.960901617
0.961013232
0.960707191
0.960966044
0.961556824
0.961013284
0.960825056
0.960649067
0.961099691
0.960989222
0.960896359
0.960897973
0.961109534
0.961489585
0.961171774
0.961086514
0.961159847
0.961014640
0.961100369
0.960994015
0.960827506
0.961090265
0.961552867
0.961208598
0.961098807
0.960918911
0.961039067
0.961024172
0.961255213
0.961124901
0.960841673
0.961486098
0.960856881
0.960982558
0.960892194
0.961139485
0.960810112
0.961215578
0.960952923
0.961115735
0.961442036
0.960932090
0.961401464
0.960862768
0.960955320
0.960886935
0.961306725
0.960902924
0.960952612
0.960802768
0.960641676
0.960961571
0.960738603
0.960856363
0.960971519
0.961010581
0.960791728
0.961062456
0.960929176
0.960938291
0.960876260
0.960778552
0.960950842
0.961208133
0.960995530
0.960777301
0.960976156
0.960937666
0.961468914
0.960951051
0.961212561
0.960864906
0.960778813
0.961113968
0.961074957
0.960961000
0.961053187
0.961847090
0.961086208
0.960946833
0.960929594
0.960899126
0.961179281
0.961051834
0.960810585
0.960951366
0.961626415
0.961029855
0.960938501
0.961011522
0.960668503
0.961040324
0.960905168
0.960892148
0.961234542
0.961807301
0.960995846
0.960957356
0.961205376
0.960977929
0.960807200
0.960980481
0.961115637
0.961053294
0.961561417
0.961213345
0.961039961
0.961016888
0.960836004
0.960859805
0.960783816
0.960650900
0.961038451
0.961452303
0.961027514
0.961085638
0.960935900
0.960775171
0.960854806
0.961067774
0.960727307
0.960997514
0.961732772
0.961007149
0.961015588
0.961176316
0.960995796
0.960942776
0.960931682
0.960989494
0.961373660
0.961393556
0.960942360
0.961089286
0.960796943
0.960731319
0.961103713
0.961255588
0.960833767
0.961010172
0.961526629
0.961133088
0.960911006
0.960907673
0.961297567
0.960836944
0.960877986
0.960868455
0.961339338
0.961228818
0.961195902
0.960828456
0.960704497
0.961076996
0.960904184
0.961098975
0.960893403
0.960969965
0.961121059
0.961205485
0.961180642
0.960815799
0.960955070
0.961000382
0.961119028
0.960784655
0.961080694
0.960888404
0.961684755
0.961042154
0.960903769
0.960896321
0.961128456
0.960858925
0.961031945
0.961038820
0.960726269
0.961653714
0.960975384
0.960620281
0.961110383
0.960973925
0.961061529
0.960945957
0.961084342
0.960899447
0.961892047
0.960919915
0.961008353
0.960860801
0.960816896
0.960893510
0.960929291
0.961096322
0.961191634
0.961777101
0.961312624
0.960886323
0.961069552
0.960830074
0.961038302
0.960684137
0.961054395
0.961135489
0.961931996
0.961036114
0.960986063
0.961026376
0.960915698
0.960789293
0.960992782
0.961064656
0.961066740
0.961686060
0.961108927
0.961038563
0.961028459
0.960948355
0.961116636
0.960810803
0.961180074
0.961042678
0.961613353
0.961514585
0.960938752
0.960895930
0.961008796
0.961092338
0.961185203
0.960371769
0.961166662
0.961626713
0.961125467
0.961126509
0.961071718
0.960850573
0.960940626
0.961093908
0.960791461
0.960819848
0.961489064
0.961139535
0.961002193
0.961263233
0.960881830
0.960753029
0.961253861
0.960764697
0.961285061
0.961717507
0.961126885
0.960966001
0.961158449
0.961082877
0.960816056
0.961217305
0.960961890
0.961196473
0.960966631
0.960886111
0.960773143
0.961096528
0.961059759
0.960921583
0.961075124
0.960805126
0.961019761
0.961168146
0.961846009
0.960680234
0.961144347
0.961109764
0.961184191
0.960994766
0.960847580
0.961402474
0.960904612
0.961634974
0.960886749
0.960647896
0.961166332
0.960848574
0.960892063
0.961024928
0.961158001
0.960819982
0.961616386
0.960958733
0.960982588
0.960843422
0.960919621
0.961202693
0.960932383
0.961193112
0.960881707
0.961718683
0.961085718
0.960865511
0.961231656
0.960667388
0.960962387
0.960882285
0.960980461
0.960858119
0.961527960
0.961358378
0.961013641
0.961116558
0.961201818
0.961074007
0.961047289
0.960983384
0.961386715
0.961486664
0.961021249
0.960904897
0.961059845
0.960867190
0.961081721
0.961154690
0.961125992
0.960901515
0.961860887
0.961288910
0.960927194
0.961174902
0.960919851
0.961037404
0.961051154
0.960774593
0.960890218
0.961720423
0.961162302
0.961042198
0.960989699
0.960830377
0.961124440
0.961209387
0.960840952
0.960871004
0.961648189
0.960923036
0.961155484
0.961017361
0.961070642
0.961377933
0.961092934
0.961109706
0.960973040
0.961586788
0.960997156
0.960920646
0.961181896
0.960973825
0.960832836
0.961100961
0.960844348
0.961086118
0.961248201
0.961093255
0.961090547
0.961176692
0.960803517
0.960975392
0.961163830
0.961085862
0.961083883
0.961004457
0.960783885
0.960715501
0.961062896
0.960977167
0.961098261
0.961218366
0.960940606
0.961028888
0.960913108
0.961748262
0.960553475
0.961175557
0.961021235
0.960941392
0.961224724
0.960897331
0.960796706
0.960771707
0.961593162
0.960803582
0.960689522
0.961020927
0.960843897
0.960851709
0.961043793
0.961123376
0.960879106
0.961776968
0.960934368
0.961138170
0.961019212
0.960702444
0.961055411
0.960949736
0.961296765
0.960891715
0.961818587
0.961305465
0.960875467
0.960874946
0.961041978
0.960917916
0.960665469
0.960969167
0.961172656
0.961581978
0.961077606
0.960855471
0.961186304
0.960951097
0.960986931
0.960825005
0.960930266
0.960939171
0.961508806
0.961115735
0.960791621
0.961167766
0.960922768
0.961297924
0.960901051
0.975932474
0.960396729
0.960876732
0.960757100
0.960769494
0.960943598
0.960637652
0.960543005
0.960641686
0.960464430
0.960656594
0.960615893
0.960584825
0.960665520
0.960701998
0.960779202
0.960850050
0.960504960
0.960734864
0.960704872
0.960793263
0.960596962
0.960779411
0.960889776
0.961049356
0.961005811
0.960717212
0.960696008
0.960523603
0.960808071
0.960807329
0.960682785
0.960703395
0.960642339
0.960695081
0.960826521
0.960661554
0.960788511
0.960757656
0.960605186
0.960915786
0.960751022
0.960887610
0.960880760
0.960817817
0.960547267
0.960985987
0.960809915
0.960531448
0.960548708
0.960492374
0.960826924
0.960829493
0.960762636
0.960617289
0.960797097
0.960711488
0.960699160
0.960642455
0.960674344
0.960906076
0.960644996
0.960530843
0.960819031
0.960732065
0.960874628
0.960777920
0.960742827
0.960887004
0.960704201
0.961051710
0.961086616
0.960642875
0.960762936
0.960666486
0.961217639
0.960609627
0.960541665
0.961063522
0.960711755
0.961100576
0.960568394
0.960653342
0.960795891
0.960646562
0.960722546
0.960458374
0.960788676
0.960664968
0.960694122
0.960684577
0.960676019
0.960645479
0.960618534
0.960709659
0.960727710
0.960729406
0.960637507
0.960912740
0.960653340
0.960775235
0.960740309
0.960741476
0.960637746
0.960629848
0.960807313
0.960621393
0.960962551
0.960580064
0.960696899
0.960966232
0.960732546
0.960514640
0.960626158
0.960820330
0.960935335
0.960918723
0.960618207
0.960745658
0.960824253
0.960698057
0.960606235
0.960598265
0.960722742
0.960877216
0.961274190
0.960728354
0.960678142
0.960516158
0.960626775
0.960812027
0.960998423
0.960666436
0.960649915
0.960691414
0.960820100
0.960593215
0.960861117
0.960616730
0.960539787
0.960902375
0.960805693
0.960904844
0.960487120
0.960772831
0.960709376
0.960936544
0.960677722
0.960680827
0.960678568
0.960898753
0.960720243
0.960640430
0.960788376
0.960730801
0.960817963
0.960515805
0.960652915
0.960626224
0.960564793
0.960879244
0.960544166
0.961033252
0.960785413
0.960773562
0.960935096
0.960648662
0.960592696
0.960720062
0.960744772
0.960830627
0.960707002
0.960570982
0.960485690
0.960754460
0.960721251
0.960599708
0.960876654
0.960843704
0.960706170
0.960727647
0.960739487
0.960649088
0.960687075
0.960860165
0.960965077
0.960989520
0.960735265
0.960479813
0.960647745
0.960802708
0.960716474
0.960602375
0.960676243
0.960666205
0.960731895
0.960837846
0.960699787
0.960912612
0.960650595
0.960671389
0.960611506
0.960944485
0.960536686
0.960644823
0.960796188
0.960793544
0.960498244
0.960651536
0.960733838
0.960940723
0.960644328
0.960917046
0.960642525
0.960505765
0.960868587
0.960877033
0.960622096
0.960943719
0.960764822
0.960738685
0.960729111
0.960861046
0.960810795
0.960603408
0.960820759
0.960981704
0.960726661
0.960715887
0.960635426
0.960587309
0.960794659
0.960700917
0.960927903
0.960747338
0.961137031
0.960727820
0.960937148
0.960780853
0.960801797
0.960814772
0.960918164
0.960834420
0.961157707
0.960765265
0.960868916
0.960786058
0.960626741
0.960408362
0.960837116
0.961197120
0.960847699
0.960685361
0.960856876
0.960633600
0.960985844
0.960761735
0.960552052
0.960935441
0.960766383
0.960868107
0.960754882
0.961105927
0.960694005
0.960806144
0.961028388
0.960644174
0.960883708
0.960700014
0.961236111
0.960827262
0.961119504
0.960751905
0.960707533
0.960734984
0.960841080
0.961041605
0.960685515
0.960957445
0.960673646
0.960900680
0.960647194
0.960632874
0.960985949
0.960824755
0.960985017
0.960821219
0.960998200
0.960756589
0.960704457
0.960895447
0.960801961
0.960847328
0.960610612
0.960917906
0.960705617
0.960924004
0.960724163
0.960750103
0.960791459
0.960736461
0.960748859
0.960545425
0.961040530
0.960703293
0.961127304
0.960956832
0.960606529
0.960757809
0.960916224
0.960979275
0.960856858
0.960785950
0.960855459
0.961087933
0.960910046
0.960600858
0.960716563
0.960639717
0.960681359
0.960733625
0.960887349
0.960992167
0.960653029
0.960924200
0.960722717
0.961160084
0.960807091
0.960787899
0.960601101
0.960980657
0.960866151
0.961096434
0.960842867
0.960762371
0.961079424
0.960975334
0.961115461
0.960643508
0.960875925
0.960860324
0.960736441
0.960906515
0.960536644
0.960753696
0.960922206
0.961067592
0.960579179
0.960738783
0.960899637
0.960622420
0.960890564
0.960638035
0.960897219
0.960496721
0.960883198
0.960727697
0.960825581
0.960821331
0.960625361
0.960671839
0.960609514
0.960920053
0.960648042
0.960884674
0.960710943
0.960768409
0.960785927
0.960628290
0.961002420
0.960863585
0.960760217
0.960571954
0.961028167
0.960952507
0.960649974
0.960841239
0.960952453
0.960981948
0.960708164
0.960859325
0.960880644
0.960757431
0.960607082
0.960656681
0.960853518
0.960590567
0.960833966
0.960670179
0.960897382
0.961064375
0.960869807
0.960685082
0.960705982
0.960811882
0.960783667
0.960886701
0.960696299
0.960706625
0.960807941
0.960809569
0.960802030
0.960680325
0.960697110
0.960926132
0.960972603
0.960875116
0.960831119
0.960759257
0.960279062
0.960809802
0.960799398
0.960762640
0.960660047
0.960869121
0.960582832
0.960902790
0.960855823
0.960535888
0.960794909
0.960742525
0.960940920
0.960887286
0.960846933
0.960847360
0.960952006
0.960730716
0.960706091
0.960870267
0.960630956
0.961177006
0.960821809
0.960700101
0.960528133
0.960938975
0.960928151
0.960794776
0.960851244
0.961032087
0.960917461
0.960921741
0.960869407
0.960898739
0.960750103
0.961372506
0.960933872
0.961057525
0.961153940
0.961267959
0.960780522
0.960900999
0.960772571
0.960700027
0.961048107
0.961233584
0.961059478
0.960980633
0.961243765
0.961059347
0.961072323
0.961048477
0.960773902
0.960960889
0.960781783
0.961064237
0.960743048
0.960900608
0.961011552
0.960999372
0.961325211
0.961152042
0.960882884
0.960553622
0.960946491
0.960922488
0.961208953
0.960818127
0.960940478
0.961081942
0.960864606
0.961144299
0.960659360
0.960964677
0.960666248
0.960984013
0.960806052
0.961236526
0.961123146
0.960917320
0.961103055
0.960841707
0.961074473
0.960796199
0.961227922
0.961026731
0.961088508
0.960985389
0.961312945
0.960927744
0.960981916
0.960964578
0.960808490
0.961242453
0.961226625
0.961130589
0.960985595
0.960581383
0.961094198
0.961009882
0.960882543
0.960932288
0.960980678
0.960916100
0.960844386
0.961172776
0.961097208
0.960874922
0.960909562
0.961006598
0.960843530
0.960992336
0.960759321
0.960903127
0.961323026
0.960964751
0.961029963
0.960911844
0.960996066
0.960901800
0.961055710
0.961067642
0.960634939
0.960818692
0.961084061
0.960998179
0.960768184
0.961034073
0.961102670
0.960830123
0.960866585
0.960928203
0.960855708
0.960818056
0.960950819
0.960782803
0.961017181
0.961073226
0.960760419
0.961019692
0.960924800
0.961249907
0.961041057
0.960814968
0.960844763
0.960693986
0.960932582
0.960851648
0.960991599
0.960732541
0.960926970
0.960834943
0.960801196
0.960990834
0.960612036
0.961069694
0.961317665
0.960859701
0.960904861
0.960979030
0.961141272
0.961125338
0.961149039
0.960755917
0.961188263
0.960929621
0.961326133
0.960735773
0.961148326
0.960872914
0.960794844
0.960872294
0.960604069
0.960961258
0.960918291
0.960982305
0.960882360
0.961085278
0.960881063
0.960732941
0.960922161
0.960922685
0.961024927
0.960684722
0.960977484
0.960709049
0.961132384
0.960958117
0.961279940
0.960919840
0.960794947
0.960931928
0.960591983
0.960780006
0.960758915
0.960709593
0.961142095
0.960792775
0.960896111
0.960909654
0.961081062
0.960905388
0.960953098
0.961311641
0.960998102
0.961018989
0.960876387
0.961035608
0.961032953
0.961087486
0.960861604
0.961311552
0.960687337
0.960814474
0.960918694
0.960744322
0.961294322
0.960850680
0.960990993
0.961009745
0.961073392
0.961171884
0.960564856
0.961006627
0.960743557
0.960921058
0.960999758
0.961118300
0.960882626
0.960979242
0.960798150
0.960916745
0.960937580
0.960558988
0.960891073
0.960905032
0.961105502
0.960949983
0.960721965
0.961134205
0.960997280
0.960957021
0.961174939
0.960904524
0.960855724
0.961015308
0.961268485
0.960725312
0.962278225
0.961583854
0.961006356
0.961699169
0.961037141
0.961122090
0.961392090
0.960857145
0.960910323
0.961151209
0.961194908
0.960889859
0.960986213
0.961394599
0.960732623
0.960928925
0.961137312
0.960938459
0.961339189
0.960886274
0.961002317
0.961062995
0.961260131
0.960940706
0.960716958
0.960852271
0.960818158
0.961172793
0.961041961
0.960989879
0.960966391
0.961021027
0.960975664
0.960773322
0.960878687
0.961055771
0.961284886
0.960778326
0.961154836
0.960805254
0.961161661
0.960822392
0.960951611
0.961609007
0.960879946
0.961000729
0.960847292
0.961135157
0.961191356
0.960812660
0.960901463
0.961163181
0.961126933
0.961285943
0.961001674
0.960757561
0.961038915
0.960877875
0.960819490
0.960950845
0.960836367
0.961157617
0.960880118
0.960888765
0.960791006
0.960795850
0.960760018
0.960795019
0.960953092
0.960793405
0.961054864
0.960729137
0.961322885
0.961140907
0.961098304
0.960819399
0.960808671
0.960960807
0.960935859
0.960955965
0.960975600
0.960806695
0.960800914
0.961192477
0.960972322
0.960820812
0.960983365
0.960759408
0.961052689
0.960862846
0.961048680
0.960814462
0.960849203
0.961022224
0.960772694
0.960835559
0.961104308
0.960998007
0.960865248
0.961081133
0.960905821
0.960831916
0.960948479
0.960547751
0.961392234
0.960689169
0.961120012
0.960963776
0.961069933
0.960865415
0.960855740
0.961019033
0.961066544
0.960925203
0.961058912
0.961063664
0.960805500
0.960692491
0.960950627
0.960718556
0.960839088
0.960854309
0.960994840
0.961006414
0.960848197
0.960877584
0.960578326
0.961075522
0.961007564
0.960915649
0.960851703
0.960922390
0.961005786
0.960836735
0.960900028
0.961220349
0.961275151
0.960892040
0.961087102
0.961144351
0.960974154
0.960791771
0.960973186
0.961015124
0.961064457
0.961229049
0.960848594
0.961144435
0.961143717
0.961010446
0.960955249
0.961136717
0.961208393
0.960855645
0.961196850
0.960917799
0.961118902
0.960945476
0.960947099
0.960738569
0.961321285
0.960945463
0.960763442
0.961069492
0.961141324
0.961183468
0.960756709
0.961205884
0.961298497
0.960966945
0.960995339
0.961068525
0.961100670
0.960957607
0.961261574
0.961168146
0.960917218
0.960979467
0.961169006
0.961214276
0.960932203
0.961044034
0.961194354
0.961194259
0.961225362
0.960816570
0.961198817
0.960890285
0.961130449
0.961047646
0.961076352
0.961161256
0.961303607
0.961142940
0.961062323
0.961141602
0.961156194
0.960954641
0.961148762
0.961042000
0.961148467
0.960874883
0.961114212
0.961282032
0.961220009
0.960761217
0.961099400
0.961125294
0.961498426
0.960961404
0.960921204
0.960925899
0.960872157
0.961132685
0.960921912
0.961021815
0.961090938
0.960945894
0.960897099
0.961168928
0.960996801
0.961378161
0.961018326
0.961001719
0.961094643
0.960889130
0.960954398
0.961318778
0.960906861
0.961092388
0.960937969
0.961047975
0.961084492
0.961129031
0.960902684
0.960991598
0.961067802
0.960831247
0.961242034
0.961061000
0.961021892
0.960965076
0.960899199
0.960937955
0.961117075
0.961208749
0.960916777
0.961187200
0.961033925
0.960992631
0.960951856
0.960994153
0.960864421
0.960968854
0.961102090
0.961131575
0.961145384
0.961010078
0.961016595
0.960806966
0.961098169
0.960997759
0.960713496
0.961356156
0.961045069
0.961280126
0.960802427
0.960966130
0.961029885
0.961188850
0.961135314
0.960895269
0.961040691
0.961234602
0.961490128
0.961213677
0.961478473
0.961100095
0.961068903
0.961219481
0.961170321
0.961544231
0.960886844
0.961250754
0.961125083
0.961254984
0.960889679
0.961131819
0.961103960
0.961160267
0.961040273
0.961267622
0.961031430
0.961061122
0.961436543
0.960929988
0.961261763
0.961020519
0.960836255
0.961216103
0.960974755
0.961098457
0.960897318
0.961219509
0.961006598
0.961425247
0.961120878
0.961233748
0.961190993
0.961168811
0.961061420
0.960842989
0.960969243
0.961298725
0.960824515
0.960885977
0.960926087
0.961609161
0.961095939
0.961163965
0.961319437
0.960866214
0.960823772
0.960999453
0.961246956
0.960944671
0.961150768
0.960734734
0.961178694
0.961044897
0.960909434
0.961062615
0.960783038
0.961169447
0.960950754
0.960863780
0.960772951
0.961061288
0.961013636
0.960958849
0.960963281
0.961142452
0.960948185
