0.961844366
0.960657185
0.441668908
0.441613960
0.962036658
0.962308011
0.877568361
0.961675462
0.961760670
0.913548161
0.961556870
0.961726973
0.951076809
0.952632272
0.962237909
0.927443938
0.961664944
0.961332914
0.960036149
0.944729806
0.961532705
0.961478747
0.441490942
0.939212537
0.962199370
0.938754102
0.961729216
0.961647185
0.961240468
0.441677608
0.441868180
0.441478859
0.441560629
0.939852796
0.961554478
0.961476667
0.441958389
0.441715994
0.441493286
0.441691880
0.441417558
0.441638077
0.441685994
0.441547974
0.923976769
0.961596198
0.961647917
0.441514797
0.924755152
0.962108176
0.958367619
0.945212412
0.961753438
0.961420731
0.441617610
0.940236392
0.961557763
0.961469639
0.441344122
0.928070140
0.962508801
0.952137438
0.951455566
0.961485264
0.961559067
0.441514226
0.441759902
0.441567924
0.961398807
0.961611931
0.938464891
0.962369012
0.961216830
0.920011478
0.961531516
0.961438495
0.954670243
0.949239484
0.961689380
0.961858807
0.441700789
0.441571415
0.961473288
0.961779537
0.957608825
0.946151007
0.961867974
0.961633757
0.441409072
0.939462286
0.961281676
0.939954836
0.961854747
0.961618394
0.961497717
0.935545168
0.961379125
0.961574228
0.441540738
0.441558655
0.960412619
0.962678442
0.923721415
0.441603031
0.961553760
0.961653083
0.931412686
0.961652719
0.961568604
0.961435272
0.942329153
0.962341467
0.936791467
0.441494959
0.441642562
0.441570896
0.441634958
0.441544437
0.961700688
0.961838136
0.939002501
0.961673971
0.961564388
0.919072687
0.961453816
0.961537045
0.961456681
0.942091240
0.961426316
0.961746940
0.441491834
0.935792880
0.961312359
0.949965479
0.955328634
0.961649285
0.961627879
0.441385638
0.441613033
0.441641210
0.441502513
0.961737098
0.961585068
0.961592776
0.441664803
0.961575485
0.961387309
0.915837183
0.961552048
0.961415174
0.954849992
0.949182881
0.961403560
0.961281580
0.441906002
0.940033283
0.961466060
0.961558091
0.441557462
0.928728173
0.961356998
0.961407519
0.441513087
0.961505591
0.961521008
0.854420406
0.952465213
0.961359343
0.961463249
0.441401056
0.946253364
0.961377729
0.961280959
0.441508868
0.942232443
0.962397777
0.939209122
0.961330438
0.961601635
0.961559188
0.927448338
0.961395959
0.961580698
0.441548088
0.961593771
0.962355695
0.851848336
0.441532464
0.961620022
0.961346742
0.961558512
0.441676421
0.959266230
0.961507732
0.961599710
0.441563401
0.958335140
0.961290597
0.920310452
0.961554868
0.961449451
0.956778168
0.946753157
0.961482993
0.961475337
0.441772411
0.961435338
0.961693514
0.902136309
0.441643766
0.441655537
0.441524652
0.441495798
0.961743306
0.961652108
0.939986832
0.961881118
0.962536844
0.918151818
0.441523663
0.961461536
0.961539245
0.935736121
0.961818827
0.961215601
0.961676640
0.441607413
0.441668558
0.442038714
0.441627726
0.441458403
0.961517302
0.961655627
0.961025370
0.943940023
0.961705471
0.961612295
0.441508184
0.936149327
0.962488334
0.944109920
0.958821162
0.961854222
0.961667139
0.441463967
0.441810840
0.441468810
0.961406985
0.961440787
0.917958934
0.962170733
0.961445631
0.897890840
0.961660422
0.961311570
0.933143717
0.961529486
0.961298705
0.961584434
0.441645164
0.442121621
0.442042246
0.441606154
0.944256954
0.961458081
0.961805267
0.441457300
0.937270108
0.961486102
0.961510373
0.441619384
0.930822427
0.962243495
0.948334073
0.441460061
0.961419437
0.961519384
0.961089646
0.943382792
0.961365426
0.961745946
0.441291730
0.940660461
0.961338760
0.940820512
0.441607562
0.961510531
0.961386782
0.938775833
0.961435324
0.961487043
0.961788448
0.441947665
0.958382994
0.961617355
0.961580793
0.926518333
0.961287409
0.961571210
0.441482563
0.961879438
0.961337305
0.856706641
0.929135146
0.961079754
0.961419337
0.441426887
0.933079506
0.961953137
0.961669024
0.441537563
0.924017303
0.962255219
0.953816243
0.948879597
0.961812201
0.961495015
0.441577095
0.937145531
0.961737306
0.961406213
0.661755464
0.961384443
0.961990014
0.602720550
0.943038477
0.961493922
0.961435121
0.441481940
0.933048987
0.961635276
0.961547048
0.441405117
0.925393394
0.961427257
0.958289666
0.945088210
0.961698611
0.961750537
0.441651419
0.946985233
0.961642986
0.961230383
0.441889387
0.937268815
0.961792986
0.961390227
0.441689648
0.924844388
0.961475175
0.962103454
0.441515014
0.961639081
0.961601790
0.855289360
0.931101863
0.961283666
0.961475281
0.441488920
0.925844958
0.961520125
0.961530020
0.441541108
0.961579500
0.962632256
0.853346766
0.441664702
0.441574754
0.961644291
0.961500177
0.950731575
0.955756972
0.961305178
0.961937260
0.922121693
0.961532990
0.956722490
0.947526330
0.961798927
0.961494814
0.919868422
0.961019452
0.961532835
0.441504338
0.962739341
0.961412263
0.836270536
0.961098671
0.961311378
0.961487941
0.441479235
0.954412866
0.961344816
0.961661482
0.441689651
0.961928877
0.961582888
0.899740850
0.961629712
0.961466952
0.936044661
0.961570597
0.961504661
0.961657890
0.934687895
0.961281172
0.939004492
0.441498559
0.441740224
0.441439601
0.441711214
0.441422257
0.650801817
0.961852837
0.961822369
0.674344482
0.962327784
0.961710702
0.899095855
0.441554132
0.961391850
0.961607214
0.961534246
0.939957719
0.961582527
0.961391902
0.557285534
0.961412424
0.961827786
0.705694198
0.441764287
0.441620070
0.441600747
0.441602987
0.957157494
0.961250237
0.961803308
0.931414006
0.962366483
0.949773253
0.954085111
0.961538466
0.961630705
0.441368821
0.958551812
0.961276124
0.961832632
0.441525175
0.441556008
0.962704035
0.961461593
0.901050433
0.961871070
0.961398416
0.939981576
0.441490645
0.441546165
0.441561269
0.441535436
0.441622623
0.441873091
0.441688352
0.442171944
0.441531009
0.441638769
0.441699758
0.441439812
0.962030081
0.961674197
0.961483729
0.441607520
0.441732206
0.441550645
0.441571426
0.441581582
0.441554967
0.961653676
0.962381799
0.878064852
0.961654979
0.961521646
0.913611477
0.441571530
0.441668717
0.441553561
0.958129108
0.961389512
0.961419772
0.961540657
0.961632741
0.907943794
0.441536948
0.961874303
0.961372742
0.913864707
0.441418667
0.441666686
0.441637104
0.961295764
0.962341696
0.913925071
0.961613731
0.961378264
0.949804613
0.441330126
0.961627950
0.961843470
0.955800058
0.948283057
0.962404042
0.936336804
0.441372053
0.441580334
0.961546545
0.962191959
0.914170593
0.961553681
0.961472796
0.952254917
0.952726634
0.961343265
0.929761103
0.441637782
0.441562261
0.961653681
0.961514151
0.961549619
0.940289445
0.961533578
0.942671780
0.961376755
0.961612067
0.961539307
0.441640750
0.441443668
0.961644776
0.961345402
0.949164045
0.441476325
0.961376756
0.962617897
0.901672573
0.961464204
0.961426912
0.941886107
0.960805248
0.961615558
0.961691287
0.441323044
0.955545583
0.962299722
0.924473991
0.961356757
0.961449414
0.960548532
0.942846937
0.961338112
0.961561965
0.441368877
0.933904162
0.962301598
0.946708641
0.441595179
0.961633789
0.961780038
0.949434099
0.955159336
0.961729465
0.961587696
0.924726388
0.962082642
0.944072663
0.959339788
0.961844205
0.961760508
0.921209162
0.961458686
0.961684675
0.441726377
0.441548826
0.442057469
0.441576378
0.961725977
0.961923320
0.935887125
0.961673478
0.961634624
0.961527020
0.932169067
0.961405355
0.945885210
0.959276248
0.961579468
0.961912227
0.441575128
0.956196053
0.961362699
0.961391189
0.441546171
0.949361133
0.961589678
0.925337064
0.961377334
0.961533948
0.958469691
0.441647212
0.441797420
0.441499139
0.961474313
0.961420095
0.898864100
0.962673528
0.962217280
0.877310750
0.961664678
0.961635876
0.919340058
0.441725858
0.961906239
0.961688584
0.925989251
0.962439362
0.961736449
0.904666733
0.961723272
0.961431711
0.942333507
0.961666606
0.961557700
0.961774939
0.441486068
0.960475882
0.961643638
0.920274327
0.441496537
0.961520305
0.961797804
0.926359459
0.961573847
0.961603534
0.961025360
0.442071326
0.961674316
0.961878637
0.955866996
0.948277183
0.961185307
0.961920513
0.441537370
0.441476276
0.961815305
0.961462337
0.921315209
0.961463067
0.961793534
0.955727830
0.947422864
0.961727233
0.961487703
0.794473850
0.961462859
0.962409001
0.459612610
0.961853222
0.961484005
0.961508432
0.441599141
0.441567995
0.441644922
0.441748568
0.961522235
0.961858014
0.884265465
0.962403325
0.961207080
0.868173395
0.961463746
0.961362913
0.961861400
0.938372590
0.961530985
0.961678276
0.441718933
0.928971066
0.961653068
0.951779567
0.952953833
0.961444267
0.961956922
0.441593569
0.441717891
0.961659631
0.961734526
0.907774225
0.961791298
0.961314060
0.941383828
0.961271665
0.961951610
0.961406507
0.441583413
0.441758100
0.961970307
0.962486452
0.897578643
0.961594684
0.961731298
0.934230525
0.961666194
0.961833121
0.961699164
0.441588674
0.441600028
0.961658956
0.962459057
0.887131550
0.961553956
0.961718227
0.924198952
0.961438124
0.961588383
0.957660066
0.946329070
0.962350724
0.931929025
0.961326926
0.961588487
0.961957705
0.942914241
0.961571821
0.961777133
0.441361800
0.961495311
0.962296714
0.833101042
0.961686509
0.961478384
0.961623228
0.934331412
0.961766978
0.961679217
0.441506904
0.921868910
0.962750411
0.961609165
0.941021801
0.961843905
0.961602500
0.441479560
0.931043405
0.961681145
0.962009737
0.441304041
0.962498277
0.961438386
0.907269178
0.645758418
0.961739270
0.961458906
0.672488206
0.961759374
0.962235050
0.952045247
0.953375919
0.962025207
0.928301907
0.961506563
0.961497918
0.961449845
0.939476237
0.961381512
0.961506615
0.441487061
0.936564582
0.961319846
0.938924780
0.961373126
0.961494533
0.961681147
0.926150874
0.961562189
0.961371461
0.441945705
0.924029425
0.961994115
0.961944166
0.441669613
0.961681095
0.961552137
0.915923416
0.961710105
0.961388128
0.898302550
0.441635863
0.961505732
0.961578388
0.914090716
0.441376958
0.961229171
0.961975782
0.924995255
0.441532427
0.441694353
0.441574770
0.949264167
0.961489014
0.932446683
0.961285994
0.961664742
0.961652762
0.938179473
0.961515316
0.961574534
0.441546489
0.442127581
0.960609538
0.961672294
0.961682243
0.441662634
0.441800394
0.961429327
0.961789951
0.951457545
0.441617896
0.441679509
0.441474458
0.577914165
0.962225574
0.970083823
0.683133685
0.441468781
0.441707739
0.925388328
0.961839899
0.961493337
0.441587479
0.917952056
0.961833806
0.962693385
0.441456230
0.441582948
0.961504536
0.961823337
0.933466681
0.961894639
0.961597869
0.961360005
0.441628104
0.441508417
0.962287137
0.961634276
0.886704267
0.441566386
0.441528573
0.441598052
0.961636775
0.961341464
0.945576997
0.958166998
0.961787973
0.926303533
0.961798077
0.961475631
0.960297042
0.945033666
0.961262038
0.961561204
0.441305085
0.935327508
0.961474589
0.946522567
0.441588625
0.961583182
0.961549433
0.950197969
0.441657479
0.441480448
0.961940629
0.961548131
0.923663129
0.441513574
0.962528127
0.962100733
0.874063278
0.961736725
0.961737818
0.917289353
0.961875682
0.961269434
0.951580724
0.441385397
0.962178389
0.961380007
0.906797937
0.961524330
0.961715058
0.943388101
0.441594720
0.441762948
0.441378210
0.441631646
0.495870072
0.961495371
0.970748355
0.762833313
0.961858547
0.961745735
0.912732184
0.961361779
0.961502611
0.957940907
0.945428042
0.962914741
0.938715465
0.961697246
0.961270998
0.962035161
0.934514180
0.961552195
0.961565737
0.441743834
0.931751535
0.962547347
0.947841001
0.957172682
0.961419852
0.961540581
0.926021037
0.961919173
0.961479331
0.441476961
0.441671231
0.938416456
0.961460946
0.943353884
0.959449913
0.961874955
0.961848393
0.441697115
0.441682636
0.441464148
0.961581727
0.961929747
0.868896165
0.961527978
0.961747560
0.958406688
0.946905380
0.961284125
0.961892091
0.441413732
0.939541608
0.961362771
0.939451869
0.441558523
0.961788445
0.961452509
0.946257155
0.957326901
0.961706206
0.961596832
0.441457429
0.953942801
0.962566255
0.925872862
0.441699096
0.961485218
0.961850165
0.931707370
0.961713759
0.961682822
0.961885738
0.441537690
0.961895998
0.962278132
0.913300935
0.441390711
0.961975842
0.961457614
0.929618056
0.961547562
0.961692145
0.961501364
0.441616700
0.441971126
0.441341650
0.441572898
0.442132219
0.441578263
0.441632169
0.441674721
0.441550711
0.441651491
0.970271433
0.961190377
0.922011681
0.961500063
0.961464281
0.904710606
0.961658239
