0.639376704
0.639690453
0.639420922
0.639417588
0.639295818
0.639393525
0.639429670
0.639681179
0.639946438
0.639566387
0.639412325
0.639496282
0.639331439
0.639661489
0.639364354
0.639317688
0.639335135
0.639400186
0.639379509
0.639304873
0.639191175
0.639784141
0.639429871
0.639486120
0.639375912
0.639428360
0.639536536
0.639369296
0.639370702
0.639343410
0.639429034
0.639271535
0.639402211
0.639475491
0.639438720
0.639727833
0.639233199
0.639479708
0.639411426
0.639328562
0.639263354
0.639347155
0.639605434
0.639532465
0.639377726
0.639511111
0.639626370
0.639298142
0.639188038
0.639523713
0.639590379
0.639266631
0.639206943
0.639339494
0.639517357
0.639506524
0.639312409
0.639296575
0.639705375
0.639311002
0.639268761
0.639208814
0.639476676
0.639515738
0.639148657
0.639162354
0.639634070
0.639380216
0.639327560
0.639259748
0.639591568
0.639370476
0.639286048
0.639406725
0.639616046
0.639210838
0.639398599
0.639271567
0.639551983
0.639444378
0.639280003
0.639364742
0.639439689
0.639307658
0.639597709
0.639142293
0.639597395
0.639410676
0.639260938
0.639308073
0.639448384
0.639553488
0.639380518
0.639201249
0.639622392
0.639536662
0.639287965
0.639518381
0.639688380
0.639254319
0.639428848
0.639360203
0.639552754
0.639608586
0.639217390
0.639497336
0.639546033
0.639144264
0.639375669
0.639396605
0.639619782
0.639357699
0.639360303
0.639563686
0.639497072
0.639432541
0.639577748
0.639567904
0.639575456
0.639294050
0.639242227
0.639651652
0.639397694
0.639271028
0.639295298
0.639426287
0.639760296
0.639235453
0.639384463
0.639582638
0.639364983
0.639254879
0.639361232
0.639510190
0.639497013
0.639185347
0.639245242
0.639540397
0.639460292
0.639384250
0.639571073
0.639508311
0.639612790
0.639390759
0.639259978
0.639756538
0.639401383
0.639567164
0.639513309
0.639361955
0.639707578
0.639242945
0.639321902
0.639926796
0.639687890
0.639391900
0.639390598
0.639426483
0.639499764
0.639440180
0.639368305
0.639636116
0.639679136
0.639308982
0.639362835
0.639407834
0.639624500
0.639172210
0.639591166
0.639614186
0.639616686
0.639492520
0.639311947
0.639472727
0.639562154
0.639233821
0.639338299
0.639331946
0.639424965
0.639302101
0.639467620
0.639354912
0.639584078
0.639184183
0.639510068
0.639521838
0.639436837
0.639317775
0.639435014
0.639383815
0.639386524
0.639135327
0.639568398
0.639518970
0.639498918
0.639445480
0.639350741
0.639767926
0.639327928
0.639235271
0.639394072
0.639488134
0.639500113
0.639338759
0.639320686
0.639421674
0.639395372
0.639165998
0.639345215
0.639528287
0.639427559
0.639012768
0.639444016
0.639486567
0.639292506
0.639143183
0.639413807
0.639418546
0.639651253
0.639154432
0.639381618
0.639444013
0.639459117
0.639185419
0.639462658
0.639577605
0.639618751
0.639064741
0.639260626
0.639528490
0.639357500
0.639232552
0.639559842
0.639398853
0.639501456
0.639141718
0.639703382
0.639560934
0.639381611
0.639325518
0.639494111
0.639464683
0.639499110
0.639161872
0.639498172
0.639556817
0.639365776
0.639236609
0.639452441
0.639276349
0.639645617
0.639099369
0.639589471
0.639631398
0.639329784
0.639411711
0.639470096
0.639424210
0.639522646
0.639333636
0.639426605
0.639393740
0.639451969
0.639500718
0.639354937
0.639298948
0.639484832
0.639124572
0.639535352
0.639380092
0.639616289
0.639559257
0.639621340
0.639424986
0.639441235
0.639266913
0.639644932
0.639367225
0.639409880
0.639600712
0.639759722
0.639470348
0.639491337
0.639393837
0.639682117
0.639389670
0.639404565
0.639499408
0.639455502
0.639302430
0.639355502
0.639445345
0.639681958
0.639452896
0.639411855
0.639383834
0.639367791
0.639438832
0.639385135
0.639199666
0.639716487
0.639468519
0.639368623
0.639649091
0.639508466
0.639556955
0.639301643
0.639276330
0.639766640
0.639607318
0.639427995
0.639542630
0.639659349
0.639414349
0.639253100
0.639374610
0.639461379
0.639421067
0.639573617
0.639411847
0.639463878
0.639386430
0.639486013
0.639309191
0.639607157
0.639467106
0.639557261
0.639663511
0.639614083
0.639770854
0.639314761
0.639349240
0.639452312
0.639525072
0.639463979
0.639442624
0.639525592
0.639759029
0.639348301
0.639259186
0.639526685
0.639410122
0.639316842
0.639566007
0.639619600
0.639519444
0.639134236
0.639504079
0.639741682
0.639211423
0.639537047
0.639313036
0.639470484
0.639483504
0.639417462
0.639585743
0.639636680
0.639440691
0.639440326
0.639362566
0.639459127
0.639311263
0.639252514
0.639512147
0.639535115
0.639326939
0.639356575
0.639247929
0.639617458
0.639273293
0.639295584
0.639517927
0.639610166
0.639399801
0.639341729
0.639333864
0.639718654
0.639325165
0.639352248
0.639441102
0.639681465
0.639337248
0.639300164
0.639535006
0.639442247
0.639572767
0.639312663
0.639363808
0.639746984
0.639561151
0.639248860
0.639382661
0.639650264
0.639371567
0.639166620
0.639568753
0.639485264
0.639516774
0.639195733
0.639492711
0.639847709
0.639250940
0.639347606
0.639111826
0.639539063
0.639372345
0.639428439
0.639235575
0.639511510
0.639237553
0.639368281
0.639156511
0.639531509
0.639495676
0.639332499
0.639270572
0.639638175
0.639273124
0.639284426
0.639356873
0.639528122
0.639454893
0.639202811
0.639409164
0.639413851
0.639160518
0.639460360
0.639507913
0.639567963
0.639544630
0.639214892
0.639454891
0.639409682
0.639321297
0.639646504
0.639617025
0.639585306
0.639554993
0.639205828
0.639536607
0.639501243
0.639296972
0.639540044
0.639441190
0.639399263
0.639467179
0.639252231
0.639509991
0.639514834
0.639368741
0.639654157
0.639391501
0.639504000
0.639244678
0.639283011
0.639554259
0.639550353
0.639158896
0.639485821
0.639379156
0.639652852
0.639477904
0.639377228
0.639485508
0.639519778
0.639130613
0.639428008
0.639518007
0.639360091
0.639387955
0.639275820
0.639508943
0.639660037
0.639085663
0.639541390
0.639332902
0.639857639
0.639029412
0.639322120
0.639606025
0.639449359
0.639052277
0.639407796
0.639682013
0.639547951
0.639171650
0.639435295
0.639648679
0.639375191
0.639222743
0.639410711
0.639393367
0.639999823
0.639101232
0.639198679
0.639541074
0.639464511
0.639278626
0.639208991
0.639348417
0.639727895
0.639233261
0.639236594
0.639265343
0.639492061
0.639460759
0.639366853
0.639448259
0.639694715
0.639133051
0.639425654
0.639581695
0.639547060
0.639339976
0.639309403
0.639436486
0.639525913
0.639206175
0.639482058
0.639566849
0.639580495
0.639419401
0.639352110
0.639600547
0.639578203
0.639187370
0.639515754
0.639350338
0.639413567
0.639246536
0.639480025
0.639434400
0.639469191
0.639110650
0.639608617
0.639380232
0.639292003
0.639363669
0.639376221
0.639391273
0.639186690
0.639279294
0.639615855
0.639468512
0.639425751
0.639275751
0.639756583
0.639478667
0.639428927
0.639177730
0.639604655
0.639531478
0.639281219
0.639124969
0.639432311
0.639519133
0.639446165
0.639115437
0.639526581
0.639527362
0.639480956
0.639142311
0.639497570
0.639515591
0.639397466
0.639168248
0.639473924
0.639560589
0.639540694
0.639141580
0.639439756
0.639597464
0.639441735
0.639262725
0.639578818
0.639323662
0.639672098
0.639174131
0.639448609
0.639509129
0.639474285
0.639295953
0.639348348
0.639737305
0.639682982
0.639184129
0.639563972
0.639443086
0.639526107
0.639425794
0.639331316
0.639427096
0.639322148
0.639228242
0.639641574
0.639667355
0.639172617
0.639705219
0.639404490
0.639499490
0.639427927
0.639235845
0.639627354
0.639444958
0.639252302
0.639344177
0.639506937
0.639487562
0.639477352
0.639474332
0.639465530
0.639448915
0.639163760
0.639456675
0.639525477
0.639369592
0.639446205
0.639246050
0.639733391
0.639499018
0.639192040
0.639656933
0.639405945
0.639407351
0.639832245
0.639293288
0.639680162
0.639342298
0.639257299
0.639523234
0.639767661
0.639197090
0.639445787
0.639537556
0.639691098
0.639562296
0.639416254
0.639879064
0.639810367
0.639561149
0.639488701
0.639298598
0.639637450
0.639310368
0.639405784
0.639427399
0.639390159
0.639327191
0.639319950
0.639314950
0.639518491
0.639380887
0.639161878
0.639479428
0.639569740
0.639314794
0.639355991
0.639394220
0.639740989
0.639387188
0.639098855
0.639359896
0.639520833
0.639355157
0.639333698
0.639496718
0.639557812
0.639452238
0.639532967
0.639394009
0.639538540
0.639456248
0.639334738
0.639371717
0.639634267
0.639165207
0.639391143
0.639528278
0.639527288
0.639550152
0.639332914
0.639365830
0.639437809
0.639297913
0.639339111
0.639356924
0.639666401
0.639425620
0.639634734
0.639306923
0.639482287
0.639358016
0.639448953
0.639627702
0.639458848
0.639636764
0.639358796
0.639463744
0.639471816
0.639298744
0.639731815
0.639320931
0.639383951
0.639308118
0.639318535
0.639579627
0.639643169
0.639255358
0.639556606
0.639460930
0.639501762
0.639179680
0.639500304
0.639536606
0.639478376
0.639283221
0.639574053
0.639434365
0.639561917
0.639220929
0.639380199
0.639642541
0.639359886
0.639394313
0.639503270
0.639476812
0.639647228
0.639251136
0.639534416
0.639625978
0.639722904
0.639396187
0.639381238
0.639375092
0.639608320
0.639452175
0.639546706
0.639454207
0.639340196
0.639390717
0.639432591
0.639392175
0.639767173
0.639036759
0.639415299
0.639557121
0.639282226
0.639245872
0.639311444
0.639540715
0.639664151
0.639041341
0.639368892
0.639357902
0.639392850
0.639307433
0.639368058
0.639408787
0.639608785
0.639145558
0.639434932
0.639262485
0.639431390
0.639432640
0.639225974
0.639334463
0.639890971
0.639109672
0.639461597
0.639403316
0.639556076
0.639276910
0.639329982
0.639489409
0.639522221
0.639159410
0.639512117
0.639633835
0.639403628
0.639422273
0.639262638
0.639484512
0.639412012
0.639144462
0.639486334
0.639470449
0.639267481
0.639289981
0.639161179
0.639545448
0.639441490
0.639264199
0.639435553
0.639392427
0.639498886
0.639503937
0.639355239
0.639554770
0.639450916
0.639183990
0.639455291
0.639462374
0.639344822
0.639244979
0.639337634
0.639591071
0.639337635
0.639103260
0.639393415
0.639399196
0.639430915
0.639156072
0.639601174
0.639509403
0.639417737
0.639212998
0.639541642
0.639449195
0.639710027
0.639283362
0.639235081
0.639449611
0.639327996
0.639028310
0.639392215
0.639336955
0.639582839
0.639404401
0.639436954
0.639473464
0.639350860
0.639118257
0.639453151
0.639431016
0.639622942
0.639170964
0.639504974
0.639605493
0.639623722
0.639357213
0.639537733
0.639382317
0.639501535
0.639137578
0.639486222
0.639433670
0.639404868
0.639466274
0.639591169
0.639349035
0.639394086
0.639290389
0.639414086
0.639348670
0.639528356
0.639321377
0.639651115
0.639484241
0.639426377
0.639175336
0.639572105
0.639503407
0.639421741
0.639402887
0.639368460
0.639355231
0.639340908
0.639471428
0.639769447
0.639300439
0.639566740
0.639546999
0.639424292
0.639484500
0.639381739
0.639478510
0.639569447
0.639514812
0.639527832
0.639384083
0.639385905
0.639430540
0.639460020
0.639376895
0.639633925
0.639449134
0.639325176
0.639438821
0.639480904
0.639501164
0.639397675
0.639362675
0.639579237
0.639413247
0.639342988
0.639206321
0.639626059
0.639459601
0.639529340
0.639261165
0.639417778
0.639328039
0.639432725
0.639481997
0.639398455
0.639376788
0.639273299
0.639369132
0.639612672
0.639270278
0.639639442
0.639217829
0.639412932
0.639484443
0.639207100
0.639417047
0.639521317
0.639593557
0.639457359
0.639191319
0.639528817
0.639626056
0.639206683
0.639248713
0.639563608
0.639246109
0.639605951
0.639273036
0.639239703
0.639559857
0.639409025
0.639628451
0.639354754
0.639449753
0.639282826
0.639319650
0.639457721
0.639628189
0.639279233
0.639431524
0.639536002
0.639398555
0.639365221
0.639247148
0.639489491
0.639486418
0.639308346
0.639399023
0.639461991
0.639319648
0.639385012
0.639153711
0.639712250
0.639251783
0.639195637
0.639528239
0.639435896
0.639432927
0.639513344
0.639390740
0.639737145
0.639197199
0.639152251
0.639356261
0.639488812
0.639355636
0.639234646
0.639235271
0.639678238
0.639290739
0.639286000
0.639616675
0.639574124
0.639281052
0.639269177
0.639346885
0.639587352
0.639244541
0.639241155
0.639499748
0.639620997
0.639310374
0.639291676
0.639258603
0.639524747
0.639296987
0.639141519
0.639275373
0.639508184
0.639324644
0.639214488
0.639283602
0.639670162
0.639310841
0.639362716
0.639238497
0.639535736
0.639352976
0.639311100
0.639246049
