0.521839434
0.521941154
0.522045997
0.522082977
0.521932458
0.522393341
0.522172145
0.521998397
0.522244490
0.522094127
0.521954805
0.521926889
0.522033191
0.522121629
0.522113140
0.522033089
0.522136527
0.521797363
0.522333923
0.522149132
0.522073353
0.522050333
0.522215957
0.521908355
0.522005856
0.522211533
0.522174397
0.521919504
0.522025025
0.522010442
0.522035026
0.522041693
0.522083152
0.521942528
0.521923675
0.522122945
0.522173675
0.521952739
0.522470654
0.521982532
0.521917012
0.522053471
0.522298001
0.522122013
0.521988473
0.522249565
0.522368212
0.522124880
0.522136183
0.522212694
0.521961393
0.522056863
0.522240300
0.522029259
0.522370665
0.521983635
0.522156709
0.522062856
0.522129574
0.522232126
0.522011973
0.522026816
0.522001505
0.522213223
0.522199318
0.521978069
0.522108382
0.522000414
0.521897707
0.522070467
0.522118905
0.522530570
0.522001824
0.521826096
0.522158125
0.522078804
0.521996722
0.522096461
0.521901307
0.521961359
0.522048078
0.522071464
0.522156881
0.521780529
0.522070633
0.522073498
0.521957562
0.522267456
0.521931364
0.521995011
0.522115219
0.521936627
0.522150116
0.522114856
0.522179909
0.521950952
0.521881787
0.522380222
0.522206265
0.522048662
0.522330849
0.521927571
0.522101841
0.522165956
0.522483715
0.522275800
0.521992052
0.521849242
0.522266375
0.521937783
0.522195074
0.522173304
0.521939556
0.522104504
0.522310024
0.522094609
0.522195911
0.522086277
0.522169246
0.522281641
0.522038779
0.522105446
0.522137425
0.522246279
0.522197687
0.522042063
0.522170865
0.521950762
0.522207845
0.521942795
0.522121493
0.522135608
0.522010244
0.522346441
0.521880975
0.522080141
0.522135871
0.522544307
0.522113737
0.521986290
0.522131394
0.521968947
0.522033947
0.521986240
0.522040564
0.522084939
0.522049887
0.522232960
0.522264574
0.521981764
0.521993744
0.521915776
0.522132494
0.522574264
0.522138277
0.521996560
0.522040518
0.521840259
0.522310726
0.521916406
0.521934375
0.521926094
0.521981355
0.522099272
0.522022345
0.522026513
0.522105314
0.521902816
0.522006202
0.521934953
0.522479013
0.522285473
0.521971620
0.521937455
0.522099277
0.521935633
0.522224903
0.521893290
0.522100530
0.522036051
0.522227614
0.522127041
0.522186000
0.521922773
0.522137147
0.521907149
0.522771676
0.522009754
0.521990119
0.522093921
0.522100276
0.522186734
0.521987100
0.521869549
0.522257152
0.521782415
0.521963456
0.521968926
0.522136321
0.522127780
0.522075906
0.521934918
0.521986637
0.522631999
0.522274032
0.521957523
0.521955232
0.522120858
0.522095442
0.522105962
0.522128411
0.522166745
0.522166901
0.522121538
0.522183465
0.521973414
0.521949508
0.522122842
0.522053572
0.522442737
0.522285759
0.521837116
0.522141959
0.522114876
0.521945919
0.522003367
0.522126388
0.522026389
0.521907328
0.522194462
0.522099463
0.522308265
0.522300348
0.522379515
0.522157486
0.522028320
0.522722848
0.522057644
0.522002957
0.522212488
0.522006292
0.522042750
0.522191448
0.522141604
0.522034366
0.522144262
0.522082544
0.521933431
0.522044212
0.522091087
0.522153014
0.522074734
0.522557232
0.521978173
0.521920622
0.522204006
0.521905258
0.521905988
0.521944061
0.522000259
0.522159842
0.522022083
0.522151145
0.521968334
0.522014637
0.522212865
0.522180054
0.521949898
0.521967451
0.522745104
0.522127503
0.522226201
0.522128598
0.522124380
0.521858392
0.522040110
0.522063757
0.521921310
0.522303079
0.521986779
0.521910478
0.522115269
0.521994697
0.522119280
0.522175323
0.522614696
0.521935325
0.521838607
0.522247250
0.522131992
0.521917827
0.522081888
0.521939129
0.522113244
0.522159806
0.522045589
0.522040068
0.521944913
0.522317776
0.521911893
0.521945904
0.522075435
0.521974498
0.521913979
0.522339394
0.522001688
0.522214656
0.521943146
0.521928252
0.521894763
0.521965127
0.522188095
0.522139294
0.522080285
0.522237679
0.522107056
0.522190910
0.522051432
0.522407056
0.522039558
0.522466587
0.522244194
0.521914039
0.521942165
0.522041227
0.521889353
0.522056800
0.522392321
0.522204197
0.522179146
0.522073938
0.521993679
0.522043418
0.522013523
0.522193158
0.522007118
0.521916702
0.521979149
0.522009879
0.522068213
0.522110661
0.521898267
0.521921809
0.522192588
0.522161704
0.521972278
0.522196496
0.521963426
0.521911135
0.522102957
0.522007229
0.522456393
0.522068114
0.522078323
0.522180666
0.522061866
0.522056971
0.522117803
0.522066398
0.522176085
0.522106555
0.521956139
0.522154785
0.521874631
0.522191088
0.521823486
0.522020413
0.522101506
0.521940517
0.522171142
0.522082341
0.521977029
0.522212185
0.521973384
0.521970103
0.521952499
0.521905261
0.522028542
0.522068699
0.522036355
0.522057658
0.521889065
0.522167866
0.521970108
0.522458647
0.522140524
0.521857713
0.521981359
0.522049172
0.522000213
0.522103964
0.521900736
0.522180579
0.522045319
0.522242767
0.522231048
0.522096050
0.521955374
0.522128134
0.521962249
0.522640320
0.521958708
0.522018760
0.521941366
0.521901158
0.522121574
0.522014700
0.522036210
0.522059700
0.521856317
0.522143191
0.522284128
0.521904598
0.522020379
0.521996995
0.522087932
0.522048037
0.522583764
0.522152673
0.521800384
0.521988351
0.522114913
0.522071477
0.522092675
0.522153769
0.521955020
0.522082624
0.521960751
0.522085906
0.521961064
0.521998355
0.522101949
0.522039502
0.522536584
0.522279241
0.521942004
0.522140336
0.521943879
0.522160806
0.521933932
0.522100390
0.522198776
0.521907006
0.522141694
0.522230547
0.521917320
0.522080496
0.522098674
0.522087789
0.522006331
0.522679715
0.522138154
0.521917010
0.522063156
0.522137843
0.522137374
0.522072064
0.521994824
0.522006648
0.522002430
0.522137481
0.522051649
0.522021544
0.522129566
0.521965973
0.521825505
0.522661388
0.522238004
0.522117432
0.522027225
0.522221078
0.522086756
0.522068475
0.522176235
0.522074778
0.521832020
0.522202590
0.522104832
0.522050405
0.522147488
0.522071603
0.521960979
0.522118531
0.522521967
0.522195563
0.521823898
0.522211917
0.522001346
0.521980774
0.522157753
0.522104733
0.521986608
0.522108483
0.522030254
0.522060567
0.521884943
0.522037391
0.521950725
0.521904684
0.522738743
0.522086975
0.522039007
0.522323485
0.521845415
0.521969894
0.522064373
0.522041144
0.522103801
0.521900105
0.521947136
0.522074114
0.522125000
0.522139948
0.521946095
0.522043179
0.522119949
0.522497604
0.522167502
0.522109430
0.521954170
0.522133649
0.521766464
0.522079067
0.522050681
0.522000109
0.522061307
0.521904121
0.522136672
0.522100787
0.521924746
0.522024278
0.521938237
0.522403651
0.521932509
0.522194122
0.522044436
0.521934697
0.521946885
0.522215738
0.522058813
0.522058500
0.522022198
0.521952251
0.521973397
0.522123240
0.522074751
0.522172773
0.522003190
0.521969545
0.522404751
0.522074284
0.522075171
0.522008504
0.522104077
0.521936110
0.522134806
0.522160380
0.522009912
0.522240641
0.521796633
0.522020538
0.521993508
0.522096477
0.522022883
0.521971373
0.522422882
0.522058509
0.522253039
0.522235176
0.522204342
0.521963823
0.521971844
0.521999292
0.522179084
0.522025855
0.521981429
0.522087627
0.521898097
0.522158252
0.521999607
0.522051378
0.522043878
0.522464450
0.522185858
0.521975755
0.521906068
0.522229349
0.521855131
0.522115495
0.521960080
0.522097007
0.522020966
0.521880497
0.522036018
0.522084820
0.522106904
0.522170238
0.521944665
0.522528361
0.522080915
0.521962896
0.521997115
0.522014771
0.521996334
0.522144354
0.521855241
0.522246594
0.521981179
0.522108366
0.522285137
0.521906545
0.521942326
0.522205659
0.521944462
0.522194410
0.521825714
0.521972380
0.521965140
0.522020140
0.522109828
0.521874725
0.522016496
0.522191807
0.521959726
0.522154569
0.522143371
0.521991914
0.522019362
0.522076237
0.522050404
0.522110821
0.522537799
0.522124051
0.521785459
0.522138113
0.522127645
0.521924001
0.522035094
0.522117699
0.522016866
0.521995513
0.522014002
0.522056085
0.521959784
0.521979003
0.522097493
0.521952650
0.522060670
0.522364055
0.521942338
0.522160879
0.522032963
0.522154682
0.522083016
0.522284734
0.521946819
0.521981298
0.522165777
0.522056038
0.521921769
0.522107341
0.522060310
0.522115622
0.522054581
0.522515777
0.522032239
0.522053019
0.522060468
0.522164062
0.522011875
0.522153750
0.521823699
0.521791669
0.521957866
0.522243073
0.522049376
0.522030575
0.522031148
0.521968961
0.521939587
0.522744479
0.522042451
0.522153024
0.521994796
0.522107972
0.522069484
0.522014016
0.522013495
0.522031255
0.521818496
0.522182765
0.521907195
0.521939382
0.522181881
0.521917716
0.522115215
0.522035424
0.522586933
0.522356205
0.521953602
0.522273237
0.522059957
0.522037249
0.522146520
0.522100270
0.521981313
0.522225738
0.521864543
0.522054751
0.522048761
0.521996835
0.522022147
0.521902722
0.522552719
0.522090481
0.521891941
0.522142825
0.521763400
0.521906473
0.522041056
0.522172462
0.522059754
0.522023609
0.521897256
0.522067567
0.522074912
0.522093558
0.521921528
0.521950382
0.522197985
0.522516005
0.522213663
0.522101580
0.521978769
0.522057623
0.521932311
0.522189497
0.522023874
0.522029395
0.522091009
0.521930906
0.521975593
0.522060333
0.521977782
0.522051167
0.521933459
0.522452728
0.522060230
0.522173407
0.522090751
0.522109606
0.521952575
0.522206794
0.521946899
0.522244867
0.522119242
0.522055962
0.521883775
0.522124712
0.522112942
0.522087004
0.522042629
0.522116276
0.522428618
0.522086901
0.522321223
0.521973465
0.521920289
0.522113517
0.522010705
0.521973623
0.522016695
0.522044404
0.521966175
0.522090810
0.521973103
0.522014041
0.522089665
0.522018520
0.522467425
0.522139822
0.522328102
0.522214666
0.522034667
0.522013626
0.521929095
0.521889043
0.522141334
0.522011596
0.522120189
0.522123314
0.521909565
0.522121857
0.522024149
0.522304929
0.521985243
0.522476075
0.522423835
0.522204983
0.522052588
0.522284046
0.521833110
0.522003057
0.522180453
0.521954100
0.522133474
0.521979100
0.522113631
0.522042850
0.521964101
0.522290402
0.521991497
0.522427225
0.522066602
0.521892853
0.522110560
0.522227852
0.521935405
0.522031812
0.522103270
0.522181082
0.521975927
0.521994000
0.522007750
0.521860303
0.522119261
0.522121917
0.521941814
0.522133012
0.521980877
0.521934523
0.522014679
0.521988794
0.522213897
0.521866660
0.521965670
0.522258377
0.521993014
0.522324107
0.522093795
0.521944213
0.521965775
0.522053953
0.522029526
0.522023797
0.522532597
0.522151297
0.521836662
0.522170672
0.522045985
0.521915101
0.522030830
0.522021872
0.522016039
0.522015414
0.522051768
0.522088748
0.522177862
0.521889843
0.522027602
0.521923332
0.522091300
0.522053176
0.521966614
0.522125259
0.522059062
0.522064687
0.521854792
0.522031250
0.521961668
0.521955157
0.522096512
0.522045470
0.522094533
0.522231251
0.522002033
0.522212918
0.522068960
0.522554896
0.521932087
0.521945420
0.522194170
0.522037555
0.521901827
0.521992453
0.521796672
0.521910630
0.522036202
0.522155473
0.522314952
0.521943599
0.522152453
0.522206203
0.522147558
0.522516827
0.522107871
0.522161881
0.522050788
0.522482557
0.522068237
0.522324486
0.522473288
0.522159070
0.521850634
0.522258914
0.522022873
0.521979123
0.522436986
0.521920375
0.522224436
0.521972458
0.522397978
0.522102302
0.521824334
0.522372144
0.521916314
0.521910064
0.522208656
0.522105949
0.521906522
0.522181417
0.522131157
0.522023085
0.521988762
0.522001680
0.521934076
0.521956472
0.522719125
0.522041004
0.521988087
0.522162722
0.521930275
0.522082879
0.522110900
0.521979755
0.521935120
0.522038296
0.521991109
0.522109234
0.521917204
0.522154912
0.521919548
0.522013975
0.522155120
0.522509755
0.522069132
0.522039184
0.521986112
0.522015279
0.522089810
0.522109081
0.522020279
0.522073248
0.522103196
0.522087311
0.522071946
0.522174030
0.522017312
0.522038978
0.521978094
0.522646737
0.522055386
0.522102521
0.521998719
0.522058251
0.521983824
0.522056792
0.522009293
0.522040439
0.521963199
0.521987002
0.521948721
0.522202627
0.522140075
0.521871066
0.522053878
0.522209138
0.522480803
0.522129451
0.522044139
0.521948671
0.521898723
0.522064920
0.522121535
0.522064817
0.522019557
0.522158306
0.521877735
0.522154974
0.521927579
0.522185703
0.521975495
0.521953986
0.522567316
0.521956642
0.521936278
0.522176486
0.521880237
0.522336016
0.522032007
