0.442378203
0.442339088
0.442236796
0.442525805
0.962272201
0.970995604
0.923330474
0.442445128
0.442663825
0.442401066
0.442668929
0.442990282
0.962463916
0.970486020
0.805138789
0.442154451
0.442569554
0.442288773
0.962305946
0.962313445
0.929884663
0.442186012
0.442437730
0.442125075
0.442579864
0.442130439
0.442347157
0.442066742
0.920576363
0.970353568
0.949000993
0.442202990
0.442609447
0.442105855
0.442733196
0.442267625
0.962494325
0.962712709
0.900486958
0.442356947
0.442549498
0.442338144
0.442818611
0.442374290
0.443166110
0.962105000
0.970398771
0.918954176
0.962708695
0.962533175
0.941513932
0.442311060
0.442329237
0.442445851
0.442618870
0.442413976
0.581567814
0.962139527
0.970443922
0.727659387
0.442639442
0.442299860
0.962393067
0.962560513
0.908993271
0.962244368
0.963312489
0.868959935
0.442313974
0.442548608
0.962032596
0.962279418
0.926077421
0.442610378
0.442309337
0.442410899
0.962380770
0.962392489
0.886702727
0.442432773
0.442229545
0.962417122
0.962295299
0.935033894
0.442314075
0.442433814
0.944484533
0.962255038
0.962414880
0.442690844
0.442553918
0.442238345
0.442556000
0.962430400
0.962086025
0.949802896
0.442411677
0.442214125
0.962186285
0.962029149
0.883572577
0.442304333
0.442892039
0.442210427
0.442328968
0.442088917
0.443205267
0.442298707
0.962341959
0.970625207
0.957840673
0.442380217
0.962133103
0.962749351
0.903653068
0.442653288
0.442254019
0.962627839
0.962284507
0.913587768
0.442494121
0.442394591
0.442294799
0.962387578
0.962324400
0.925246419
0.442467142
0.963238198
0.962506586
0.851216912
0.442386048
0.442249798
0.962470283
0.962431533
0.898850998
0.962119866
0.962492208
0.862408429
0.442327244
0.442377400
0.442401671
0.442488129
0.442226255
0.442359327
0.962415071
0.962143405
0.905287532
0.442439014
0.442484118
0.442256879
0.442616826
0.926789635
0.962222257
0.950506469
0.962286527
0.962179809
0.958778468
0.442470575
0.962162620
0.962340328
0.931227948
0.963167251
0.962208452
0.887684210
0.962013191
0.962022983
0.902210246
0.962192460
0.962195794
0.918891326
0.442418125
0.442257969
0.442289948
0.442197344
0.556876899
0.961916574
0.970664717
0.745046635
0.442271718
0.442305468
0.442637862
0.442726716
0.443160047
0.442330729
0.962318133
0.971522263
0.875835917
0.442504060
0.962777870
0.962548078
0.961934643
0.442520205
0.962270683
0.962230683
0.933157254
0.442493433
0.442354528
0.442786714
0.442413278
0.962304900
0.962685418
0.898712386
0.442350934
0.442403381
0.442494995
0.442356402
0.442398589
0.443092753
0.442446610
0.936768070
0.963124529
0.930226636
0.442486088
0.442649577
0.958887148
0.961976147
0.962442551
0.946465842
0.962438644
0.962265936
0.442350046
0.442497754
0.442650826
0.442441139
0.962331248
0.970629444
0.949762286
0.442434368
0.442390775
0.962379475
0.962866972
0.897012177
0.442472857
0.945408029
0.962288901
0.924060195
0.442320721
0.962317911
0.962413951
0.899248885
0.442412648
0.935440879
0.961960149
0.962377335
0.442736864
0.442494313
0.442136502
0.442228064
0.442111867
0.962742281
0.962236032
0.915254861
0.442130512
0.442603323
0.442248115
0.962138897
0.962193063
0.878240213
0.442285407
0.442479729
0.962429883
0.962173217
0.920313589
0.962301549
0.962360247
0.931612086
0.442386498
0.442284624
0.442518894
0.442782434
0.792818461
0.962229361
0.962157069
0.498276644
0.442596237
0.442362175
0.442513112
0.962818211
0.962204672
0.884288362
0.442251967
0.949924979
0.962188473
0.923221541
0.962058160
0.962540242
0.939341842
0.442312903
0.442497746
0.941650270
0.962945759
0.962271178
0.442237017
0.442263007
0.962328730
0.962158000
0.915294121
0.442255923
0.442348839
0.442395037
0.442418214
0.945320045
0.962445551
0.962251384
0.442770139
0.442447328
0.442146756
0.443185866
0.442216444
0.962621433
0.970678798
0.895372166
0.442119985
0.939951574
0.962477475
0.962283725
0.442765919
0.442276807
0.442220556
0.442491024
0.962064350
0.970253536
0.936341169
0.442224462
0.442412014
0.442225192
0.442649981
0.442286598
0.443282218
0.442322534
0.442307222
0.442428783
0.442782793
0.442401024
0.949646115
0.962326794
0.962412575
0.442322377
0.442747480
0.442537949
0.937842723
0.962046637
0.962253876
0.442156701
0.958553526
0.962244969
0.913549588
0.962174344
0.962316166
0.927831874
0.442292429
0.442391751
0.442335709
0.442600969
0.962144447
0.962401113
0.856744132
0.941144581
0.962217674
0.962349028
0.442387114
0.442284980
0.442378781
0.442294875
0.442270448
0.443205549
0.442407843
0.442550811
0.442155396
0.963133920
0.962444703
0.838823106
0.442298728
0.916964725
0.962246786
0.962147307
0.442291749
0.442448207
0.442570706
0.442303572
0.442400446
0.962534076
0.962925272
0.893899242
0.442357373
0.442381071
0.442356800
0.962194075
0.962070482
0.905299455
0.535337006
0.962321105
0.962199752
0.716273220
0.442461955
0.962181313
0.962153136
0.930024200
0.962765165
0.961994126
0.942412953
0.442287945
0.962409071
0.963087922
0.867387571
0.442431745
0.442266381
0.442635494
0.442334663
0.442334089
0.962375268
0.962441101
0.928550089
0.442347735
0.442247683
0.442487735
0.442467891
0.442443515
0.442796795
0.443181273
0.442412734
0.442263412
0.442517786
0.442323255
0.935249488
0.970632993
0.962152975
0.442573149
0.442194974
0.442538150
0.944312159
0.962294275
0.928002015
0.962333233
0.962581201
0.939537958
0.442411743
0.962287972
0.962401930
0.913394779
0.962498700
0.963135104
0.876054406
0.442562524
0.442295285
0.442367107
0.442170129
0.442274503
0.758976481
0.962259376
0.970658510
0.543600613
0.442326690
0.944734133
0.963386455
0.925903842
0.442251638
0.442327366
0.961602033
0.962721561
0.962146094
0.442406793
0.962315103
0.962415467
0.935031461
0.442452209
0.442442262
0.442260492
0.442588146
0.775923495
0.962030832
0.970763922
0.518598470
0.962460256
0.962621974
0.893264540
0.442147939
0.442400699
0.442676947
0.442588718
0.930392101
0.962103590
0.962364578
0.442369812
0.962079892
0.962336349
0.956497830
0.442223876
0.442302312
0.442188146
0.442386478
0.442895852
0.929570696
0.961998380
0.962764679
0.442106323
0.442489602
0.442214239
0.442595383
0.442240124
0.442375332
0.962768793
0.961965827
0.893192245
0.962475772
0.962452230
0.916538298
0.442379967
0.442534341
0.442304811
0.641843395
0.962169314
0.970661728
0.662383418
0.442551633
0.442453039
0.442779080
0.442308247
0.443191786
0.442207571
0.442334550
0.442273612
0.442421528
0.442332414
0.442353925
0.519767160
0.962242228
0.962275041
0.779771493
0.442471163
0.442355851
0.963182276
0.962788944
0.876747983
0.442578870
0.442359497
0.442064654
0.442392622
0.628196676
0.961904676
0.970656881
0.672580666
0.442433610
0.932106044
0.962875401
0.934079004
0.442346371
0.442345224
0.948489936
0.962392798
0.962154725
0.442595692
0.442557984
0.442168871
0.442394234
0.962109673
0.963565708
0.892487136
0.442259912
0.442600171
0.442333036
0.442463505
0.442387828
0.962169307
0.962320348
0.949767168
0.442396733
0.962195609
0.963402531
0.874584289
0.442215900
0.442387151
0.442248036
0.442603503
0.442241526
0.526040307
0.962345399
0.970569167
0.779673414
0.442229338
0.442353295
0.442420691
0.442488139
0.443220063
0.442222671
0.442392357
0.442310119
0.442449545
0.442301421
0.955060008
0.970869061
0.962413417
0.442425117
0.962482947
0.962236021
0.882918836
0.442448607
0.442228295
0.962806175
0.962018052
0.931466924
0.962105916
0.962374665
0.943989218
0.442369909
0.442392981
0.928772142
0.963523462
0.940270689
0.442553917
0.442372304
0.442395533
0.442844125
0.442361679
0.442310221
0.442470637
0.442448658
0.442358032
0.502510450
0.970949577
0.962440131
0.744103551
0.442020378
0.442433032
0.442312355
0.442453657
0.442287512
0.936415651
0.962546900
0.962320860
0.442352043
0.442235585
0.442326418
0.442474594
0.442258501
0.442659385
0.443595683
0.442640687
0.442205584
0.970557857
0.961817683
0.893143478
0.442189699
0.442397824
0.758934584
0.962125025
0.962247317
0.539729780
0.963238667
0.962022317
0.856405654
0.442179907
0.442394177
0.962492367
0.962415700
0.919744151
0.442148448
0.442643290
0.442333500
0.442373708
0.442262562
0.734074421
0.961930545
0.970597750
0.515067532
0.926597248
0.962289710
0.962384605
0.442400946
0.442385530
0.442256780
0.442475478
0.951499856
0.963155539
0.917998531
0.442302457
0.442475581
0.442211937
0.442628445
0.962372990
0.962328146
0.901464846
0.442562560
0.442260374
0.962388353
0.963084600
0.887527505
0.962337728
0.962553196
0.904893008
0.442443445
0.442691256
0.962660538
0.962780642
0.954255259
0.962681215
0.962361580
0.905457537
0.442330529
0.442420944
0.442402455
0.442172300
0.442462299
0.443080838
0.962558662
0.970391495
0.903688063
0.442324798
0.442451777
0.963314908
0.962850275
0.894349871
0.442504016
0.442430840
0.963029909
0.962176162
0.942274940
0.442404434
0.442358288
0.442480683
0.442484693
0.963057148
0.962298297
0.863705409
0.442343860
0.442347506
0.442275319
0.442374537
0.442947139
0.962008506
0.970652273
0.933763097
0.442457349
0.442404381
0.442413026
0.963319385
0.962134390
0.900836040
0.442487765
0.442371724
0.442603234
0.962034598
0.962335065
0.930050766
0.962754751
0.962896521
0.893496797
0.442452609
0.442265787
0.442573441
0.962115742
0.962445741
0.901489838
0.442436567
0.442432713
0.442434327
0.442242297
0.443156720
0.442357087
0.442489066
0.442829221
0.442623024
0.442292713
0.442962918
0.442229953
0.442283807
0.442409744
0.970821799
0.962092355
0.951066669
0.962210323
0.963005528
0.958660754
0.443007762
0.962383134
0.962731518
0.934243038
0.962348707
0.962131989
0.946346583
0.962386310
0.962061781
0.899007866
0.442452451
0.442384690
0.442538231
0.962614799
0.962133863
0.921921159
0.442297763
0.442451044
0.442377451
0.442332659
0.442367086
0.954878215
0.962226257
0.915297278
0.442451408
0.442697345
0.442453960
0.442367762
0.442443335
0.945773042
0.962223184
0.962733860
0.442135628
0.442586720
0.962155996
0.962625473
0.855411163
0.442363179
0.442375731
0.962255736
0.962269746
0.902522796
0.442541043
0.442372814
0.962243808
0.962333547
0.948592820
0.963158439
0.962146307
0.903325814
0.962256827
0.962246828
0.922022613
0.442306511
0.962565785
0.962130004
0.900514522
0.442922915
0.442239949
0.962407972
0.962264066
0.947668135
0.442579843
0.962694949
0.962078702
0.921511312
0.442242396
0.442300833
0.442604635
0.963176249
0.962222555
0.883198548
0.442466249
0.442480156
0.442318698
0.962414637
0.962169117
0.905891634
0.442158907
0.442462135
0.625625204
0.963194842
0.962205939
0.627742122
0.442222448
0.442403645
0.442418489
0.442272552
0.962503959
0.962176043
0.946916520
0.442113333
0.442333853
0.940003475
0.963092028
0.931273197
0.962618228
0.962240990
0.944036636
0.442608383
0.442289843
0.442314218
0.442331821
0.442365208
0.442438540
0.443023798
0.442339582
0.442773643
0.442529894
0.442374270
0.442483748
0.498790241
0.970815382
0.962028749
0.802941991
0.442484061
0.442559268
0.442427967
0.442545987
0.442372082
0.442362186
0.443102964
0.942689243
0.970591215
0.920251729
0.442421665
0.962482758
0.962334476
0.897865048
0.442626299
0.442314789
0.442611247
0.442175520
0.443034213
0.442252082
0.442350936
0.442633694
0.970910900
0.962501819
0.938413790
0.962519110
0.962260778
0.951318322
0.962466714
0.962404579
0.905091059
0.442473747
0.442294164
0.442468070
0.442337341
0.443184629
0.442273748
0.442644475
0.954911431
0.962252340
0.962409891
0.442474892
0.442418382
0.442684735
0.942658460
0.963220408
0.923111975
0.962614056
0.962251037
0.937473792
0.442280361
0.442531037
0.949313484
0.962451661
0.962259317
0.442427809
0.442632444
0.442160362
0.442430100
0.442935046
0.442513954
0.962264004
0.970721731
0.887909042
0.442335205
0.442574996
0.442457444
0.442757598
0.442310413
0.442523224
0.442353433
0.443160774
0.962367233
0.971013187
0.937250615
0.442354788
0.962167233
0.962845563
0.920974534
0.442426766
0.963016343
0.962497804
0.839132049
0.442468745
0.962645720
0.962096555
0.929174708
0.442095726
0.442496297
0.442163121
0.442592755
0.962625928
0.962172700
0.903299708
0.442303745
0.442494942
0.442426036
0.442470463
0.442437547
0.962321814
0.962095408
0.948229943
0.442398172
0.442298224
0.929988297
0.962432542
0.934165728
0.962149783
0.962158688
0.951051546
0.442333849
0.442394213
