0.479172311
0.479245644
0.479245539
0.478998040
0.479295226
0.479028196
0.479640484
0.479187257
0.479401214
0.479178401
0.479348974
0.479162202
0.479140380
0.479355639
0.479335951
0.479140014
0.479339023
0.479082357
0.479254543
0.479530376
0.479489490
0.479067928
0.479141886
0.479228656
0.479137510
0.479211885
0.479054281
0.479149228
0.479023082
0.479259643
0.479324382
0.479080946
0.479272559
0.479049434
0.479298444
0.479059277
0.479364172
0.479680473
0.479255994
0.479357712
0.479061046
0.479244327
0.479107711
0.479180159
0.479332866
0.479135679
0.479336928
0.479008752
0.479405990
0.479010678
0.479310729
0.479110990
0.479190521
0.479236926
0.479699736
0.479366508
0.479172342
0.479354737
0.479344424
0.479114632
0.479411349
0.479075465
0.479412859
0.479016193
0.479528327
0.479291244
0.479335410
0.479245984
0.479085931
0.479342805
0.479187233
0.479432856
0.479701084
0.479385929
0.479108637
0.479138220
0.479384365
0.478933949
0.479409312
0.479036084
0.479189468
0.479160457
0.479214311
0.479195873
0.479311758
0.479240508
0.479171758
0.479112799
0.479284777
0.479946025
0.479329151
0.479030142
0.479264776
0.478982642
0.479315088
0.479159098
0.479318108
0.479208889
0.479272326
0.479164253
0.479219878
0.479032690
0.479319824
0.479240710
0.479387688
0.479009355
0.479356541
0.479630186
0.479230603
0.479259302
0.479320499
0.479297269
0.479052425
0.479265341
0.479138884
0.479312007
0.479314715
0.479277788
0.479183674
0.479013361
0.479321954
0.479205599
0.479285859
0.478916329
0.479345702
0.479270493
0.479160858
0.479537002
0.479102785
0.479242263
0.479058565
0.479182158
0.479329814
0.478961429
0.479302939
0.479156376
0.479229344
0.478944553
0.479335906
0.479208354
0.479181114
0.479248717
0.479758715
0.479213457
0.479131426
0.479261529
0.479365539
0.479135174
0.479280642
0.478990851
0.479385953
0.478971319
0.479381525
0.479163401
0.479243504
0.479263817
0.479205587
0.479447409
0.479090171
0.479126316
0.479858501
0.479265481
0.479101835
0.479018971
0.479383501
0.478966679
0.479385687
0.479265687
0.479114906
0.479359436
0.479066312
0.479379696
0.479071468
0.479277822
0.479176623
0.479312820
0.479216727
0.479547298
0.479258236
0.479062716
0.479257715
0.478903028
0.479279120
0.479167766
0.479106047
0.479269328
0.479099640
0.479336462
0.479072504
0.479141931
0.479304065
0.479013910
0.479389741
0.478923232
0.479235627
0.479539532
0.479198543
0.479098439
0.479353333
0.479218126
0.479174115
0.479249947
0.479169739
0.479108124
0.479147030
0.479306300
0.479322550
0.478921822
0.479400986
0.479113279
0.476459017
0.479277080
0.479256663
0.479249579
0.479068278
0.479226193
0.479225672
0.479157130
0.479354577
0.479284472
0.479162807
0.479134056
0.479344836
0.479031868
0.479218482
0.479054836
0.479276606
0.479345199
0.479068481
0.479226501
0.479820822
0.479228063
0.479176032
0.479176917
0.479150771
0.479004365
0.479432071
0.478977645
0.479296082
0.479145352
0.479173008
0.479265091
0.479114206
0.479211392
0.479201706
0.479328214
0.479190194
0.479197433
0.479685348
0.479148163
0.479188578
0.479057225
0.479299515
0.479088057
0.479310608
0.479243681
0.479136597
0.479292482
0.479267951
0.479186388
0.479070086
0.479432949
0.479234877
0.479383313
0.479167533
0.479661176
0.479402375
0.478987011
0.479426749
0.479396072
0.479212530
0.479165083
0.479209145
0.479485498
0.479029405
0.479294561
0.479168258
0.479189039
0.479291070
0.478956799
0.479277893
0.479206434
0.479268777
0.479685702
0.479231224
0.479186537
0.479325390
0.479226640
0.479115286
0.479300702
0.479316327
0.479055181
0.479208878
0.479438669
0.479217263
0.478975805
0.479298512
0.479126482
0.479186585
0.479227939
0.479429292
0.479369292
0.479146949
0.479387468
0.479197000
0.479164291
0.479221010
0.479395071
0.479348509
0.478927885
0.479347467
0.479281581
0.479259497
0.479220643
0.479402517
0.479112102
0.479133404
0.479436631
0.479761942
0.479288506
0.479153297
0.479229027
0.479164235
0.478991214
0.479325640
0.479212619
0.479339910
0.479025172
0.479312618
0.479416472
0.479187618
0.479132149
0.479131680
0.479133971
0.479074752
0.479328033
0.479674958
0.479045169
0.479429594
0.478910272
0.479246573
0.478927876
0.479356520
0.479151625
0.479291988
0.479330999
0.479135531
0.479333238
0.479093655
0.479237925
0.479317092
0.479035998
0.479398080
0.479545006
0.479247247
0.479031779
0.479344172
0.479128548
0.479391099
0.479616618
0.479037818
0.479265370
0.479198338
0.479400108
0.479136828
0.479264171
0.479433336
0.478995786
0.479316617
0.479004848
0.479489533
0.479787292
0.479328595
0.479354169
0.479279532
0.479165105
0.479219897
0.479335261
0.479075053
0.479094011
0.479302448
0.479118542
0.479268489
0.479172344
0.479277291
0.479072395
0.479361665
0.479316352
0.479722705
0.479136769
0.479140570
0.479269997
0.479094373
0.479184268
0.479297809
0.479000935
0.479247496
0.479112653
0.479391818
0.478990257
0.479297651
0.479314786
0.479290150
0.479482754
0.479137546
0.479264004
0.479727387
0.479218014
0.479328378
0.479188743
0.479319784
0.479353741
0.479375616
0.479137960
0.479079367
0.479178533
0.479274418
0.479201502
0.479178376
0.479262125
0.479182698
0.479436812
0.479244468
0.479193896
0.479170614
0.479238842
0.479390561
0.478947177
0.479371497
0.479225977
0.479259936
0.479222800
0.479146445
0.479266237
0.479043268
0.479503006
0.479042956
0.479147851
0.479220455
0.479382797
0.479338266
0.479739983
0.479379411
0.479040193
0.479320608
0.479207172
0.479345920
0.479234098
0.479097015
0.479382742
0.479032275
0.479293211
0.479197534
0.479324096
0.479348575
0.478963212
0.479385397
0.479023940
0.479200501
0.479658312
0.479128053
0.479292011
0.479142063
0.479365708
0.479125917
0.479103990
0.479201333
0.479098156
0.479314353
0.479168364
0.479390966
0.479076385
0.479361331
0.479226383
0.479203259
0.479261330
0.479636850
0.479449143
0.479126278
0.479313101
0.479237684
0.479268934
0.479308777
0.478965341
0.479454297
0.479107215
0.479371589
0.479231067
0.479166484
0.479090286
0.479305390
0.479351119
0.479045286
0.479352941
0.479608564
0.479079660
0.479121118
0.479064556
0.479407314
0.479103722
0.479383616
0.479141794
0.479299085
0.479169190
0.479212991
0.479248147
0.479246064
0.479253199
0.479634031
0.479174500
0.479198719
0.479067000
0.479347885
0.479062886
0.479310228
0.479180801
0.479241426
0.479256478
0.479262623
0.479306945
0.479110904
0.479385695
0.479207935
0.479248455
0.479219497
0.479346996
0.479252517
0.479023038
0.479474964
0.479714390
0.479423297
0.479112464
0.479236995
0.479168662
0.479097829
0.479471838
0.479199234
0.479276421
0.479033244
0.479312723
0.479106994
0.478974077
0.479330378
0.479192409
0.479178555
0.478974076
0.479301263
0.479727772
0.475480911
0.479343658
0.479224648
0.479176367
0.479081210
0.479258344
0.479192668
0.479062199
0.479394177
0.479018813
0.479307771
0.479045792
0.479420478
0.479101208
0.479286572
0.479148916
0.479623549
0.479217665
0.479061571
0.479505008
0.479206571
0.479154487
0.479313341
0.478910112
0.479516726
0.478907977
0.479425579
0.479048601
0.479197924
0.479364433
0.479191256
0.479154485
0.479260578
0.479455682
0.479638077
0.479081621
0.479349171
0.479065422
0.479314015
0.478967714
0.479380368
0.479145681
0.479195108
0.479235055
0.479118285
0.479245471
0.479058285
0.479286200
0.479047190
0.479182138
0.479477866
0.479687969
0.479249273
0.478983857
0.479450990
0.479010210
0.479290209
0.479196876
0.479222292
0.479173959
0.479266302
0.479314270
0.479268021
0.479141875
0.479434843
0.479080468
0.479339217
0.479122030
0.479298280
0.479634216
0.479237498
0.479194894
0.479259425
0.479168070
0.479300987
0.479330778
0.479257289
0.479221350
0.479446923
0.479086872
0.479323955
0.479140413
0.479390047
0.478930882
0.479369057
0.479232287
0.479147443
0.479125985
0.479228380
0.479304786
0.479102807
0.479180724
0.479239525
0.479108536
0.479178015
0.479206764
0.479350253
0.479058900
0.479464471
0.478977858
0.479185878
0.479177232
0.479285096
0.479379106
0.479529105
0.479299158
0.479196866
0.479187907
0.479317907
0.479144262
0.479305354
0.479076762
0.479462593
0.478985928
0.479208166
0.479125927
0.479286447
0.479362385
0.479029104
0.479511029
0.479052958
0.479178738
0.479766445
0.479179050
0.479460716
0.478956604
0.479507122
0.478952228
0.479473840
0.479121445
0.479328685
0.479206601
0.479100091
0.479466965
0.479070455
0.479446130
0.479173267
0.479125819
0.479235610
0.479502796
0.479345818
0.479059464
0.479649618
0.478983110
0.479131390
0.479182328
0.479229567
0.479286181
0.479171077
0.479230088
0.479202691
0.479302691
0.479254618
0.478970504
0.479373992
0.478938733
0.479378471
0.479926437
0.479298107
0.479046128
0.479256648
0.479326908
0.479143679
0.479338209
0.479176023
0.479199564
0.479189876
0.478989460
0.479424198
0.479128157
0.479382218
0.479333365
0.479249823
0.479119719
0.479154771
0.479296385
0.479170655
0.479443675
0.479245863
0.479202269
0.479150707
0.479173884
0.479367372
0.479125134
0.479287477
0.479142060
0.479182580
0.479176643
0.479322632
0.479256383
0.479223830
0.479247215
0.479611693
0.479403256
0.479158674
0.479341485
0.479354193
0.478985757
0.479369714
0.479134922
0.479210339
0.479102318
0.479444452
0.479213307
0.479200650
0.479395962
0.479151535
0.479253358
0.479187785
0.475783006
0.479367160
0.478986848
0.479519867
0.479135545
0.479315336
0.479074608
0.479587418
0.479197471
0.479104138
0.479550595
0.479331116
0.479355804
0.479065284
0.479407053
0.479227938
0.479258355
0.479275282
0.479662103
0.479318250
0.478955283
0.479303615
0.479224292
0.479192833
0.479231687
0.479192833
0.479147417
0.479163250
0.479240281
0.479306998
0.479170072
0.479370123
0.479254551
0.479288613
0.479103978
0.479407310
0.479693142
0.479157779
0.479396528
0.479192206
0.479092206
0.479277986
0.479406215
0.479168351
0.479082830
0.479286736
0.479085798
0.479274496
0.478983611
0.479442985
0.478966840
0.479227933
0.479247985
0.479856212
0.479225484
0.479194234
0.479319651
0.479008870
0.479158869
0.479387254
0.479022724
0.479409337
0.479020432
0.479326994
0.479235483
0.479261055
0.479254285
0.479395847
0.479221993
0.479152930
0.479333554
0.479574179
0.479144493
0.479288814
0.479160222
0.479433554
0.479204231
0.479414751
0.479009284
0.479360480
0.479441782
0.479131418
0.479175741
0.479307459
0.479238917
0.479101522
0.479318500
0.479223344
0.479221052
0.479163031
0.479292822
0.479364645
0.479011626
0.479381728
0.479169749
0.479417821
0.479196520
0.479219853
0.479232196
0.479224852
0.479124332
0.479262977
0.479218238
0.479190529
0.479336049
0.479310736
0.479645891
0.479300059
0.479055060
0.479170737
0.479216049
0.479545423
0.479288184
0.479140945
0.479302194
0.479061258
0.479205423
0.479379745
0.479245735
0.479271412
0.479205266
0.479357141
0.479288756
0.479323755
0.479754013
0.479528389
0.479183130
0.479148963
0.479298337
0.479220577
0.479350472
0.479326149
0.479361149
0.479175472
0.479151827
0.479373493
0.479213076
0.479422867
0.479017347
0.479173596
0.479500835
0.479693907
0.479439376
0.479204690
0.479236512
0.479123909
0.479177502
0.479233856
0.478989169
0.479375105
0.479057919
0.479485886
0.479015888
0.479414427
0.479199063
0.479142188
0.479389427
0.479070730
0.479484374
0.479607967
0.479275312
0.479115886
0.479256197
0.479339166
0.479073802
0.479308697
0.479071926
0.479178072
0.479295883
0.479091822
0.479523591
0.479169634
0.479289842
0.479467705
0.479321352
0.479405465
0.479272185
0.479450517
0.479041612
0.479308018
0.479158852
0.479349840
0.479311715
0.479177758
0.479370257
0.479099320
0.479369996
0.479316350
0.479197027
0.479194944
0.479161038
0.479233433
0.479099059
0.479448484
0.479692910
0.479348693
0.479093433
0.479136922
0.479523483
0.479038381
0.479394213
0.479204734
0.479122391
0.479066245
0.479186348
0.479250775
0.479290410
0.479383275
0.479425045
0.479309159
0.478970775
0.479685095
0.479697491
0.479108066
0.479452284
0.479488898
0.479251555
0.479104263
0.479267076
0.479224263
0.479152701
0.479354783
0.479262543
0.479203481
0.478948691
0.479661552
0.479207127
0.479347595
0.479259678
0.479654155
0.479295251
0.479150199
0.479497177
0.479105980
0.479249208
0.479219052
0.479426239
0.479309676
0.478951709
0.479339572
0.479118948
0.479285458
0.479295770
