0.961986621
0.961768914
0.930455031
0.961692508
0.961857455
0.960797459
0.441614929
0.961491988
0.961724487
0.902578269
0.441609669
0.961491779
0.961502248
0.955710397
0.441774928
0.961215062
0.961502977
0.954420766
0.954276079
0.961622977
0.925011250
0.441625605
0.441672949
0.441665865
0.961566363
0.961759174
0.961608342
0.441659043
0.961440321
0.961444383
0.906188513
0.961543081
0.961732663
0.940176553
0.961629122
0.961632038
0.961649590
0.441652792
0.441773366
0.441701803
0.961521726
0.961427560
0.904210032
0.961453289
0.961626414
0.934977199
0.961354800
0.961546987
0.959031684
0.441557324
0.441949406
0.961772975
0.961499278
0.867298931
0.921489493
0.961885475
0.961528237
0.441537063
0.927182646
0.961593861
0.961668757
0.441656542
0.441731646
0.958429395
0.961431778
0.961553705
0.441507272
0.961273029
0.961520476
0.961449018
0.441576699
0.961519434
0.961552454
0.912714476
0.441624147
0.961478653
0.961672870
0.903700971
0.441789302
0.961677715
0.961656465
0.955984144
0.949115369
0.962172140
0.933758922
0.441872740
0.962124691
0.961826255
0.932557729
0.441901958
0.441658157
0.961778807
0.961839172
0.958726008
0.441606543
0.961632245
0.961913078
0.948582299
0.441911540
0.961652662
0.961873286
0.941409047
0.962415367
0.961741984
0.915314256
0.441784250
0.961891723
0.961637089
0.920547724
0.961666255
0.962173285
0.950716039
0.441793729
0.961698756
0.961917139
0.892477630
0.961905317
0.961861411
0.924644218
0.961816620
0.961834640
0.954270868
0.842624603
0.961535578
0.961613651
0.441733312
0.441861749
0.947746416
0.961842764
0.961604068
0.441537011
0.955523727
0.961619484
0.961656672
0.929651854
0.961593078
0.940470091
0.441615500
0.962006462
0.961657036
0.937262500
0.441616386
0.962101096
0.961758234
0.937147448
0.441902478
0.441770343
0.441879249
0.441932009
0.961790056
0.962043336
0.961769171
0.441587896
0.441783312
0.961892035
0.961603546
0.937777966
0.961861826
0.961957035
0.905587732
0.442188206
0.441596958
0.944219867
0.961930316
0.961996774
0.441858050
0.949618907
0.962089690
0.926801135
0.962006201
0.961840368
0.954160555
0.954172378
0.961516983
0.962087138
0.441613312
0.958449235
0.962009690
0.922506152
0.961816150
0.961924691
0.948611254
0.959889438
0.961547608
0.961831670
0.937925569
0.961730941
0.939128480
0.962102242
0.961810160
0.961675993
0.944308980
0.961525473
0.961990940
0.441577687
0.441762478
0.441752478
0.961812399
0.961953752
0.868814390
0.441768311
0.441629770
0.441675239
0.441684614
0.942697737
0.961562035
0.961817295
0.441576385
0.947829799
0.961635212
0.928337639
0.441632426
0.961797763
0.961622920
0.923754168
0.441750655
0.961826773
0.961714117
0.920803085
0.441771280
0.961621305
0.961793961
0.872140992
0.961656045
0.961874430
0.902294098
0.441728103
0.441796801
0.960792246
0.961920731
0.961825731
0.442058414
0.956774242
0.961914949
0.961660993
0.441877322
0.961680003
0.961764951
0.961366670
0.441658833
0.441765811
0.961870210
0.962172552
0.877113992
0.441819873
0.947011885
0.962000470
0.961782762
0.441852060
0.441804353
0.441561802
0.441719301
0.936730104
0.961494587
0.930546327
0.441753571
0.962062709
0.961999220
0.934139854
0.441594353
0.961693076
0.961774533
0.932235695
0.961714169
0.962381614
0.910414273
0.441715082
0.961551774
0.962224444
0.912428961
0.441688068
0.441774473
0.944473699
0.961635465
0.961919161
0.441646294
0.951199974
0.962009834
0.926571561
0.961792956
0.961824570
0.950772520
0.441766862
0.441830664
0.441587487
0.944986701
0.962063311
0.934578554
0.441598682
0.961860287
0.961872161
0.936274846
0.961808929
0.961636636
0.961427208
0.955580402
0.961795225
0.926961117
0.961617462
0.961911470
0.954651232
0.441824090
0.441746538
0.441789297
0.441660391
0.962225630
0.961539432
0.959988914
0.441684920
0.961930990
0.961582604
0.956808920
0.952126903
0.961613850
0.961930722
0.441769238
0.441724655
0.441692467
0.441929966
0.934164142
0.961735717
0.934854449
0.961921599
0.961515869
0.959958633
0.441838191
0.441721785
0.961841750
0.962057059
0.931465232
0.962117994
0.961501432
0.906439737
0.441652406
0.441763915
0.441782613
0.961959291
0.961879810
0.960519240
0.946921366
0.961728557
0.929010173
0.441662192
0.961770740
0.961738499
0.928838241
0.441793335
0.441732710
0.441997345
0.441794949
0.441780626
0.441842865
0.442278489
0.962067137
0.970342212
0.913449274
0.961739894
0.962006870
0.948388477
0.961714838
0.961647596
0.961923689
0.938035121
0.961893737
0.937989701
0.441576660
0.961871547
0.961510401
0.934563614
0.441665720
0.961858157
0.961557531
0.935794335
0.961719351
0.961575184
0.906811198
0.441811914
0.441755976
0.955071034
0.961632209
0.961891426
0.441497068
0.441994306
0.441804098
0.961570434
0.961722881
0.859358273
0.441499201
0.961341212
0.961777042
0.962109696
0.441801906
0.441868520
0.961720893
0.961945631
0.928276732
0.961985940
0.961604014
0.901535515
0.441522320
0.961819739
0.961921872
0.912580474
0.441578515
0.441783515
0.441667994
0.441889659
0.961555723
0.961846710
0.874607420
0.441674606
0.441937939
0.961902175
0.961608529
0.945120615
0.441826010
0.961831910
0.961706025
0.948603047
0.441542883
0.961793208
0.961698728
0.884132531
0.961364665
0.961849401
0.916368095
0.441593922
0.441813816
0.944103989
0.961831584
0.926910399
0.441943189
0.961442051
0.961665955
0.934785472
0.961615432
0.961808920
0.961804387
0.441811207
0.441667821
0.962004697
0.961729176
0.874031973
0.441931829
0.441822402
0.441714485
0.961752088
0.961854223
0.923767528
0.961853074
0.961917136
0.960147973
0.949178166
0.961619008
0.927063760
0.441485470
0.961697859
0.962273637
0.922979968
0.441669166
0.441638020
0.923327830
0.962255716
0.953203871
0.441677341
0.441852288
0.441988486
0.441844840
0.961775921
0.962328523
0.961893575
0.441736505
0.961821491
0.961658260
0.938940421
0.962128153
0.961706434
0.953160525
0.956153638
0.961664816
0.961904971
0.441822073
0.960253413
0.962061374
0.916650175
0.962097309
0.961772986
0.943723203
0.958869348
0.961841264
0.962034752
0.938872748
0.962408082
0.954288942
0.961922196
0.961967768
0.944762774
0.962413493
0.962366564
0.961826461
0.441819616
0.441761126
0.961755262
0.961800937
0.880381948
0.441879353
0.441748728
0.441649145
0.441879509
0.441684562
0.962093119
0.961918328
0.962029107
0.944665156
0.961735200
0.961946084
0.441748256
0.441745600
0.441636329
0.441881172
0.919806279
0.961773841
0.961635663
0.441863045
0.441738565
0.960870038
0.961818263
0.961657169
0.934283566
0.961715709
0.942853586
0.961823415
0.961525863
0.962128724
0.441573354
0.441792572
0.961645807
0.961883982
0.881032493
0.441542311
0.441815434
0.961836219
0.961925645
0.961612000
0.441785589
0.441918974
0.441760745
0.441640745
0.441855797
0.442332097
0.961675120
0.969837695
0.861990780
0.441812983
0.956840915
0.962167458
0.961775584
0.441779439
0.961715009
0.961887404
0.961553758
0.441711885
0.962079536
0.961513391
0.898986371
0.441581312
0.442098498
0.960309122
0.961899323
0.961712605
0.935094104
0.961814894
0.961774528
0.441800058
0.441670996
0.441923390
0.441663339
0.961440985
0.961747546
0.905830398
0.441604588
0.917352440
0.961868219
0.961505459
0.441944168
0.961848426
0.962062486
0.908906684
0.442023489
0.441784220
0.441805625
0.438684699
0.961680140
0.961874566
0.920289244
0.962017584
0.961487898
0.895075944
0.441607602
0.441741195
0.960853470
0.961942059
0.962101485
0.441547862
0.441729579
0.441881506
0.441750985
0.942502334
0.961866118
0.935761626
0.961764867
0.961874449
0.960919398
0.948130694
0.961422572
0.962290694
0.441616242
0.441802856
0.441768273
0.441923168
0.961525121
0.961570381
0.851834936
0.937943953
0.961770273
0.961705950
0.441950249
0.441791603
0.961896572
0.961761207
0.957380180
0.441756446
0.441908633
0.441735508
0.441703163
0.959395743
0.961759015
0.961466620
0.937693422
0.961638649
0.961698960
0.441891911
0.441744671
0.441968420
0.962091248
0.961966405
0.921632433
0.962104371
0.962065099
0.950908003
0.441775919
0.441750138
0.441830502
0.934660039
0.962015773
0.942507925
0.961965615
0.962025406
0.961969051
0.441812531
0.441788364
0.441876853
0.441703676
0.941206623
0.961599518
0.961742225
0.441815133
0.944554837
0.961856233
0.962007273
0.441835236
0.441734507
0.441760288
0.442163463
0.441762422
0.441645860
0.969747972
0.961784979
0.940820887
0.441606536
0.441806275
0.441999399
0.941194738
0.961753101
0.961662996
0.441828878
0.441875180
0.961862941
0.961933253
0.960666381
0.441723928
0.441947261
0.441765022
0.935614283
0.961499553
0.962072050
0.441538667
0.932832050
0.961587258
0.962114808
0.441829655
0.441826478
0.441907831
0.441587051
0.927758941
0.961892358
0.945186792
0.961380640
0.961876106
0.961674283
0.441578924
0.441807881
0.441755121
0.441825172
0.441824339
0.961729593
0.962170215
0.904091831
0.441611942
0.442165014
0.441586473
0.441763608
0.441607515
0.936499576
0.961551307
0.961907191
0.441798086
0.940011383
0.961638179
0.935866502
0.441759022
0.441637773
0.442004698
0.944547093
0.962060362
0.961658645
0.442064905
0.441722979
0.441716260
0.962261818
0.961634996
0.866078312
0.923004198
0.961669160
0.961570723
0.441849174
0.935306338
0.962016137
0.961762126
0.441731206
0.441790059
0.441568341
0.961910249
0.961511291
0.876172018
0.441508757
0.946564260
0.961693736
0.961720454
0.441792453
0.441630995
0.961918004
0.961904722
0.898768805
0.961551284
0.962039876
0.930948583
0.441728024
0.961306648
0.961931645
0.932148993
0.441681720
0.441811772
0.441533908
0.458555409
0.961653883
0.961958829
0.835928872
0.441655261
0.961770703
0.961955597
0.927075881
0.962039294
0.961675805
0.902073262
0.441775415
0.921653867
0.961760230
0.961696843
0.441992340
0.441743174
0.441750934
0.962529755
0.961869392
0.944387425
0.962240536
0.961755224
0.908800209
0.441550516
0.962158815
0.962032357
0.913155504
0.441646713
0.961638502
0.962025531
0.912772691
0.441918274
0.441639732
0.945933245
0.961589177
0.961791467
0.441658794
0.950381820
0.961813340
0.961872246
0.441757282
0.441600460
0.961992244
0.961948338
0.902276682
0.961606098
0.961950731
0.932384173
0.961844064
0.961822293
0.961525678
0.441704206
0.441690977
0.441775196
0.441829727
0.441805821
0.442289256
0.961883435
0.969939655
0.906178848
0.441597539
0.961680414
0.962220046
0.957946259
0.950298735
0.961724004
0.934794884
0.961381921
0.961824575
0.958927189
0.441708578
0.441756181
0.441546912
0.925554082
0.961761813
0.961699833
0.809775915
0.961660613
0.961452800
0.446588714
0.441777065
0.441575034
0.926962146
0.961646496
0.961444985
0.441661491
0.441823158
0.441666908
0.441812115
0.441789355
0.474337463
0.961455712
0.970417814
0.837612160
0.441570657
0.961727689
0.961921126
0.936612051
0.441669823
0.441919717
0.923367464
0.961844561
0.954612764
0.441706123
0.961653570
0.962035027
0.954388440
0.441760653
0.961784453
0.962034088
0.955918068
0.952843183
0.962059346
0.926760519
0.441563569
0.961928304
0.961825178
0.919017420
0.441640235
0.441654557
0.934867985
0.961998405
0.943276547
0.441671535
0.961854602
0.961823665
0.948706734
0.441689347
0.962101318
0.961565643
0.955355664
0.441745388
0.961593975
0.961843973
0.901750029
0.441659034
0.441740595
0.441697366
0.962116834
0.961822720
0.961357774
0.441743772
0.441894760
0.441828042
0.919637355
0.961932822
0.955395137
0.951826296
0.961980893
0.961751154
0.441776062
0.956326226
0.962068547
0.961756777
0.441643822
0.955370394
0.961617975
0.918434386
0.441940799
0.962494949
0.961626306
0.912690915
0.441602935
0.441631944
0.946858599
0.961708335
0.933627346
0.961676460
0.962011666
0.956984027
0.950337699
0.961802811
0.961757186
0.803779182
0.961641665
0.961888590
0.448653999
0.441855847
0.441704493
0.441705483
0.953222215
0.962042806
0.962131035
0.441732253
0.441653816
0.441824232
0.442231210
0.441811575
0.441836002
0.441835950
0.441887147
0.441826679
0.441812565
0.441634283
0.930853909
0.961754366
0.961558950
0.441830896
0.930633232
0.961970770
0.961897228
0.441686990
0.930030367
0.962049622
0.946014369
0.960559314
0.962269724
0.961555247
0.441517093
0.957043753
0.962051703
0.961824203
0.441952352
0.441984956
0.441572040
0.441824227
0.441665789
0.962088003
0.969840994
0.944433536
0.961928314
0.961965501
0.961657637
0.937893090
0.961695813
