0.478213586
0.478459105
0.478450564
0.478198691
0.478339628
0.478516033
0.478294420
0.478220150
0.478425722
0.969762692
0.961473508
0.908211491
0.478335932
0.478449369
0.478223901
0.478362755
0.478322182
0.478301558
0.478320411
0.478446714
0.478409318
0.478432131
0.478195517
0.478312183
0.478302809
0.478384736
0.478396298
0.478459319
0.478319580
0.478338226
0.478454163
0.478410101
0.478202342
0.478395778
0.478501612
0.478348852
0.478317862
0.478277915
0.478462758
0.478345311
0.478445102
0.478482758
0.478310155
0.478401249
0.478391874
0.478383853
0.478284114
0.478363281
0.478457968
0.478441719
0.478487343
0.478303282
0.478279428
0.478358074
0.478288022
0.478476667
0.478280157
0.478507136
0.478357293
0.478365574
0.478381252
0.478371617
0.478259795
0.478312919
0.478267711
0.478355731
0.478491304
0.478446878
0.478192347
0.478448180
0.478210525
0.478476461
0.478311514
0.478450473
0.478327452
0.478510003
0.478572191
0.478484587
0.478297609
0.478345005
0.478518338
0.478350682
0.478431046
0.478313912
0.478449589
0.478524224
0.478246673
0.478493859
0.478181360
0.478341725
0.478266934
0.478400475
0.478287924
0.478310632
0.478419695
0.478396569
0.478299591
0.478456778
0.478545736
0.478248966
0.478222456
0.478369018
0.478270008
0.478368810
0.478285634
0.478536622
0.478328654
0.478446206
0.478209749
0.478382718
0.478280322
0.478335895
0.478571310
0.478264438
0.478420061
0.478411312
0.478337874
0.478412094
0.478400844
0.478449333
0.478194231
0.478416261
0.478262772
0.478546417
0.478186627
0.478450792
0.478470428
0.478410897
0.478228554
0.478224440
0.478400480
0.478393190
0.478336054
0.478482460
0.478298503
0.478357565
0.478378711
0.478569283
0.478256576
0.478335639
0.478355066
0.478409181
0.478235223
0.478274650
0.478253869
0.478406734
0.478341890
0.478389494
0.478292411
0.478350796
0.478345796
0.478440067
0.478430484
0.478302880
0.478323922
0.478332621
0.478251787
0.478333558
0.478545276
0.478338819
0.478288871
0.478336475
0.478419756
0.478332829
0.478445903
0.478458090
0.478404288
0.478453402
0.478383091
0.478458143
0.478257050
0.478249498
0.478509601
0.478264393
0.478380279
0.478322675
0.478470122
0.478331374
0.478196791
0.478511268
0.478175958
0.478312363
0.478311895
0.478568196
0.478265906
0.478379291
0.478461166
0.478228875
0.478290646
0.478377573
0.478511478
0.478334709
0.478279188
0.478462208
0.478237053
0.478295907
0.478175387
0.478422782
0.478234242
0.478311012
0.478336220
0.478355022
0.478228096
0.478348252
0.478361117
0.478413199
0.478278044
0.478333304
0.478502679
0.478371585
0.478173306
0.478578357
0.478199764
0.478236587
0.478276951
0.478462733
0.478217161
0.478519295
0.478423983
0.478206171
0.478281119
0.478386639
0.478358984
0.478388411
0.478348515
0.478407161
0.478253204
0.478405859
0.478264662
0.478625963
0.478222163
0.478362318
0.478196225
0.478489870
0.478157944
0.478458099
0.478317163
0.478260757
0.478386121
0.478412215
0.478398308
0.478294560
0.478345236
0.478479768
0.478377528
0.478348309
0.478358309
0.478619037
0.478413362
0.478300966
0.478530237
0.478400289
0.478300654
0.478369457
0.478500810
0.478265863
0.478286905
0.478450134
0.478375499
0.478300082
0.478306905
0.478432894
0.478396593
0.478483102
0.478247739
0.478429561
0.478455447
0.478351750
0.478420396
0.478420917
0.478292740
0.478480969
0.478325188
0.478309355
0.478366543
0.478536542
0.478440136
0.478333834
0.478362637
0.478340397
0.478449251
0.478277377
0.478420866
0.478354148
0.478323992
0.478299200
0.478279616
0.478601595
0.478241284
0.478439825
0.478234409
0.478318784
0.478394513
0.478534252
0.478315920
0.478348576
0.478419722
0.478418732
0.478408160
0.478314306
0.478475190
0.478353421
0.478270349
0.478355713
0.478206963
0.478428994
0.478530608
0.478496702
0.478334203
0.478225661
0.478455140
0.478318943
0.478442536
0.478475141
0.478390870
0.478411234
0.478329204
0.478463838
0.478253579
0.478452641
0.478383318
0.478540089
0.478345663
0.478438943
0.478505037
0.478356757
0.478517641
0.478393268
0.478383840
0.478391497
0.478306550
0.478293633
0.478497798
0.478462122
0.478283841
0.478499309
0.478228425
0.478346654
0.478432540
0.478355925
0.478172801
0.478468060
0.478337644
0.478499727
0.478444050
0.478348530
0.478451603
0.478451967
0.478333374
0.478477540
0.478402020
0.478293583
0.478217802
0.478514832
0.478253792
0.478393948
0.478507958
0.478453167
0.478299365
0.478476396
0.478355407
0.478370927
0.478287230
0.478324209
0.478273897
0.478410563
0.478418844
0.478512959
0.478269001
0.478388480
0.478329887
0.478351397
0.478285721
0.478363585
0.478469418
0.478371867
0.478365043
0.478366242
0.478456190
0.478320461
0.478392284
0.478434315
0.478384419
0.478312441
0.478562804
0.478449367
0.478481971
0.478363743
0.478440618
0.478365358
0.478324056
0.478427285
0.478429837
0.478446191
0.478321660
0.478530566
0.478144057
0.478446191
0.478340463
0.478349786
0.478379838
0.478334266
0.478406088
0.478237443
0.478338484
0.478375463
0.478478901
0.478353277
0.478206350
0.478566870
0.478443849
0.478329943
0.478255465
0.478469370
0.478192757
0.478376089
0.478406662
0.478429787
0.478340152
0.478440829
0.478394944
0.478402496
0.478304008
0.478296820
0.478358486
0.478485309
0.478186821
0.478447341
0.478243383
0.478445414
0.478294842
0.478426455
0.478296040
0.478258749
0.478513956
0.478380675
0.478277030
0.478271718
0.478377655
0.478276666
0.478345051
0.478479946
0.478182551
0.478466092
0.478190625
0.478457708
0.478295729
0.478319114
0.478381562
0.478438385
0.478312291
0.478324479
0.478495989
0.478435052
0.478306979
0.478390417
0.478335417
0.478491771
0.478298855
0.478410782
0.478148647
0.478373960
0.478198387
0.478395418
0.478328543
0.478461719
0.478411928
0.478449740
0.478438438
0.478430887
0.478494324
0.478409012
0.478188753
0.478486877
0.478353596
0.478234534
0.478423440
0.478610522
0.478186253
0.478378492
0.478354743
0.478462867
0.478131254
0.478429169
0.478392087
0.478390576
0.478429795
0.478316982
0.478368441
0.478397139
0.478311879
0.478445472
0.478380733
0.478373806
0.478342400
0.478509743
0.478195630
0.478341880
0.478438702
0.478459848
0.478217036
0.478455473
0.478287401
0.478219849
0.478350526
0.478470057
0.478408287
0.478210683
0.478327558
0.478276725
0.478329746
0.478464901
0.478290787
0.478347454
0.478174486
0.478416880
0.478351777
0.478395267
0.478207663
0.478507454
0.478491464
0.478265632
0.478411778
0.478517507
0.478443235
0.478262247
0.478423653
0.478304278
0.478261258
0.478406934
0.478399903
0.478356883
0.478342507
0.478582924
0.478239436
0.478412195
0.478197352
0.478595372
0.478360738
0.478207770
0.478403289
0.478312040
0.478405217
0.478251728
0.478475790
0.478321467
0.478358395
0.478265739
0.478374072
0.478513029
0.478271312
0.478342145
0.478357406
0.478380843
0.478227354
0.478408551
0.478282250
0.478414072
0.478434281
0.478295323
0.478377875
0.478294490
0.478415635
0.478345376
0.478561989
0.478343396
0.478294543
0.478485635
0.478340272
0.478513396
0.478181366
0.478433865
0.478352563
0.478378501
0.478228919
0.478320689
0.478392668
0.478489595
0.478322981
0.478652667
0.478269544
0.478272356
0.478386783
0.478321523
0.478282617
0.478454440
0.478484282
0.478315534
0.478313242
0.478380169
0.478437773
0.478332722
0.478353295
0.478435273
0.478325586
0.478448711
0.478405638
0.478453451
0.478360587
0.478278868
0.478342254
0.478281942
0.478269754
0.478490013
0.478477201
0.478418400
0.478376265
0.478290067
0.478349962
0.478457097
0.478215901
0.478464025
0.478334338
0.478400640
0.478312619
0.478404494
0.478318453
0.478299338
0.478446994
0.478383869
0.478200068
0.478292724
0.478497671
0.478407411
0.478226787
0.478411942
0.478313766
0.478316995
0.478435902
0.478339704
0.478292621
0.478363870
0.478506943
0.478394860
0.478385954
0.478469078
0.478419860
0.478449079
0.478323767
0.478493975
0.478420017
0.478436163
0.478413507
0.478423507
0.478467101
0.478399549
0.478568714
0.478501268
0.478419184
0.478251008
0.478403143
0.478466424
0.478275227
0.478433977
0.478502205
0.478381998
0.478434602
0.478617518
0.478402049
0.478462674
0.478331582
0.478410904
0.478376425
0.478372051
0.478665383
0.478404446
0.478474447
0.478412935
0.478394030
0.478337572
0.478204239
0.478623456
0.478326114
0.478498093
0.478223510
0.478673665
0.478364500
0.478404916
0.478340021
0.478315125
0.478396322
0.478477364
0.478541374
0.478285073
0.478390438
0.478494395
0.478338771
0.478377208
0.478331324
0.478605072
0.478395646
0.478413407
0.478201949
0.478554083
0.478253199
0.478409865
0.478473147
0.478430907
0.478355542
0.478371585
0.478653771
0.478329501
0.478445803
0.478400127
0.478362210
0.478434345
0.478317784
0.478495699
0.478407470
0.478556011
0.478319345
0.478427419
0.478243669
0.478325856
0.478535908
0.478298670
0.478370180
0.478416690
0.478365075
0.478323253
0.478381325
0.478874501
0.478301170
0.478522107
0.478362837
0.478395388
0.478374972
0.478424764
0.478500804
0.478499555
0.478257004
0.478465232
0.478458774
0.478290390
0.478317733
0.478554712
0.478531847
0.478347733
0.478410962
0.478557368
0.478318099
0.478346484
0.478478202
0.478542212
0.478319244
0.478456275
0.478415078
0.478620389
0.478557317
0.478473567
0.478377369
0.478280912
0.478363047
0.478510442
0.478548046
0.478323099
0.478561745
0.478452265
0.478333464
0.478420912
0.478407162
0.478535286
0.478185913
0.478411433
0.478207424
0.478499557
0.478491641
0.478659088
0.478245392
0.478357111
0.478483308
0.478304142
0.478603985
0.478361277
0.478649402
0.478641589
0.478397892
0.478639870
0.478550392
0.478633308
0.478533777
0.478618725
0.478338257
0.478556798
0.478505809
0.478633413
0.478736017
0.478498674
0.478504195
0.478527892
0.478569247
0.478216227
0.478664351
0.478364456
0.478565705
0.478475081
0.478505393
0.478437217
0.478254405
0.478517528
0.478183728
0.478512424
0.478367425
0.478304145
0.478524612
0.478315447
0.478330342
0.478362322
0.478397582
0.478281228
0.478212427
0.478493416
0.478274979
0.478597894
0.478454770
0.478570707
0.478286645
0.478619508
0.478155031
0.478361125
0.478581332
0.478376437
0.478381437
0.478387531
0.478582635
0.478238469
0.478556385
0.478388416
0.478243418
0.478475343
0.478339510
0.478512844
0.478335031
0.478479719
0.478493052
0.478482688
0.478275397
0.478324876
0.478586021
0.478416282
0.478308626
0.478467584
0.478450813
0.478274512
0.478614302
0.478634458
0.478316700
0.478477375
0.478268002
0.478368887
0.478506230
0.478561335
0.478549042
0.478529460
0.478328523
0.478329564
0.478489876
0.478376439
0.478371596
0.478610345
0.478342117
0.478289930
0.478416283
0.478386544
0.478227639
0.478507794
0.478487482
0.478391700
0.478420606
0.478356024
0.478334462
0.478556596
0.478219462
0.478449304
0.478463211
0.478381024
0.478383889
0.478574877
0.478377222
0.478232536
0.478610086
0.478339775
0.478231806
0.478453836
0.478375399
0.478408316
0.478382223
0.478518941
0.478214619
0.478495712
0.478291858
0.478476129
0.478363994
0.478299359
0.478438837
0.478498264
0.478420348
0.478204412
0.478531129
0.478310140
0.478258110
0.478515348
0.478536806
0.478446911
0.478434828
0.478544671
0.478317640
0.478619097
0.478255089
0.478381234
0.478493474
0.478528266
0.478467744
0.478318891
0.478452432
0.478271861
0.478723369
0.478326235
0.478247954
0.478545453
0.478290819
0.478480974
0.478241913
0.478588578
0.478327954
0.478639985
0.478415558
0.478453839
0.478405975
0.478307434
0.478520193
0.478400194
0.478415454
0.478369726
0.478435611
0.478266497
0.478289257
0.478483944
0.478547798
0.478384413
0.478307695
0.478670559
0.478246810
0.478529725
0.478401184
0.478383424
0.478505350
0.478318633
0.478624204
0.478454935
0.478525194
0.478446393
0.478586444
0.478310977
0.478342279
0.478644882
0.478348113
0.478407383
0.478428529
0.478358113
0.478150353
0.478573372
0.478400925
0.478446393
0.478486081
0.478374467
0.478524987
0.478418425
0.478401186
0.478399103
0.478548633
0.478390248
0.478254208
0.478547905
0.478258582
0.478415717
0.478470665
0.478431082
0.478262957
0.478453790
0.478347228
0.478324468
0.478514728
0.478460301
0.478427072
0.478523426
0.478398739
0.478391916
0.478543165
0.478213792
0.478444260
0.478374312
0.478304469
0.478422750
0.478445302
0.478459051
0.478270251
0.478588531
0.478242907
0.478478479
