0.970435094
0.961767986
0.961738195
0.962340694
0.961811841
0.961819862
0.961836269
0.962143559
0.961947727
0.961671739
0.961754447
0.962077988
0.962732778
0.961979290
0.961834395
0.961796427
0.962069186
0.961667001
0.961655074
0.961903250
0.961790438
0.962766998
0.961671532
0.962031584
0.961638252
0.961968408
0.961840022
0.961841220
0.962360021
0.961565702
0.962701531
0.961713201
0.961750805
0.961752681
0.962104138
0.961788045
0.961812629
0.961809296
0.961861952
0.962496586
0.961829817
0.962060910
0.961601068
0.961840026
0.961994556
0.961396226
0.961835235
0.961633517
0.962677368
0.962086120
0.961934506
0.962142214
0.961552373
0.961839768
0.961503935
0.961973100
0.961849611
0.962539192
0.961814091
0.961533051
0.962138778
0.961668363
0.961804613
0.961417843
0.961949509
0.962067061
0.962428049
0.961543625
0.961649979
0.961737531
0.962002426
0.961966750
0.961905291
0.961938833
0.962036385
0.962453311
0.961922271
0.961870969
0.961993104
0.961548679
0.962185344
0.961645294
0.961823314
0.961772846
0.962679770
0.961904669
0.961864982
0.962052429
0.961874825
0.962004512
0.961662586
0.961857065
0.961967586
0.962507064
0.962113784
0.961896545
0.961806807
0.961573369
0.961883004
0.961903786
0.961748161
0.962105660
0.962502013
0.961794047
0.961734099
0.961835088
0.961838370
0.962296025
0.961847277
0.961814881
0.961890871
0.962491598
0.961788528
0.961840455
0.961925819
0.961994153
0.961652070
0.961875195
0.961787487
0.961650144
0.962701287
0.961755143
0.961705821
0.961904154
0.961873738
0.961719572
0.962185039
0.961900561
0.961682280
0.962716340
0.961607021
0.961608427
0.961604677
0.961909936
0.961520615
0.961784104
0.961910198
0.961939520
0.962578945
0.961710303
0.961895407
0.961949365
0.961808793
0.961688689
0.961826554
0.961847335
0.961875200
0.962572593
0.961763846
0.962132282
0.961649159
0.962097179
0.961669524
0.961896086
0.961870565
0.961682753
0.962822958
0.961749629
0.961789836
0.961917962
0.961682234
0.961947493
0.961691557
0.962125565
0.961594109
0.962729523
0.961560515
0.961831817
0.961963536
0.961585672
0.961782390
0.961907338
0.961804526
0.961596715
0.962449837
0.961816454
0.962374057
0.962085151
0.961814787
0.962108484
0.961895933
0.961696715
0.961960413
0.962414682
0.961799267
0.961835726
0.962250360
0.961699997
0.962106819
0.961751716
0.961657446
0.961929373
0.962317079
0.962051403
0.962302132
0.962090258
0.961889842
0.961796040
0.961670311
0.961774843
0.961761093
0.962578799
0.961752395
0.962114686
0.962095935
0.962063072
0.961926510
0.961896093
0.961670782
0.961900989
0.962632550
0.962160207
0.962105625
0.961739375
0.961639064
0.961763335
0.961967136
0.961674532
0.962078386
0.962567708
0.961730783
0.961846877
0.961730471
0.961893804
0.961908126
0.961843283
0.961793231
0.961994324
0.962826041
0.961717972
0.961843440
0.961934169
0.961706149
0.961701149
0.961915784
0.961536775
0.961951982
0.962410887
0.962024170
0.961804066
0.962231617
0.961921254
0.961686047
0.961852296
0.962108805
0.961660786
0.962567502
0.961572557
0.962020108
0.962096462
0.961768911
0.962192868
0.961763964
0.961764016
0.961818808
0.962320212
0.961876829
0.961748860
0.961785059
0.961626152
0.961907558
0.961830996
0.961943703
0.961653757
0.962806305
0.962251203
0.961775371
0.961666206
0.961763444
0.962031569
0.961858132
0.961872872
0.961834956
0.962575734
0.962210632
0.962032090
0.962071831
0.961562352
0.961949071
0.961826467
0.961930165
0.961759436
0.962575579
0.961811832
0.961908394
0.961786675
0.961933186
0.962002561
0.961650583
0.961728395
0.961601677
0.962703705
0.961876676
0.961826417
0.961582667
0.961480949
0.962256363
0.961878500
0.961687720
0.961945271
0.962455738
0.961971990
0.961956156
0.961659490
0.961686314
0.961675167
0.961881990
0.961938709
0.961898553
0.962690582
0.961866261
0.961755377
0.961905064
0.961710325
0.961660429
0.961945376
0.961721627
0.961851939
0.962524281
0.962128137
0.961775533
0.961418972
0.961825325
0.962146939
0.961785222
0.961879075
0.962099700
0.962419334
0.962043086
0.962079596
0.961529337
0.961841993
0.961812930
0.961913295
0.961820379
0.961905171
0.962516522
0.962033086
0.961913400
0.961581995
0.961743556
0.961752724
0.961833556
0.961688192
0.962110327
0.962601835
0.962085171
0.962003817
0.961751995
0.961707880
0.961597516
0.962241421
0.961905484
0.962018877
0.962901022
0.961732444
0.961949845
0.961751989
0.961887673
0.961781952
0.961979041
0.961822278
0.961880358
0.962350414
0.961534333
0.962290324
0.961958979
0.961649926
0.961765974
0.961898950
0.961886822
0.962048234
0.962774850
0.961697886
0.961679195
0.961820920
0.961755146
0.961916767
0.961837555
0.961659125
0.961746892
0.963135432
0.961912270
0.961635924
0.961937284
0.961728802
0.962280629
0.961985377
0.962251736
0.961713777
0.962458831
0.961814050
0.961716193
0.962042552
0.961707196
0.961931160
0.961530961
0.961652530
0.961966076
0.962718057
0.961931819
0.961839431
0.962295007
0.961699184
0.961783981
0.961818259
0.961618683
0.962078322
0.962319421
0.962123491
0.961617980
0.962098400
0.961646483
0.961650656
0.962166597
0.961712282
0.962269629
0.962425520
0.961884541
0.961532414
0.961768772
0.961901903
0.961894513
0.962237122
0.961690621
0.961746565
0.962736773
0.961927461
0.961853354
0.961449456
0.961677690
0.961932486
0.962276553
0.961614636
0.961823027
0.962259488
0.961959080
0.961731223
0.961748521
0.962165711
0.961784262
0.961931818
0.962015365
0.961902300
0.962482406
0.961985488
0.961878411
0.961642534
0.961961548
0.962126865
0.961839269
0.962001722
0.961683969
0.962368293
0.961643565
0.961726226
0.962096282
0.961828945
0.961872180
0.961554584
0.961971670
0.961836781
0.962561835
0.961960229
0.961785601
0.961899304
0.961684624
0.962030044
0.961631563
0.961810057
0.961939072
0.963037144
0.961952781
0.962059036
0.961576544
0.961617488
0.962048740
0.961621510
0.961829795
0.961866310
0.962747457
0.961947207
0.961427736
0.961895447
0.961754933
0.962009051
0.962065254
0.961942032
0.961840214
0.962774901
0.962056318
0.961800074
0.961888101
0.962074980
0.961822383
0.961649212
0.962000049
0.961751878
0.962377036
0.962017617
0.961823612
0.961945231
0.961732009
0.961836285
0.961594833
0.961626713
0.961902550
0.962648697
0.962090268
0.961707514
0.962157517
0.961985961
0.961979247
0.961902222
0.961593844
0.962120409
0.962672129
0.961664015
0.961787144
0.961742722
0.961497573
0.961687264
0.962145860
0.961725608
0.962318161
0.962612331
0.961865310
0.961624899
0.961784486
0.961961991
0.961804184
0.961929865
0.961955338
0.961936020
0.962600970
0.961664313
0.961972806
0.962377705
0.961842244
0.961459802
0.962044648
0.961868299
0.961897419
0.962620337
0.961765607
0.961831496
0.961760617
0.961884266
0.961718074
0.961844172
0.961752667
0.961906056
0.961965174
0.961707213
0.961986434
0.961707899
0.961797591
0.961548066
0.962074942
0.962128645
0.961763598
0.962239383
0.961887722
0.961851997
0.961666067
0.962238046
0.961795137
0.961657746
0.961999155
0.961748276
0.961775260
0.962013232
0.961761362
0.961715222
0.962056734
0.961921115
0.961565756
0.961978936
0.961923420
0.962011757
0.961819210
0.962066505
0.961831250
0.961550788
0.961867352
0.961771576
0.961884132
0.961824033
0.961688361
0.961919770
0.961581912
0.961870820
0.961945095
0.961759007
0.961601409
0.961788391
0.962197872
0.961609078
0.962047934
0.961460650
0.961889505
0.961970290
0.961910815
0.961677488
0.961967543
0.962062181
0.961713073
0.961885994
0.961646572
0.961699648
0.961818297
0.961923458
0.961688984
0.961563156
0.961954512
0.961668423
0.961786031
0.961657338
0.961914945
0.961764273
0.961707558
0.961758083
0.961676316
0.961943819
0.961447940
0.961993879
0.961863206
0.961892169
0.961729622
0.961899104
0.962046555
0.961919060
0.962056251
0.961619538
0.962058810
0.961852982
0.961732518
0.961697939
0.962043045
0.961954612
0.961716128
0.962244774
0.961678531
0.961584317
0.961847028
0.961739479
0.961950160
0.961777924
0.962223499
0.961797203
0.961999914
0.961596431
0.961839558
0.961860448
0.961654098
0.961704466
0.962213530
0.961763171
0.961740519
0.961688492
0.961959223
0.961590479
0.961875221
0.961881786
0.962076894
0.961803825
0.962155702
0.962142893
0.961838941
0.961886340
0.961856031
0.961933430
0.961994215
0.962044374
0.962197033
0.961733915
0.961948969
0.962014181
0.961694863
0.961804553
0.961944973
0.962104455
0.961701544
0.961978577
0.961736238
0.961788117
0.961968640
0.961752134
0.961927084
0.961708495
0.961935529
0.961758867
0.961813141
0.961693457
0.961996689
0.961868359
0.961986071
0.961816283
0.961730870
0.962015559
0.961625565
0.961842807
0.961791613
0.961919115
0.961768442
0.961914330
0.961901000
0.961701943
0.962075122
0.961872886
0.961853567
0.961739456
0.962090603
0.962377272
0.961764778
0.961853375
0.961933169
0.962031453
0.961655781
0.961666670
0.961610841
0.961758030
0.961761002
0.961557204
0.961843404
0.961786011
0.962367366
0.961537425
0.961683730
0.961750192
0.961744101
0.961836708
0.961830669
0.962022494
0.961651145
0.962017709
0.962198962
0.961850842
0.961770480
0.961836108
0.962768189
0.961905488
0.961950492
0.961942682
0.961730864
0.961882949
0.962107430
0.961953996
0.961979677
0.962606395
0.961651090
0.961940728
0.962019949
0.961949380
0.962054174
0.961643866
0.961916784
0.961607153
0.962549964
0.962121740
0.961750079
0.961954872
0.961474773
0.961928264
0.961850871
0.961644052
0.961925825
0.962602699
0.961810571
0.961585939
0.961923440
0.961881100
0.961906728
0.961650378
0.962080638
0.961973038
0.962308300
0.961879502
0.962215701
0.962042841
0.961722376
0.962032690
0.961642278
0.962206237
0.962011709
0.962463272
0.961751612
0.961903281
0.961982606
0.961512351
0.961771206
0.961967979
0.961802254
0.962157254
0.962344027
0.962017886
0.961694401
0.962031277
0.962011332
0.961962949
0.961809150
0.961994048
0.961983374
0.962329781
0.961846192
0.961640779
0.961811041
0.961843336
0.961656934
0.962216516
0.961924125
0.961777982
0.962255639
0.961557729
0.961699136
0.961604712
0.961682631
0.961731123
0.961996333
0.961841180
0.962061599
0.962568578
0.961817802
0.961811347
0.962191400
0.961929737
0.961789323
0.961844065
0.962108338
0.961644124
0.962620059
0.961660119
0.961914911
0.961865435
0.961665334
0.961976116
0.961762786
0.961906694
0.961862166
0.962672113
0.961806494
0.962121287
0.961860040
0.961819367
0.961757078
0.961810152
0.962486141
0.961956146
0.962710417
0.961979693
0.961775217
0.961860375
0.961502827
0.962187879
0.961625072
0.961938717
0.961993408
0.962700699
0.961611071
0.961784197
0.962347114
0.961638109
0.962151702
0.961896446
0.961819678
0.961718274
0.962549783
0.961716820
0.961907239
0.961827710
0.961624640
0.961812402
0.961955685
0.961873604
0.961693087
0.962584127
0.961934653
0.961572052
0.962031324
0.961734556
0.961907423
0.961814456
0.961749876
0.961986544
0.962301284
0.962089308
0.961896343
0.961828637
0.961604004
0.961936141
0.961685675
0.962027551
0.961799898
0.962539584
0.961895267
0.961869019
0.962129281
0.961857513
0.961838036
0.962060537
0.961839863
0.961731584
0.962492417
0.961765756
0.961945705
0.961724718
0.961880189
0.961746597
0.961875193
0.961839623
0.961580459
0.962541499
0.961781765
0.961903068
0.961793279
0.961795312
0.961930991
0.961720421
0.961855162
0.961718602
0.962396934
0.961744388
0.961844493
0.961712204
0.961842050
0.961682417
0.961881950
0.961899816
0.961866537
0.962496328
0.961731594
0.962016542
0.961653369
0.961857016
0.961901862
0.961815562
0.961981500
0.961851972
0.962531189
0.961954788
0.961973852
0.961807188
0.962084220
0.961970004
0.961632247
0.961872092
0.961615689
0.962509281
0.961590276
0.961851006
0.961971580
0.961926479
0.961971376
0.961581953
0.961788672
0.961517373
0.962745600
0.961888313
0.961795138
0.961569828
0.961721809
0.961824310
0.962176394
0.961959106
0.961941035
0.962609471
0.961876716
0.961754635
0.961652345
0.961910992
0.962145784
0.961810215
0.962067455
0.961973968
0.962590946
0.962292407
0.962035901
0.962196214
0.962019706
0.962062208
0.961798826
0.962078930
0.962046328
0.962545963
0.961741177
0.961675658
0.961902013
0.961715610
0.962177901
0.962051966
0.961372751
0.961779731
0.962518687
0.962074004
0.961921559
0.961962706
0.961978489
0.961860210
0.961689848
0.961565840
0.961190768
0.961370455
0.961496287
0.961536442
0.961448213
0.961878314
0.961341233
0.961475762
0.961352898
0.961744197
0.961620084
0.961467532
0.961444093
0.961625237
0.961665862
0.961597476
0.961779089
0.961452423
0.961633880
0.961382474
0.961448411
0.961372526
0.961552837
0.961657106
0.961565908
0.961547157
0.961420960
0.961386949
0.961212574
0.961363041
0.961386998
0.961487883
0.961591476
0.961783923
0.961485798
0.961372725
0.961561474
0.961397620
0.961587774
0.961479232
0.961663398
0.961653971
0.961524283
0.961641938
0.961479230
0.961759801
0.961106783
0.961398500
0.961752091
0.961482821
0.961372821
0.961592975
0.961477090
0.961576099
0.961448391
0.961584483
0.961751096
0.961440785
0.961442711
0.961426722
0.961600105
0.961568126
0.961464219
0.961318907
0.961812290
0.961518541
0.961543904
0.961544425
0.961161040
0.961631559
0.961773432
0.961384683
0.961158747
0.961405932
0.961616036
0.961570410
0.961529836
0.961431243
0.961560408
0.961447283
0.961670771
0.961563740
0.961291501
0.961398688
0.961704571
0.961710404
0.961902173
0.961489674
0.961266759
0.961880921
0.961643371
0.961385350
0.961440193
0.961822066
0.961830086
0.961439150
0.961429253
0.961110504
0.961479617
0.961602949
0.961608677
0.961464876
0.961472479
0.961497843
0.961572218
0.961718362
0.961789976
0.961284093
0.961560237
0.961685392
0.961510496
0.961492527
0.961557631
0.961260496
0.961521432
0.961610284
0.961490754
0.961633565
0.961244191
0.961434190
0.961518199
0.961458929
0.961536792
0.961345125
0.961541114
0.961647988
0.961518874
0.961289030
0.961617310
0.961490747
0.961613142
0.961538766
0.961436996
0.961519600
0.961389808
0.961567983
0.961677618
0.961509180
0.961520170
0.961497565
0.961630793
0.961444387
0.961488762
0.961494074
0.961406261
0.961472563
0.961564801
0.961416259
0.961240583
0.961480737
0.961567195
0.961457299
0.961515788
0.961597767
0.961514225
0.961677714
0.961402037
0.961468443
0.961481046
0.961799326
0.961582868
0.961463180
0.961280212
0.961514846
0.961795157
0.961617137
0.961457969
0.961642032
0.961687916
0.961448906
0.961399791
0.961394687
0.961535936
0.961504060
0.961317758
0.961502601
0.961511768
0.961643798
0.961243643
0.961553901
0.961735619
0.961953378
0.961620879
0.961503171
0.961437389
0.961720564
0.961520305
0.961621606
0.961649053
0.961393689
0.961614261
0.961321709
0.961669572
0.961436552
0.961566551
0.961672227
0.961783893
0.961487123
0.961390716
0.961297123
0.961660871
0.961612278
0.961383996
0.961782067
0.961540245
0.961666442
0.961543838
0.961573265
0.961275036
0.961538316
0.961481962
0.961451024
0.961424044
0.961417951
0.961211388
0.961561907
0.961585553
0.962036592
0.961544823
0.961553885
0.961408312
0.961899976
0.961552165
0.961392165
0.961372790
0.961640600
0.961260342
0.961650131
0.961688985
0.961573100
0.961546432
0.961488933
0.961648411
0.961572109
0.961475442
0.961499556
0.961593149
0.961444191
0.961629763
0.961648043
0.961817782
0.961357158
0.961596844
0.961446428
0.961331480
0.961706010
0.961647520
0.961506895
0.961525801
0.961271218
0.961617206
0.961323822
0.961467258
0.961571632
0.961491580
0.961637881
0.961572620
0.961242048
0.961468975
0.961550588
0.961320537
0.961540900
0.961526369
0.961476056
0.962503239
0.961750064
0.961436733
0.961345534
0.961432148
0.961615064
0.961465532
0.961469490
0.961943186
0.961533448
0.961533917
0.961658290
0.961687405
0.961416520
0.961703967
0.961375114
0.961828600
0.961375685
0.961505424
0.962006568
0.961456205
0.961545475
0.961409434
0.961490474
0.961478756
0.961565682
0.961617088
0.961441515
0.961693388
0.961353025
0.961519796
0.961771408
0.961345577
0.961410211
0.961452606
0.961414117
0.961341356
0.961558803
0.961538959
0.961358126
0.961447448
0.961512812
0.961434636
0.961421250
0.961433593
0.961360311
0.961681560
0.961836247
0.961549529
0.961479373
0.961454788
0.961282863
0.961985723
0.961588746
0.961627287
0.961440777
0.961344996
0.961771609
0.961727702
0.961697390
0.961464942
0.961565150
0.961442858
0.961469941
0.961411138
0.961268848
0.961488898
0.961764366
0.961685928
0.961244159
0.961372596
0.961610094
0.961436397
0.961333740
0.961320043
0.961440093
0.961610092
0.961341864
0.961628581
0.961338478
0.961457384
0.961369102
0.961633320
0.961529258
0.961655403
0.961250404
0.961314362
0.961315455
0.961661756
0.961688682
0.961464412
0.961650921
0.961598369
0.961357328
0.961652274
0.961406807
0.961414723
0.961780763
0.961452171
0.961310765
0.961433993
0.961635501
0.961478107
0.961451440
0.961408991
0.961524095
0.961866801
0.961400293
0.961449459
0.961469147
0.961504719
0.961310396
0.961614770
0.961390447
0.961497426
0.961521644
0.961582060
0.961332217
0.961576487
0.961422061
0.961460966
0.961534299
0.961521746
0.961619506
0.961500079
0.961445756
0.961698620
0.961448725
0.961250340
0.961512630
0.961454453
0.961446328
0.961404453
0.961452942
0.961370807
0.961262733
0.961535753
0.961665648
0.961480753
0.961448149
0.961657002
0.961733616
0.961809397
0.961500075
0.961363461
0.961562261
0.961717625
0.961436584
0.961286689
0.961386688
0.961631530
0.961397625
0.961796425
0.961666113
0.961453197
0.961362155
0.961635018
0.961330957
0.961398873
0.961439497
0.961251321
0.961458507
0.961534809
0.961847099
0.961575745
0.961640850
0.961567308
0.961325226
0.961463297
0.961566110
0.961362047
0.961438714
0.961541629
0.961408401
0.961305276
0.961703867
0.961635483
0.961499753
0.961471160
0.961378295
0.961354545
0.961592095
0.961430170
0.961364908
0.961526887
0.961327825
0.961655115
0.961379127
0.961582042
0.961599281
0.961594802
0.961874019
0.961659489
0.961415948
0.961754852
0.961682405
0.961423395
0.961391416
0.961875320
0.961662039
0.961531780
0.961725216
0.961468029
0.961394695
0.961562351
0.961627559
0.961669902
0.961379018
0.961317195
0.961532558
0.961418549
0.961793963
0.961412454
0.961549796
0.961517557
0.961595369
0.961515994
0.961552400
0.961588389
0.961418181
0.961578649
0.961823648
0.961522452
0.961372556
0.961447764
0.961854376
0.961841928
0.961696356
0.961335785
0.961521877
0.961488648
0.961527397
0.961551824
0.961492033
0.961325054
0.961258439
0.961589584
0.961387240
0.961527552
0.961501927
0.961570781
0.961665780
0.961814008
0.961227292
0.961394843
0.961293177
0.961598279
0.961490155
0.961406144
0.961607602
0.961194947
0.961648955
0.961356560
0.961364217
0.961611194
0.961534215
0.961740308
0.961543642
0.961284841
0.961089217
0.961723276
0.961398016
0.961463121
0.961684421
0.961437599
0.961635723
0.961698483
0.961302131
0.961562650
0.961485931
0.961341036
0.961712284
0.961456868
0.961354056
0.961669106
0.961451868
0.961692961
0.961298014
0.961691762
0.961409107
0.961554835
0.961419575
0.961564053
0.961688636
0.961360877
0.961693323
0.961520095
0.961421761
0.961388637
0.961489157
0.961375667
0.961547073
0.961582541
0.961342543
0.961916446
0.961466239
0.961469051
0.961361812
0.961570978
0.961463426
0.961736966
0.961480405
0.961380249
0.961464154
0.961715246
0.961552018
0.961502800
0.961643892
0.961439518
0.961565611
0.961392227
0.961549986
0.961736443
0.961440038
0.961522069
0.961496912
0.961465245
0.961380975
0.961442017
0.961396808
0.961381027
0.961779358
0.961950451
0.961279047
0.961403370
0.961602379
0.961818368
0.961472588
0.961325661
0.961628107
0.961404722
0.961424410
0.961654253
0.961190817
0.961530555
0.961269775
0.961698158
0.961268108
0.961614564
0.961624720
0.961518053
0.961545970
0.961665969
0.961332637
0.961477949
0.961523782
0.961705239
0.961446178
0.961865864
0.961256126
0.961559041
0.961617739
0.961810394
0.961646697
0.961483885
0.961609457
0.961676175
0.961654769
0.961545811
0.961282323
0.961537529
0.961359405
0.961593622
0.961616747
0.961583310
0.961354353
0.961623413
0.961417894
0.961487893
0.961633362
0.961327685
0.961504768
0.961684194
0.961605288
0.961409871
0.961560235
0.961493361
0.961469871
0.961219976
0.961432423
0.961394141
0.961680495
0.961433881
0.961572422
0.961615755
0.961516068
0.961596223
0.961275808
0.961483307
0.961534244
0.961717003
0.961740492
0.961500129
0.961436431
0.961310546
0.961634920
0.961600232
0.961426223
0.961289661
0.961675283
0.961683200
0.961440909
0.961477211
0.961530231
0.961536793
0.961271014
0.961405284
0.961321118
0.961444554
0.961381690
0.961546063
0.961808458
0.961361793
0.961486272
0.961407886
0.961417209
0.961894342
0.961387990
0.961524292
0.961362834
0.961511427
0.961393615
0.961594187
0.961306480
0.961406479
0.961558562
0.961549395
0.961427520
0.961656530
0.961639862
0.961198198
0.961756112
0.961339291
0.961592414
0.961507675
0.961801319
0.961765747
0.961839235
0.961551633
0.961633299
0.961376738
0.962014130
0.961631267
0.961532882
0.961339081
0.961556892
0.961734808
0.961468142
0.961558194
0.961507621
0.961383819
0.961441527
0.961730640
0.961560797
0.961507256
0.961393610
0.961224028
0.961324496
0.961934962
0.961439912
0.961416109
0.961605171
0.961638244
0.961520119
0.961411421
0.961468974
0.961458557
0.961529181
0.961534389
0.961408660
0.961385588
0.961623086
0.961620326
0.961643190
0.961551576
0.961567982
0.961627096
0.961387409
0.961472618
0.961873449
0.961377201
0.961512513
0.961618971
0.961625949
0.961591887
0.961788553
0.961700637
0.961511679
0.961324335
0.961511366
0.961480793
0.961413398
0.961474179
0.961242825
0.961419439
0.961464283
0.961413241
0.961654750
0.961715479
0.961680271
0.961669073
0.961372355
0.961512771
0.961393604
0.961533134
0.961304906
0.961602561
0.961605270
0.961683915
0.961326416
0.961443603
0.961772456
0.961422717
0.961415426
0.961430634
0.961683342
0.961662716
0.961519748
0.961255895
0.961344019
0.961510477
0.961558028
0.961681101
0.961477040
0.961365216
0.961532820
0.961732767
0.961362091
0.961373602
0.961340164
0.962140017
0.961491272
0.961470486
0.961566315
0.961740216
0.961444015
0.961462916
0.961430723
0.961481552
0.961480975
0.961408575
0.961455965
0.961503513
0.961459863
0.961716837
0.961266052
0.961640787
0.961487813
0.961533122
0.961534732
0.961654727
0.961528681
0.961598573
0.961697005
0.961353355
0.961558612
0.961526263
0.961628238
0.961648702
0.961536249
0.961315205
0.961782543
0.961578685
0.961576336
0.961630551
0.961548047
0.961536688
0.961413090
0.961498502
0.961486155
0.961431411
0.961759114
0.961443485
0.961441554
0.961436966
0.961745920
0.961510084
0.961467996
0.961233825
0.961448977
0.961709910
0.961475792
0.961600162
0.961398440
0.961349269
0.961734160
0.961434000
0.961468371
0.961379200
0.961635029
0.961667993
0.961437052
0.961384184
0.961394909
0.961861466
0.961368651
0.961791667
0.961555517
0.961413274
0.961360510
0.961499620
0.961751022
0.961452112
0.961497525
0.961566791
0.961746526
0.961660377
0.961546154
0.961425214
0.961436564
0.961356196
0.961779263
0.961695562
0.961385506
0.961343367
0.961415342
0.961647630
0.961649345
0.961525122
0.961448608
0.961532406
0.961400840
0.961430784
0.961607863
0.961201142
0.961646033
0.961570561
0.961423838
0.961622011
0.961341956
0.961437265
0.961529865
0.961862361
0.961461577
0.961610114
0.961555995
0.961664950
0.961752186
0.961482235
0.961618689
0.961347332
0.961809202
0.961509147
0.961404665
0.961374245
0.961612313
0.961605956
0.961951211
0.961415949
0.961381882
0.961545941
0.961546510
0.961516039
0.961687232
0.961329417
0.961704413
0.961679930
0.961449979
0.961682319
0.961559034
0.961339188
0.961505902
0.961664076
0.961325271
0.961402507
0.961492659
0.961514999
0.961209267
0.961598066
0.961635822
0.961468579
0.961488524
0.961476802
0.961342320
0.961575441
0.961684135
0.961427621
0.961418921
0.961377719
0.961293289
0.961656618
0.961412449
0.961609476
0.961399995
0.961569417
0.961437384
0.961623265
0.961526387
0.961332998
0.961420808
0.961626377
0.961284499
0.961477464
0.961488138
0.961474802
0.961746360
0.961368701
0.961427083
0.961340674
0.961530306
0.961392231
0.961563998
0.961516651
0.961477846
0.961708207
0.961502266
0.961653669
0.961137938
0.961716787
0.961251057
0.961534334
0.961567664
0.961543182
0.961438439
0.961803488
0.961496506
0.961715565
0.961593791
0.961683476
0.961293630
0.961437689
0.961844090
0.961498099
0.961556638
0.961429917
0.961371268
0.961690066
0.961610792
0.961979486
0.961750213
0.961694064
0.961800936
0.961572548
0.961402284
0.962004311
0.961544258
