0.940501713
0.961578659
0.961883867
0.409754748
0.745730263
0.961133819
0.961591682
0.535520645
0.947926321
0.961226163
0.927294321
0.961288299
0.961567673
0.961470486
0.409906154
0.961327519
0.961348092
0.959573880
0.934559815
0.961838403
0.948937831
0.409780426
0.929776242
0.961314761
0.961480853
0.410074280
0.961105230
0.961234085
0.944303007
0.948011899
0.961497209
0.931656601
0.409830324
0.946518573
0.961682782
0.961171796
0.409837095
0.961716168
0.961373149
0.928619167
0.961780232
0.961406483
0.912720847
0.409724440
0.961388828
0.961468724
0.961357318
0.409874596
0.961282318
0.961716953
0.958874412
0.409891419
0.918470462
0.961567163
0.961236540
0.409941159
0.409846367
0.961281539
0.961434508
0.961273155
0.925759184
0.961292947
0.940890894
0.953391885
0.961153156
0.961623728
0.912162209
0.961795030
0.961158782
0.409883817
0.409915328
0.958410409
0.961890187
0.918515622
0.409943505
0.960814411
0.961678262
0.961476439
0.409926213
0.961290087
0.961875449
0.908955819
0.961458211
0.961240088
0.901275851
0.961638733
0.961629723
0.949567115
0.409819392
0.929527665
0.961774306
0.961556027
0.409817361
0.410047621
0.961506913
0.961653943
0.952322106
0.942015898
0.961747902
0.961718058
0.409861998
0.961519414
0.961741913
0.872450710
0.961655456
0.961711237
0.923135351
0.961464833
0.961715925
0.961594103
0.924191649
0.961401552
0.961569520
0.961547646
0.961273325
0.934540359
0.959935883
0.961442960
0.961413064
0.916923556
0.961455929
0.961507700
0.409999499
0.961792908
0.961798325
0.948835513
0.409825073
0.931106625
0.961808274
0.961600098
0.410002572
0.409889500
0.962079887
0.961709525
0.899957585
0.409826584
0.961438068
0.961560151
0.960623749
0.932966203
0.961489215
0.961328173
0.409928928
0.409913251
0.961469737
0.961602444
0.877112836
0.961880725
0.961698695
0.925628267
0.962374943
0.961522394
0.961681925
0.409899606
0.961698644
0.961281511
0.856288233
0.409702681
0.409941117
0.961977133
0.961499219
0.915748569
0.961552917
0.961534792
0.961472188
0.961410834
0.961433023
0.893334806
0.961377918
0.961525679
0.945196422
0.948041202
0.961658804
0.961499691
0.409912525
0.961440784
0.961625992
0.929074456
0.961497764
0.961674534
0.961720472
0.409844817
0.961753441
0.961737451
0.857157611
0.409802110
0.961289485
0.961514120
0.927707849
0.410001640
0.949967239
0.961744015
0.961443496
0.409925182
0.961788964
0.961980213
0.870238133
0.409931172
0.961503913
0.961625268
0.935927194
0.957664502
0.961444279
0.961569696
0.409857579
0.961586727
0.961725998
0.850063111
0.960969907
0.961567926
0.949279694
0.946467049
0.961458084
0.961339698
0.409672268
0.957970234
0.961479125
0.873032448
0.961544386
0.961846625
0.921966107
0.409772425
0.956631542
0.962018291
0.961800532
0.910332457
0.961268556
0.961246680
0.409730916
0.916884775
0.961633711
0.961748190
0.409803467
0.409781853
0.961679858
0.961450535
0.911632662
0.409851592
0.961670534
0.961371891
0.961595952
0.923358657
0.961589859
0.961472829
0.409918051
0.961667620
0.961714599
0.883329808
0.961980744
0.961761682
0.935349705
0.959059349
0.961529809
0.961832881
0.409910969
0.961746059
0.961603195
0.852695764
0.961587258
0.961770799
0.961594081
0.409799720
0.914835882
0.961813664
0.961781008
0.409927427
0.961545280
0.961742362
0.898298657
0.961673404
0.961581895
0.945988416
0.949095539
0.961711738
0.961430074
0.409923991
0.961844447
0.961748302
0.863599995
0.961717365
0.961823146
0.913399121
0.961357418
0.961723563
0.955557078
0.937471369
0.961458305
0.933716488
0.959106752
0.961379503
0.961479347
0.915216407
0.961571013
0.961592368
0.410148054
0.409930503
0.961812211
0.961579035
0.914675055
0.961614817
0.961777472
0.961446692
0.930061088
0.961280495
0.961767785
0.409709723
0.961596224
0.961616433
0.867406859
0.961490079
0.961651016
0.916681663
0.961976120
0.961538309
0.961872631
0.409867640
0.916631613
0.961511070
0.961669610
0.929727498
0.961514716
0.961529977
0.409914150
0.961286019
0.961714091
0.936988565
0.955919062
0.961516332
0.927472197
0.961801852
0.961574822
0.961392531
0.409926808
0.409851338
0.961565864
0.961346385
0.918232234
0.961637166
0.961431698
0.901027355
0.961544355
0.961764405
0.950785335
0.409839257
0.929488545
0.961660761
0.953678761
0.951533718
0.961886073
0.961728626
0.908501233
0.961352950
0.961438784
0.409797799
0.410260505
0.961408732
0.961777012
0.906183952
0.961791127
0.961598628
0.956130160
0.409948945
0.921724932
0.961398837
0.961879773
0.409746445
0.961459983
0.961281807
0.894960977
0.961424203
0.962063159
0.940346162
0.953535432
0.961400505
0.961754775
0.916978547
0.961599567
0.954782772
0.410012330
0.924698256
0.961846807
0.961482382
0.410075143
0.409812540
0.961519360
0.961622329
0.959550462
0.934217438
0.961652954
0.929657508
0.961406236
0.961376497
0.961689257
0.920560618
0.961261603
0.961316602
0.409842384
0.410033894
0.961606393
0.961679778
0.903203188
0.961440666
0.961886549
0.952848304
0.941543141
0.961557488
0.961747227
0.409908114
0.961638634
0.961718425
0.867387393
0.961396864
0.961597593
0.920430777
0.961668322
0.961330563
0.961614520
0.929617720
0.961244991
0.937077222
0.409892125
0.942761419
0.961661240
0.961623793
0.409769365
0.961210930
0.961672855
0.923590610
0.962273530
0.961611918
0.910432017
0.409825980
0.961452180
0.961472648
0.961895094
0.922255981
0.961804106
0.952504820
0.410001500
0.931453810
0.961720513
0.961703429
0.409968480
0.961482180
0.961593535
0.952341956
0.409986658
0.926903100
0.961734524
0.949122543
0.945537401
0.961446921
0.961591973
0.409705252
0.961672702
0.961271141
0.924892900
0.409926554
0.953452579
0.961796713
0.922660982
0.961551297
0.961836088
0.961702703
0.928423251
0.961150727
0.961706297
0.409762909
0.409958168
0.961596246
0.961609839
0.885297485
0.409879836
0.961576976
0.961508174
0.953945651
0.938646390
0.961643902
0.961532653
0.409945097
0.961746715
0.961696195
0.875687160
0.961763486
0.961485883
0.924756133
0.961410155
0.961544685
0.961687654
0.409712963
0.961430468
0.961557759
0.904245069
0.961393645
0.961854998
0.951312435
0.943528664
0.961582238
0.962494423
0.409922806
0.962115309
0.961869165
0.925024467
0.962020154
0.961731562
0.961540989
0.923846764
0.961376146
0.961799687
0.409957182
0.961763541
0.961369168
0.941631903
0.951610353
0.961565209
0.961546616
0.409875307
0.961468804
0.961560939
0.862222737
0.961638230
0.961310836
0.918217621
0.961811250
0.961475575
0.961633179
0.927050242
0.961798178
0.954606332
0.938815926
0.961234223
0.961795210
0.409789058
0.961872918
0.961410316
0.938196345
0.955811744
0.961858127
0.925831342
0.409871297
0.952180510
0.961390108
0.961486202
0.903807680
0.961313130
0.961930679
0.409815100
0.961870784
0.961472245
0.909424481
0.409922183
0.961491255
0.961506255
0.961836982
0.922742294
0.961683963
0.961534849
0.409956402
0.410025673
0.961646515
0.961467349
0.897075208
0.961458808
0.961764640
0.942915757
0.950201249
0.961874588
0.961739537
0.409679216
0.961923182
0.961678079
0.865237782
0.961508079
0.961804225
0.912042442
0.961399747
0.961416154
0.952124731
0.940777068
0.961703496
0.940615403
0.953437539
0.961711986
0.961471570
0.914457329
0.961320269
0.961932038
0.409903435
0.962036517
0.961421935
0.903651591
0.961532196
0.961741257
0.951590205
0.409934008
0.927093842
0.961516051
0.961427353
0.409883956
0.961657301
0.961596936
0.896985160
0.961467666
0.961446364
0.950926874
0.941658630
0.961403240
0.961708759
0.409999060
0.961350636
0.961880634
0.867978347
0.961510791
0.961517927
0.921098607
0.961607718
0.961797822
0.961533291
0.922245530
0.961428449
0.957821484
0.935051105
0.961364335
0.961399231
0.409894426
0.961587563
0.961818812
0.935407250
0.409842759
0.941773006
0.961675584
0.936224383
0.957379039
0.961410482
0.961752199
0.912384997
0.961456888
0.961539335
0.409796875
0.961584596
0.961504805
0.897962035
0.961196004
0.961491628
0.946638769
0.947831994
0.961690898
0.961556732
0.409763594
0.961862460
0.961280691
0.917583624
0.961647045
0.961833763
0.960969755
0.932633981
0.961375067
0.961625587
0.410073385
0.961883919
0.961632097
0.933177001
0.961125745
0.961485432
0.961336682
0.916441755
0.961621212
0.961424547
0.410154635
0.961433036
0.961699962
0.945593515
0.947816163
0.961302360
0.961628349
0.909780896
0.961656422
0.961253819
0.409964948
0.961672046
0.961633401
0.958440341
0.410137240
0.920812416
0.961784598
0.961497933
0.409814271
0.409888907
0.961435069
0.961551735
0.898875732
0.961763193
0.961518871
0.946346222
0.947187052
0.961293612
0.961889859
0.409780887
0.961443715
0.961717673
0.863694830
0.409907345
0.409749429
0.961708246
0.961386581
0.938689274
0.954165308
0.961656268
0.961600434
0.912210056
0.961586685
0.961604914
0.924813236
0.961908038
0.961491946
0.409935053
0.409997084
0.961724861
0.961506112
0.957807324
0.961555174
0.961948455
0.919513205
0.961761580
0.961368145
0.961475228
0.932000552
0.961317937
0.961847153
0.409956199
0.961296270
0.961750071
0.927767756
0.961659290
0.961685592
0.961508040
0.409685263
0.962143611
0.961579030
0.901573277
0.961751634
0.961703405
0.951454071
0.409747555
0.928612493
0.961473770
0.961491166
0.409915367
0.409900836
0.961625436
0.961556948
0.902428951
0.961259866
0.961622677
0.951838289
0.942741657
0.961409969
0.961661479
0.409865836
0.961598250
0.961321897
0.869922048
0.961458563
0.961512522
0.922788507
0.961426011
0.961824344
0.961355387
0.926273129
0.961432731
0.948792416
0.944742067
0.961600022
0.961611063
0.409810733
0.961419554
0.961451220
0.940645781
0.953169951
0.961491585
0.925504696
0.961607939
0.961810803
0.961647574
0.409725525
0.961500284
0.961631429
0.958156078
0.409911305
0.921435389
0.962065750
0.951309594
0.942454057
0.961551221
0.962034918
0.409912555
0.961780387
0.961284921
0.941971559
0.960319404
0.961826585
0.919747271
0.961463670
0.961473774
0.961440858
0.927514585
0.961757158
0.961780961
0.409924691
0.961662263
0.961563722
0.873635579
0.961417473
0.961736013
0.918791963
0.962060231
0.961699347
0.961827107
0.924511316
0.961516848
0.945903368
0.947895444
0.961473775
0.961637785
0.409774224
0.961869711
0.961595598
0.926942765
0.961546327
0.961400443
0.911779335
0.961457578
0.961661327
0.956485722
0.939978340
0.961547995
0.961886431
0.409703183
0.961504818
0.961656380
0.879395869
0.961395652
0.961584296
0.932359255
0.960150761
0.961561484
0.961371381
0.918238998
0.961419350
0.958430143
0.935887211
0.961624453
0.961335445
0.409935161
0.961429402
0.961989505
0.942727445
0.951754909
0.961376955
0.926129698
0.409809277
0.952926415
0.961649923
0.961715652
0.909223618
0.961548308
0.961756954
0.410053547
0.961470445
0.961601434
0.903367287
0.410048235
0.961379091
0.961550653
0.961489247
0.926805789
0.961516486
0.961789142
0.409824329
0.962105026
0.961428883
0.945304467
0.949136431
0.961618517
0.961319873
0.908817215
0.961376175
0.961856382
0.409968548
0.961630028
0.961255082
0.956125935
0.937911267
0.961958777
0.961414144
0.409899068
0.961499977
0.961460499
0.884508977
0.410131776
0.961444925
0.961351072
0.945582071
0.950302470
0.961751695
0.961431645
0.409663341
0.961726435
0.961599196
0.861469277
0.961372582
0.961611019
0.912018297
0.961832164
0.961278573
0.957155725
0.409716049
0.921408364
0.961490186
0.954865942
0.946355090
0.961519978
0.961292063
0.409793288
0.961296750
0.961421489
0.929611770
0.410082558
0.949384609
0.961715030
0.927674486
0.410122194
0.950704969
0.961603416
0.961650760
0.409695216
0.410107610
0.961692426
0.961395031
0.932324364
0.961641021
0.961905342
0.921646073
0.961349251
0.961702895
0.961800708
0.923814554
0.961543521
0.961532948
0.409701622
0.961451386
0.961465709
0.891892232
0.961384511
0.961318887
0.941837349
0.951481529
0.961760708
0.961470084
0.409861935
0.961203002
0.961913728
0.852041242
0.961533834
0.961522688
0.960183579
0.934371805
0.961253367
0.961505918
0.409890841
0.961708157
0.961666386
0.928925473
0.961995864
0.961494096
0.961449147
0.409869852
0.961656595
0.961610970
0.901009958
0.961582845
0.961465293
0.948152325
0.945581137
0.961525657
0.961518731
0.409990633
0.961534304
0.961568419
0.865572024
0.961586231
0.961795918
0.913059025
0.961502221
0.961540710
0.959547176
0.934447015
0.961236493
0.937218358
0.956500002
