0.970445217
0.933507553
0.410629341
0.963381183
0.962837019
0.891248087
0.410691423
0.962907383
0.962417020
0.925805969
0.962034938
0.962403738
0.941741373
0.410878141
0.963345870
0.962388790
0.899431230
0.410827620
0.410640069
0.410669079
0.410714705
0.962207280
0.962316342
0.913431486
0.410826787
0.962493841
0.963113943
0.875397056
0.962722069
0.962395456
0.904537927
0.410831214
0.410632464
0.962328841
0.962110144
0.922575251
0.410580954
0.410811630
0.410690381
0.410800016
0.961972072
0.962331393
0.928655121
0.962295612
0.962847952
0.948780301
0.410736578
0.410785797
0.962062851
0.962486548
0.898754929
0.410970952
0.410572100
0.410695693
0.410604287
0.962539203
0.962232902
0.907746558
0.962255298
0.962129830
0.876316008
0.962194413
0.962167693
0.899457842
0.410739494
0.410985848
0.962331808
0.962571963
0.925004458
0.962214777
0.963083679
0.889050539
0.410812723
0.962691962
0.962235714
0.913808356
0.410881889
0.410833400
0.962182016
0.962556493
0.933170986
0.963295917
0.962378733
0.900581951
0.410641577
0.962131806
0.962368786
0.926925229
0.962104046
0.962419618
0.950089251
0.961846859
0.961967536
0.903812301
0.962103161
0.962384617
0.925031070
0.410720223
0.571918948
0.962733470
0.962003629
0.698978333
0.410844493
0.410542932
0.410808347
0.959588483
0.962373211
0.962293211
0.944899479
0.962245346
0.962333940
0.924739247
0.963051697
0.951140391
0.960620613
0.962456908
0.962202690
0.941379492
0.962485917
0.962437116
0.410780430
0.962124982
0.962919040
0.835636897
0.962345345
0.962426907
0.869555406
0.410817461
0.962709978
0.962249251
0.895304104
0.410555378
0.963286382
0.962103887
0.864818498
0.962398000
0.962225970
0.887753874
0.410620586
0.410794231
0.410624024
0.962380188
0.962092011
0.861012470
0.914442567
0.961904564
0.962701540
0.410627305
0.410705221
0.410563086
0.962598467
0.962504926
0.895487800
0.410807095
0.962233416
0.963082215
0.866039533
0.962340915
0.962135812
0.893002184
0.410745793
0.962079093
0.962745706
0.913024656
0.410764803
0.963246328
0.962392061
0.882628059
0.962831694
0.962168781
0.905805466
0.410570951
0.410679283
0.410485586
0.410832408
0.962422008
0.962075760
0.861443925
0.410832876
0.913084238
0.962285654
0.962154613
0.410655428
0.410913240
0.410724438
0.410931208
0.410502773
0.410956938
0.962131436
0.962251695
0.841681192
0.410825219
0.410822251
0.931976140
0.962439819
0.962336174
0.410799699
0.410764334
0.919144421
0.962183987
0.962390601
0.410705429
0.411346624
0.410746626
0.410940948
0.962558985
0.962307685
0.912324343
0.410634855
0.411017354
0.410537356
0.410843553
0.962124716
0.961847426
0.931065205
0.963515908
0.962261173
0.893457961
0.410802146
0.410645897
0.962287527
0.962643619
0.906874625
0.962413776
0.962083257
0.875500117
0.410612720
0.411044488
0.410505377
0.410898604
0.921777794
0.962397266
0.962234246
0.410629750
0.411000113
0.410692250
0.962076694
0.962303308
0.850213499
0.410801260
0.410706678
0.410685427
0.410751468
0.952158661
0.962430547
0.961981746
0.410825688
0.962304453
0.962684399
0.869050141
0.963103251
0.962168256
0.836719178
0.410640740
0.939704023
0.962152735
0.962580128
0.410647823
0.410854384
0.410851416
0.410835114
0.940466728
0.963127001
0.926618555
0.410547979
0.962331067
0.962569190
0.940490633
0.962602159
0.962043307
0.951578974
0.961808360
0.963159708
0.905774003
0.410679750
0.962358358
0.962215649
0.932489779
0.410554229
0.962174348
0.962484450
0.951572359
0.959922950
0.962321899
0.909189613
0.410593083
0.411028966
0.962042525
0.962431274
0.941707138
0.410859020
0.962402263
0.962406534
0.899792776
0.410813290
0.410841207
0.410685113
0.410856050
0.962120649
0.962006482
0.911253927
0.410782301
0.962341169
0.962037055
0.942855050
0.410861623
0.962322054
0.962575803
0.903470781
0.410796259
0.410575947
0.962645490
0.962194189
0.931259262
0.410766572
0.962429397
0.961924555
0.895531073
0.962207627
0.962258095
0.921907165
0.410776571
0.410649020
0.410822196
0.962418199
0.962619448
0.948312058
0.410862717
0.963260331
0.962356532
0.903799060
0.410596259
0.410778342
0.410548864
0.411856514
0.410605790
0.410771675
0.970643060
0.962214553
0.892829833
0.963317569
0.962908508
0.860781785
0.410948810
0.962423771
0.962451531
0.946174877
0.958272746
0.963216840
0.962131793
0.410919278
0.411223131
0.410758914
0.410781623
0.962645801
0.962099345
0.948867471
0.410603758
0.410852977
0.956502387
0.962137730
0.962546582
0.410620217
0.410892664
0.411134329
0.410961310
0.410665842
0.962539447
0.962236114
0.958323317
0.410504540
0.410805945
0.410717091
0.951347304
0.962928767
0.962351634
0.410919070
0.411404536
0.410771987
0.410708341
0.933608417
0.962494862
0.962591529
0.410492717
0.410829903
0.410565008
0.410824227
0.939371362
0.962499810
0.961963250
0.411106725
0.410758133
0.920561178
0.961963823
0.962412259
0.410691623
0.410583602
0.410714226
0.411062611
0.410629956
0.410778966
0.918967121
0.962362102
0.946345083
0.410736935
0.959220865
0.962081895
0.962324862
0.410874798
0.938009023
0.962405591
0.962189134
0.925014700
0.962547674
0.942758223
0.410542143
0.410973652
0.962111322
0.962556789
0.949020802
0.961341637
0.962326529
0.962376581
0.410713340
0.948112627
0.962429862
0.920967685
0.410926100
0.962401372
0.962257570
0.945437742
0.962508038
0.962406892
0.959204926
0.953067086
0.962000175
0.919375868
0.410713288
0.410840527
0.962995067
0.962727047
0.939845994
0.410523237
0.411118912
0.410582559
0.411003026
0.410747715
0.963396836
0.962559860
0.898569754
0.962518714
0.962188299
0.918721235
0.962285330
0.962542516
0.945478367
0.410740058
0.410955995
0.410919693
0.410753756
0.585092948
0.962438714
0.970614045
0.674918574
0.410934954
0.410801569
0.962632203
0.962375642
0.959516174
0.410689017
0.945334981
0.962475797
0.924252149
0.962472307
0.962112413
0.945800708
0.410487299
0.410900735
0.962425797
0.962312047
0.951619174
0.960256848
0.962382307
0.912663289
0.410789277
0.410630840
0.962180902
0.962376109
0.934448462
0.962053871
0.962046215
0.896889239
0.410568444
0.962255172
0.962482411
0.933998828
0.962452046
0.962365693
0.948387572
0.961536008
0.962157464
0.907445081
0.410676881
0.860831884
0.962591837
0.962428556
0.413036976
0.953272500
0.962646576
0.962122047
0.410955005
0.410703600
0.930390509
0.961845329
0.938234279
0.410769016
0.962145016
0.962472827
0.958745498
0.410787088
0.950238657
0.962286890
0.962345015
0.411357815
0.940957132
0.962403087
0.961988609
0.925648027
0.962315900
0.962589493
0.410800839
0.962177723
0.962031787
0.845687673
0.410835995
0.410792766
0.962428243
0.962142151
0.938588391
0.410677141
0.962846627
0.962269025
0.956745558
0.410755735
0.949150953
0.962260848
0.921291326
0.410725317
0.962488659
0.962083556
0.953127447
0.410882192
0.960420490
0.962318972
0.962459961
0.411199274
0.943993629
0.962297358
0.962475846
0.410654901
0.410860890
0.921489553
0.962138399
0.962374232
0.410862818
0.410931306
0.410775786
0.963074333
0.962261368
0.837482446
0.410613912
0.929341605
0.962231888
0.962364336
0.410778078
0.410796359
0.410911618
0.962176211
0.962589595
0.844643978
0.410786776
0.931972844
0.962310794
0.962434126
0.410784692
0.962187826
0.962309179
0.899088342
0.410771411
0.410887400
0.963030322
0.962351315
0.862542135
0.962459856
0.962056628
0.891435924
0.410763546
0.410646672
0.410880577
0.962288450
0.962277356
0.851678169
0.923699023
0.961994076
0.962527043
0.410509641
0.410651359
0.410646307
0.410849327
0.922734807
0.962357483
0.962326486
0.410768343
0.411153601
0.962368931
0.962412732
0.896120708
0.410739538
0.962681946
0.962152363
0.932880323
0.410760473
0.962335015
0.962124598
0.898227359
0.410602608
0.962207615
0.962325581
0.922109671
0.410530106
0.410804792
0.962234536
0.962228962
0.945862921
0.410555676
0.956725852
0.962224218
0.906802889
0.410745674
0.410707340
0.410796454
0.962374994
0.962047597
0.924505846
0.962542749
0.962253426
0.885482429
0.962025299
0.962577171
0.909801043
0.962629563
0.961974564
0.935352725
0.962065759
0.962522319
0.897654617
0.410736810
0.410719049
0.962349087
0.962286846
0.920064225
0.962535541
0.962939964
0.942115814
0.410778785
0.410822587
0.962606473
0.963339958
0.895472683
0.410725658
0.962386625
0.962607352
0.914283241
0.410912791
0.410745396
0.962355578
0.962355576
0.927429130
0.411118256
0.410866590
0.410595549
0.410895028
0.962181614
0.970784344
0.908323564
0.410767422
0.410781536
0.410799296
0.410653723
0.962525669
0.962340877
0.853547075
0.410774034
0.924136367
0.962406341
0.962223580
0.410790647
0.962029204
0.962139306
0.907900321
0.410680124
0.410891112
0.962255761
0.963481380
0.869674248
0.410768195
0.411353037
0.962288620
0.962397213
0.879899782
0.410872255
0.962372834
0.962342104
0.909340147
0.411327877
0.962597100
0.962081424
0.931695379
0.410678450
0.961891629
0.962343867
0.948960891
0.960513141
0.962204697
0.905660044
0.410730061
0.962542245
0.962247193
0.923482375
0.410825893
0.410772403
0.962235315
0.962171667
0.942215067
0.962348227
0.963222859
0.901023017
0.410601462
0.410698129
0.410660784
0.410869742
0.898375992
0.962636553
0.962449885
0.410643543
0.410692084
0.962473529
0.963121338
0.873468832
0.410796197
0.410518698
0.410700676
0.410794113
0.410808488
0.410465415
0.410747758
0.795930864
0.962385605
0.962129614
0.472205879
0.410838745
0.962165081
0.962675442
0.849638121
0.926172441
0.962279972
0.962349086
0.410731191
0.410784940
0.962445385
0.962441009
0.893395204
0.963282045
0.962411162
0.858229020
0.653095976
0.962307826
0.962361887
0.614096838
0.410835560
0.962357666
0.962269905
0.855121993
0.920281350
0.962389172
0.962228078
0.410659464
0.962585158
0.962269533
0.902894738
0.410793837
0.410695765
0.411044148
0.410627692
0.963189369
0.962401246
0.856290624
0.961861454
0.962476139
0.944862866
0.410786177
0.410954927
0.410563469
0.410946281
0.962243688
0.962413843
0.896257613
0.410818207
0.962423631
0.962255923
0.919138364
0.410651175
0.410940132
0.962286024
0.962234252
0.935856947
0.410733256
0.963435860
0.962082374
0.891738243
0.410719765
0.410939712
0.962474140
0.962651587
0.911741868
0.962493617
0.962175909
0.886260808
0.410716012
0.410660751
0.962296426
0.962037207
0.880433429
0.410849343
0.410720177
0.962464494
0.962170536
0.907038905
0.410577468
0.410961424
0.963371050
0.962249282
0.871584495
0.410555018
0.962264696
0.962318653
0.895352169
0.962393026
0.962133860
0.922104000
0.411191263
0.411001003
0.962602397
0.962245990
0.939002218
0.962279582
0.962640049
0.958339491
0.953170809
0.962391402
0.917731714
0.962344577
0.962032025
0.935008317
0.410578135
0.410796051
0.962545197
0.962043948
0.955778136
0.956652195
0.963180920
0.914836872
0.410823028
0.410887922
0.962538159
0.962186233
0.935026692
0.410699120
0.962084669
0.962283573
0.953208083
0.960505609
0.962317216
0.901930867
0.410698648
0.962128568
0.962098828
0.929918525
0.410745314
0.410799740
0.962142836
0.962450126
0.883995664
0.410658750
0.410733906
0.962026427
0.962292831
0.905483918
0.410848331
0.962204288
0.962348089
0.931474552
0.410745779
0.410607132
0.410648070
0.411258120
0.411215672
0.410577913
0.410830100
0.969957901
0.962243500
0.918851362
0.410784318
0.410717911
0.411151608
0.410572599
0.962193237
0.962331933
0.875632242
0.962552555
0.962387087
0.901988499
0.410554420
0.410790877
0.410673377
0.410692596
0.962226198
0.961950417
0.927846997
0.962257915
0.962909839
0.889463799
0.410942905
0.962102704
0.962459265
0.913866261
0.962693585
0.962032336
0.936627271
0.410698164
0.410912122
0.963345611
0.962428321
0.894517991
0.410745194
0.962581288
0.962289673
0.925957928
0.410684985
0.410716860
0.410678057
0.410719880
0.962128369
0.962322846
0.867497196
0.410808472
0.410843055
0.962224355
0.962309094
0.900300357
0.410976543
0.962243987
0.962308987
0.926382656
0.410659408
0.410626127
0.962443202
0.962252890
0.943426603
0.962452158
0.962407158
0.954181561
0.410699197
0.959220762
0.963100278
0.907517561
0.410982528
0.962387778
0.962185955
0.927817224
0.962486370
0.962372880
0.947505224
0.962003453
0.962987927
0.902392624
0.410827526
0.410880337
0.410644140
0.410944608
0.962159334
0.962317613
0.914140234
0.410613046
0.962671569
0.962004800
0.881645455
0.410753565
0.962423546
0.962370525
