0.521866914
0.522074258
0.522033738
0.521933323
0.521880980
0.522129000
0.521791815
0.522144574
0.522230512
0.522047493
0.522032493
0.521972911
0.521917026
0.522110724
0.521991247
0.522007028
0.521886874
0.522019998
0.522306091
0.521906719
0.521966251
0.522296041
0.521929429
0.521966409
0.522021774
0.522008962
0.521963233
0.522122088
0.522000526
0.522059017
0.522068861
0.521971518
0.521872040
0.521996624
0.521998238
0.522009073
0.522035010
0.521964178
0.521996678
0.521949492
0.522306835
0.521895587
0.521896786
0.521913401
0.521994339
0.522030017
0.522033663
0.521948924
0.522037779
0.521794499
0.522139811
0.521979135
0.521935281
0.522081844
0.521818045
0.521893253
0.522001847
0.522095441
0.522026691
0.521770964
0.521996328
0.521987579
0.522129870
0.522497630
0.522020186
0.521962165
0.522193050
0.521862792
0.522285916
0.522089354
0.522002793
0.521948055
0.522239616
0.522346334
0.522130451
0.522113942
0.522434774
0.522030297
0.522267380
0.522124465
0.521967696
0.522401964
0.522029311
0.521933426
0.522039208
0.521978845
0.522183844
0.521868950
0.521917231
0.522230929
0.522066399
0.522013223
0.522117025
0.522058901
0.521980517
0.521915882
0.522023330
0.522132705
0.521932707
0.522078331
0.521854843
0.521974896
0.522202603
0.521965990
0.522021147
0.522075522
0.522087294
0.521883285
0.521865890
0.522179431
0.522017557
0.522055423
0.522075787
0.521880216
0.522080580
0.521885998
0.521899332
0.522140061
0.522018343
0.522046000
0.521873189
0.521912981
0.521981471
0.521867200
0.522091888
0.521974598
0.522078451
0.521826943
0.521944130
0.522114703
0.522080277
0.521958819
0.521993351
0.521743249
0.522008197
0.522080905
0.522021687
0.522050073
0.522001168
0.522084865
0.522117782
0.522023253
0.522070024
0.521757265
0.522171222
0.522098150
0.521950235
0.522001433
0.521887528
0.521813571
0.522058154
0.522091904
0.522019353
0.521784250
0.521940083
0.521991073
0.521863730
0.522164354
0.521972533
0.521825503
0.521896649
0.521912483
0.522014826
0.521959255
0.522005870
0.521890037
0.521825142
0.522078111
0.522024830
0.521833425
0.522060925
0.521966759
0.522012020
0.521951500
0.521911969
0.521939522
0.521928376
0.522084314
0.521941972
0.521891555
0.522237440
0.521917911
0.521860307
0.522048432
0.521985776
0.521998121
0.521954736
0.521893799
0.522069685
0.522047549
0.522230154
0.521983750
0.521928229
0.522161354
0.521968803
0.522174427
0.521999533
0.521893544
0.522066461
0.521785317
0.522007712
0.521920422
0.521929120
0.522106932
0.521879017
0.522044329
0.522196256
0.521855894
0.522156727
0.522108654
0.521879332
0.521917666
0.521852042
0.522020584
0.522167094
0.521855273
0.522161522
0.521869806
0.522024440
0.521950118
0.521908504
0.522084442
0.522092984
0.522016787
0.522008715
0.522062829
0.522107308
0.521791269
0.522007935
0.522085332
0.521874343
0.521988145
0.522060072
0.521998198
0.522041636
0.521982262
0.522053721
0.521802524
0.521958410
0.521974035
0.521899140
0.522215962
0.522042682
0.521893673
0.521911017
0.521943049
0.522094871
0.521873727
0.522075290
0.521945186
0.521867895
0.522205082
0.522067634
0.521921959
0.522067324
0.521800450
0.521911491
0.521951179
0.521970086
0.522045868
0.521900712
0.522047170
0.522128057
0.521986703
0.522233994
0.521799986
0.521856601
0.521929935
0.521954206
0.522012227
0.522048790
0.522034102
0.521957072
0.521871240
0.522205405
0.521865356
0.521934939
0.522072647
0.521906503
0.522105304
0.522042857
0.521887181
0.521913379
0.521755672
0.522197597
0.521871715
0.521849215
0.522076558
0.522011560
0.522032549
0.522088278
0.521838801
0.522094164
0.521793594
0.522215051
0.521982917
0.521865366
0.522239739
0.521797763
0.521931513
0.522155418
0.521882243
0.522033023
0.521914639
0.521868703
0.521903182
0.522010942
0.522031724
0.522003131
0.521862039
0.522361255
0.521810061
0.522018185
0.521960581
0.521978967
0.521987874
0.522096103
0.522006365
0.522052875
0.521881887
0.521937303
0.521839492
0.522065169
0.522106680
0.521884806
0.521951681
0.521961681
0.522036629
0.522018713
0.521939807
0.522134182
0.521718299
0.521878611
0.521963872
0.521904914
0.522130538
0.522083039
0.521852260
0.522038822
0.522112676
0.522056948
0.521768408
0.522073823
0.521977418
0.521886117
0.522015908
0.521990493
0.521882003
0.522009920
0.521990025
0.522055337
0.521974714
0.521980964
0.522028360
0.521932163
0.522038048
0.522014351
0.522017997
0.522125862
0.521739770
0.522231175
0.521957739
0.521927010
0.522095030
0.521813678
0.522149979
0.521959251
0.522008991
0.522203782
0.521752066
0.521997326
0.522038524
0.521907067
0.522064306
0.521842380
0.522031808
0.522074359
0.521873996
0.522195193
0.521914778
0.521890872
0.522061601
0.521820301
0.522007852
0.522014884
0.521853530
0.521973322
0.521891500
0.522091083
0.521944157
0.521848013
0.522091292
0.521965564
0.521904576
0.522067596
0.521826921
0.522088378
0.521787547
0.522016088
0.522180671
0.521955516
0.522126609
0.521829684
0.521881350
0.522183694
0.522096976
0.522146715
0.522135414
0.521962811
0.521953645
0.522010468
0.522000520
0.521963490
0.521989480
0.522238228
0.521771096
0.522107189
0.522182866
0.521942138
0.521923909
0.521991566
0.522043181
0.522131931
0.521894328
0.521925058
0.521932349
0.522122349
0.522150058
0.521886362
0.521966257
0.521929227
0.521853498
0.522058289
0.521976415
0.522071676
0.521990269
0.521955375
0.522081833
0.522025167
0.522014282
0.521962720
0.521992616
0.521958815
0.522033345
0.522087356
0.521967618
0.522069701
0.522044753
0.521999598
0.521967724
0.522080796
0.521908193
0.522012308
0.521992568
0.522321474
0.521963090
0.522078246
0.521960488
0.521900487
0.522238455
0.522038196
0.521833406
0.522009655
0.521828302
0.521966688
0.521936220
0.522071167
0.522025959
0.521862002
0.521972002
0.522074137
0.521846847
0.522126794
0.521919556
0.521995077
0.521935702
0.521916536
0.522005129
0.522031380
0.521978100
0.522154245
0.521781122
0.522298255
0.522024091
0.521941643
0.521995654
0.521930811
0.522017634
0.522085186
0.521833938
0.522038051
0.521893574
0.522047114
0.521993105
0.521866856
0.522085553
0.521979772
0.521853263
0.522101387
0.521841441
0.522045503
0.521918942
0.521908942
0.521931963
0.522026963
0.522257327
0.522003214
0.521799517
0.522088527
0.521923684
0.522044777
0.522036028
0.521898113
0.521957644
0.521967540
0.522051550
0.522097748
0.521855822
0.522061916
0.521745460
0.521846032
0.522114885
0.522012230
0.521984523
0.522148376
0.521879420
0.521933951
0.522003482
0.521998170
0.521878744
0.521833692
0.521941088
0.521822286
0.522027442
0.522153588
0.521915724
0.522000048
0.521929111
0.522106194
0.521875987
0.521997913
0.522001560
0.521805624
0.522046247
0.521982342
0.521875052
0.522049269
0.521970624
0.521875938
0.522040156
0.522145052
0.521956616
0.521840314
0.521987554
0.521991096
0.521864482
0.522093075
0.522011149
0.521980264
0.521996045
0.522117347
0.522001567
0.521840838
0.521989589
0.521940527
0.521872715
0.522153599
0.521964850
0.521939434
0.522476828
0.521849488
0.522131101
0.521976675
0.521984018
0.521965946
0.521987248
0.522254852
0.521999593
0.521893136
0.522134177
0.521858241
0.521948240
0.522078344
0.521891731
0.522071626
0.521913034
0.522018867
0.522000846
0.522008816
0.522355898
0.521840900
0.521859599
0.522112722
0.521931161
0.522175535
0.522156526
0.521942516
0.522099182
0.521953090
0.522291891
0.522088454
0.521959497
0.522152935
0.521919706
0.521997362
0.522068352
0.521988613
0.521927000
0.521925020
0.522016635
0.521933094
0.521858563
0.522202468
0.521769189
0.521920126
0.522207678
0.521846430
0.522006898
0.521992472
0.521938305
0.522132472
0.522179763
0.522062889
0.521874505
0.521937109
0.522089713
0.521974558
0.522005599
0.522090964
0.521880808
0.521964766
0.521980913
0.522075340
0.521949404
0.521905289
0.522005706
0.521907946
0.522021644
0.522108206
0.521883364
0.522025863
0.522131957
0.522185291
0.521966385
0.522172271
0.522021230
0.521880084
0.521863366
0.522080397
0.521957846
0.522089825
0.521966909
0.521893316
0.522001388
0.522062379
0.522054566
0.521870556
0.522053004
0.522023317
0.521993578
0.522085974
0.521977069
0.521960819
0.521916444
0.521972694
0.522065767
0.522038997
0.522075715
0.521998528
0.521789832
0.522150143
0.521974102
0.521977748
0.522007593
0.521918114
0.522108114
0.521918792
0.521964364
0.522054261
0.521809366
0.521928533
0.521979210
0.521929574
0.522120616
0.521960982
0.521947232
0.522283481
0.522019784
0.522155826
0.521860098
0.521972389
0.521937702
0.521953380
0.522186504
0.522016870
0.521910203
0.522193120
0.521770830
0.522092704
0.521941351
0.521933694
0.522007445
0.521991611
0.522214423
0.521956143
0.522147393
0.522241611
0.521839427
0.522145363
0.522059373
0.522038489
0.521991301
0.521895834
0.521904011
0.522216302
0.522112344
0.522185313
0.521798023
0.521977398
0.522079377
0.522013700
0.522019586
0.522306460
0.521899848
0.521909899
0.521885369
0.522034743
0.522032191
0.521893911
0.522151150
0.521867036
0.522139068
0.522082558
0.522096255
0.522051151
0.521824694
0.522291464
0.521957039
0.522022194
0.522111569
0.521880477
0.521852353
0.522087039
0.521956050
0.522077613
0.521934124
0.521949072
0.522045478
0.522018656
0.521993395
0.521900480
0.521922407
0.522050480
0.521924960
0.522042303
0.521996054
0.521890794
0.521992773
0.522012304
0.522015221
0.522063242
0.522012930
0.522023451
0.521811474
0.522343971
0.521952724
0.521867985
0.521995692
0.522039286
0.522095380
0.521964703
0.521999652
0.522088766
0.521836008
0.522271005
0.521920122
0.521873351
0.522063194
0.521851165
0.521913352
0.522113664
0.521996373
0.522031113
0.521727573
0.521994447
0.521960697
0.522181217
0.522192780
0.522027000
0.521912156
0.522165177
0.521868408
0.522104397
0.521915335
0.522139136
0.521956533
0.521856742
0.522176794
0.522045804
0.522064347
0.522214763
0.521987316
0.522119503
0.522031483
0.521910078
0.521985390
0.521877058
0.521921693
0.521995599
0.521908412
0.522149818
0.521900444
0.522108516
0.522112995
0.521915913
0.522067058
0.522000236
0.521871748
0.522119143
0.522068206
0.522127268
0.521940602
0.521951748
0.522092738
0.521866228
0.522091436
0.522106957
0.521913521
0.522172166
0.521919980
0.522095916
0.521964407
0.521950084
0.521905345
0.521907846
0.521864304
0.522233626
0.521891179
0.522132533
0.521916909
0.521869253
0.521899722
0.521993576
0.522111389
0.521813682
0.521887640
0.522094515
0.521944047
0.522025036
0.522089619
0.522019620
0.521924308
0.521920506
0.522067485
0.522024099
0.522243995
0.522028058
0.521800507
0.522007069
0.521977434
0.521864154
0.521915873
0.521991810
0.522078425
0.522072279
0.522041498
0.522157592
0.521783218
0.521978114
0.521934364
0.521868114
0.521993375
0.521825407
0.521934313
0.521997803
0.522345354
0.522034991
0.521802961
0.522257490
0.522115615
0.521933430
0.522055564
0.522284782
0.521951815
0.522187179
0.521711348
0.522032805
0.521959837
0.522054264
0.521987129
0.521925098
0.522131764
0.521988536
0.521934683
0.522053224
0.521788798
0.522151244
0.521983016
0.521973850
0.521983381
0.522051559
0.521988069
0.522266715
0.521952237
0.522210933
0.521801821
0.521897654
0.522120414
0.521979634
0.522251039
0.521959374
0.521854322
0.521993592
0.521880989
0.522174478
0.521813230
0.521953958
0.522066406
0.522091562
0.522179948
0.522085312
0.521916564
0.522025938
0.522101303
0.522076460
0.521952190
0.521894222
0.522155419
0.521869430
0.521995524
0.522357501
0.522078649
0.521982660
0.522048024
0.521882140
0.521920317
0.522183389
0.521957921
0.521806568
0.521913911
0.522122088
0.521837245
0.522102714
0.521866048
0.521909798
0.521959799
0.522068339
0.521926881
0.521977767
0.521932819
0.522041830
0.521785217
0.522098237
0.522122403
0.522014123
0.522033133
0.521982456
0.522055478
0.522006519
0.521980582
0.521944489
0.521816938
0.522250373
0.522116625
0.521979593
0.522035167
0.521996730
0.521968813
0.522013396
0.521970116
0.522031365
0.521925585
0.522059179
0.521935794
0.521957096
0.522108137
0.521919336
0.521867149
0.522014545
0.522081941
0.522097617
0.522000275
0.522034284
0.521972463
0.521995900
0.522138608
0.521976786
0.521861578
0.522232358
0.521760590
0.522122307
0.521990641
0.522039443
0.522009391
0.521811058
0.521975382
0.522036996
0.521899913
0.522166319
0.521820799
