0.574486002
0.574497877
0.574640949
0.574872824
0.574660845
0.574547252
0.574533294
0.574490482
0.574968917
0.574665793
0.574667252
0.574548346
0.574721731
0.574536523
0.574634387
0.574533762
0.574787877
0.574527461
0.574643762
0.574714387
0.574617877
0.574526731
0.574574804
0.574541940
0.574759335
0.574542097
0.574581211
0.574555274
0.574590325
0.574592825
0.574600325
0.574692199
0.574667512
0.574475378
0.574629231
0.574443711
0.574615898
0.574470170
0.574563346
0.574574439
0.574717877
0.574540221
0.574639387
0.574536627
0.574613867
0.574510586
0.574631784
0.574528242
0.574785012
0.574654075
0.574565221
0.574451888
0.574745689
0.574469961
0.574647304
0.574528711
0.574609857
0.574555899
0.574689075
0.574428191
0.574561836
0.574487253
0.574486680
0.574656002
0.574821991
0.574634492
0.574662513
0.574620898
0.574606472
0.574515222
0.574818137
0.574507617
0.574868866
0.574613554
0.574559700
0.574611315
0.574756002
0.574583503
0.574631732
0.574620482
0.574673294
0.574528086
0.574716367
0.574424441
0.574649857
0.574517357
0.574632044
0.574560378
0.574693815
0.574396628
0.574564023
0.574625065
0.574607462
0.574645899
0.574581420
0.574474753
0.574688555
0.574689596
0.574606576
0.574635794
0.574552565
0.574466941
0.574601003
0.574694076
0.574686940
0.574536681
0.574656680
0.574516055
0.574623919
0.574598763
0.574556316
0.574514545
0.574699023
0.574529128
0.574648190
0.574587461
0.574591889
0.574634284
0.574584649
0.574495847
0.574898085
0.574527722
0.574603399
0.574622983
0.574671732
0.574503608
0.574602045
0.574643607
0.574623555
0.574676524
0.574770481
0.574378243
0.574605378
0.574682252
0.574702669
0.574666680
0.574870690
0.574514701
0.574756784
0.574556888
0.574629441
0.574699180
0.574594284
0.574471265
0.574705170
0.574647670
0.574639701
0.574591264
0.574643607
0.574500952
0.574624806
0.574793869
0.574621203
0.574706653
0.574594258
0.574421601
0.574618737
0.574815923
0.574635350
0.574712329
0.574651859
0.574474203
0.574664307
0.574523161
0.574525191
0.574646909
0.574648420
0.574505399
0.574654981
0.574524565
0.574578887
0.574716178
0.574748208
0.574431907
0.574497167
0.574549458
0.574630082
0.574582634
0.574688883
0.574516175
0.574539300
0.574536852
0.574695601
0.574561330
0.574900652
0.574463621
0.574451485
0.574507996
0.574531172
0.574632734
0.574488359
0.574516640
0.574817784
0.574574399
0.574549399
0.574561482
0.574487211
0.574454711
0.574530700
0.574518876
0.574520751
0.574555074
0.574622521
0.574412781
0.574539916
0.574560905
0.574552884
0.574552832
0.574695643
0.574859080
0.574541425
0.574526164
0.574517049
0.574560642
0.574680954
0.574460329
0.574856890
0.574557984
0.574686786
0.574592567
0.574596004
0.574389546
0.574616368
0.574615743
0.574690742
0.574633710
0.574680793
0.574393554
0.574508658
0.574496053
0.574479126
0.574577771
0.574648187
0.574480218
0.574542197
0.574487561
0.574567300
0.574431155
0.574500216
0.574454175
0.574728080
0.574574642
0.574515632
0.574550007
0.574685631
0.574717766
0.574589432
0.574603651
0.574664796
0.574519692
0.574755004
0.574579171
0.574531513
0.574610367
0.574569950
0.574476357
0.574624741
0.574497293
0.574716563
0.574676771
0.574629531
0.574461250
0.574605312
0.574560469
0.574548333
0.574524634
0.574551040
0.574535676
0.574680675
0.574739528
0.574683226
0.574644475
0.574696662
0.574460204
0.574672391
0.574689891
0.574489995
0.574552443
0.574697234
0.574538640
0.574660827
0.574731503
0.574632076
0.574567806
0.574758742
0.574514628
0.574730825
0.574668949
0.574720668
0.574555251
0.574616084
0.574472126
0.574612802
0.574668843
0.574631499
0.574535874
0.574675353
0.574467957
0.574566342
0.574590665
0.574580144
0.574553893
0.574512799
0.574479726
0.574662016
0.574654985
0.574554568
0.574563162
0.574614411
0.574443995
0.574711807
0.574629514
0.574625139
0.574653628
0.574620556
0.574560451
0.574588784
0.574495294
0.574568159
0.574622168
0.574795241
0.574426440
0.574650761
0.574687427
0.574618521
0.574541802
0.574637114
0.574491229
0.574904821
0.574629405
0.574704196
0.574553624
0.574649195
0.574842371
0.574590237
0.574594559
0.574729506
0.574687944
0.574612528
0.574333986
0.574759401
0.574720963
0.574686640
0.574624453
0.574723150
0.574498359
0.574573670
0.574769920
0.574675701
0.574567264
0.574705700
0.574482523
0.574732262
0.574529606
0.574607522
0.574512782
0.574665438
0.574545438
0.574594917
0.574593875
0.574745124
0.574590228
0.574641738
0.574441114
0.574642311
0.574511946
0.574579498
0.574559706
0.574706111
0.574561112
0.574721736
0.574653559
0.574963922
0.574599496
0.574644756
0.574500017
0.574722359
0.574695953
0.574718244
0.574573192
0.574763556
0.574505223
0.574659233
0.574581524
0.574908502
0.574537305
0.574659856
0.574519648
0.574652304
0.574599543
0.574577877
0.574589074
0.574763187
0.574550115
0.574549438
0.574564177
0.574914748
0.574533395
0.574748394
0.574548760
0.574703707
0.574720268
0.574675946
0.574373654
0.574536570
0.574435477
0.574625788
0.574601830
0.574825162
0.574467767
0.574727350
0.574447923
0.574576568
0.574620109
0.574579224
0.574499015
0.574759795
0.574582505
0.574684586
0.574555212
0.574597190
0.574445004
0.574648232
0.574471618
0.574693075
0.574631668
0.574593074
0.574514116
0.574596616
0.574483907
0.574599688
0.574590208
0.574654271
0.574497917
0.574653489
0.574578541
0.574510989
0.574532812
0.574559686
0.574488332
0.574642341
0.574589373
0.574660674
0.574744580
0.574562340
0.574467861
0.574613121
0.574541350
0.574715568
0.574599787
0.574814734
0.574410829
0.574581037
0.574544526
0.574659264
0.574764004
0.574840201
0.574449317
0.574623639
0.574605254
0.574585149
0.574546294
0.574624523
0.574594888
0.574851865
0.574548481
0.574543325
0.574543064
0.574655199
0.574510511
0.574758271
0.574666083
0.574840978
0.574772697
0.574786082
0.574370666
0.574705196
0.574582488
0.574521447
0.574808528
0.574745247
0.574494311
0.574663060
0.574558268
0.574566913
0.574592069
0.574590038
0.574432277
0.574801130
0.574594412
0.574582068
0.574649046
0.574661912
0.574455714
0.574663265
0.574563838
0.574885034
0.574545140
0.574731232
0.574821700
0.574720138
0.574628732
0.574530972
0.574570763
0.574670502
0.574690971
0.574756283
0.574511231
0.574723678
0.574575657
0.574576074
0.574742219
0.574695188
0.574780186
0.574570343
0.574636385
0.574630290
0.574496854
0.574679926
0.574603103
0.574618987
0.574681592
0.574800914
0.574713934
0.574732945
0.574571226
0.574700757
0.574628569
0.574693777
0.574604559
0.574668725
0.574676120
0.574663724
0.574601329
0.574624557
0.574365496
0.574819399
0.574599296
0.574611796
0.574610650
0.574690702
0.574502942
0.574675858
0.574727263
0.574717888
0.574513461
0.574644398
0.574490492
0.574627835
0.574485544
0.574618460
0.574511533
0.574922677
0.574528616
0.574621688
0.574566168
0.574563927
0.574425334
0.574601999
0.574509188
0.574667520
0.574711374
0.574554395
0.574414343
0.574587623
0.574558925
0.574602571
0.574678664
0.574687154
0.574451321
0.574583664
0.574459445
0.574575955
0.574672621
0.574592308
0.574468402
0.574574131
0.574386892
0.574505381
0.574632047
0.574556266
0.574587567
0.574749286
0.574620327
0.574642411
0.574596577
0.574533973
0.574490639
0.574672357
0.574422046
0.574595586
0.574546368
0.574696211
0.574527617
0.574634127
0.574444648
0.574597616
0.574587043
0.574653032
0.574587928
0.574623344
0.574463657
0.574597354
0.574610375
0.574534438
0.574450844
0.574678187
0.574437094
0.574566989
0.574495322
0.574562822
0.574518863
0.574574124
0.574502561
0.574541415
0.574541415
0.574646623
0.574404695
0.574531935
0.574411571
0.574528914
0.574659069
0.574514017
0.574588601
0.574831047
0.574755630
0.574593756
0.574777505
0.574787192
0.574629796
0.574892243
0.574629484
0.574742868
0.574789066
0.574585785
0.574511515
0.574631357
0.574526358
0.574594066
0.574679638
0.574767918
0.574621409
0.574539429
0.574723961
0.574614064
0.574515836
0.574696460
0.574523596
0.574726355
0.574545261
0.574610573
0.574489011
0.574527345
0.574529688
0.574721458
0.574597812
0.574630781
0.574496458
0.574693697
0.574566145
0.574659009
0.574462499
0.574667081
0.574698696
0.574905153
0.574461249
0.574580571
0.574552445
0.574535935
0.574555413
0.574623903
0.574429425
0.574738225
0.574651194
0.574575778
0.574578173
0.574937911
0.574595724
0.574688432
0.574693953
0.574792025
0.574636453
0.574782702
0.574783483
0.574768326
0.574518692
0.574665774
0.574868899
0.574781764
0.574752076
0.574769316
0.574568066
0.574756138
0.574682076
0.574732648
0.574649679
0.574866345
0.574644939
0.574806709
0.574665304
0.574636709
0.574579158
0.574892229
0.574586970
0.574764625
0.574848843
0.574558844
0.574631343
0.574689468
0.574547021
0.574654312
0.574770561
0.574659832
0.574669468
0.574850508
0.574568894
0.574680040
0.574685508
0.574576863
0.574724831
0.574981496
0.574711601
0.574772330
0.574758215
0.574656496
0.574754881
0.574832485
0.574503059
0.574705245
0.574784933
0.574680454
0.574817277
0.574785505
0.574580454
0.574702692
0.574796286
0.574800765
0.574593005
0.574933264
0.574602015
0.574708785
0.574709150
0.574730243
0.574677535
0.574952273
0.574745191
0.574786024
0.574774461
0.574829356
0.574747429
0.574825606
0.574605294
0.574750190
0.574703939
0.574774408
0.574672845
0.574935813
0.574721283
0.574786803
0.574864146
0.574863104
0.574709667
0.574773416
0.574568573
0.574874613
0.574622636
0.574610135
0.574744197
0.574707374
0.574629301
0.574735811
0.574769769
0.574620134
0.574726644
0.574793050
0.574524822
0.574838935
0.574583206
0.574586331
0.574831278
0.574689664
0.574582790
0.574757527
0.574623518
0.574702475
0.574620392
0.574846485
0.574669090
0.574791068
0.574791902
0.574623777
0.574794349
0.574943255
0.574662318
0.574733515
0.574652266
0.574630131
0.574751431
0.574660234
0.574723150
0.574872576
0.574696379
0.574654817
0.574622316
0.574790701
0.574786691
0.574754712
0.574540441
0.574548097
0.574553930
0.574755908
0.574592368
0.574638878
0.574594554
0.574502680
0.574550544
0.574690647
0.574578356
0.574699449
0.574574085
0.574539345
0.574568772
0.574682105
0.574536637
0.574705750
0.574620386
0.574637209
0.574672937
0.574868822
0.574546843
0.574954811
0.574644812
0.574673458
0.574533250
0.574730697
0.574638509
0.574829446
0.574652884
0.574715540
0.574759758
0.574780122
0.574574029
0.574854601
0.574578716
0.574572727
0.574564081
0.574828037
0.574554445
0.574649445
0.574657882
0.574640538
0.574483663
0.574744704
0.574624080
0.574832568
0.574781630
0.574790849
0.574561944
0.574700276
0.574899286
0.574627829
0.574707151
0.574901993
0.574669130
0.574709285
0.574723452
0.574571369
0.574600327
0.574715222
0.574566890
0.574573660
0.574629545
0.574681264
0.574590795
0.574903606
0.574547254
0.574706367
0.574819960
0.574698294
0.574714023
0.574945585
0.574640169
0.574610012
0.574703605
0.574673918
0.574756522
0.574710584
0.574629439
0.574754334
0.574684595
0.574827511
0.574649959
0.574838916
0.574572720
0.574691208
0.574834384
0.574776728
0.574623656
0.574743499
0.574559125
0.574602042
0.574648863
0.574722249
0.574804071
0.574774227
0.574773238
0.574755373
0.574682508
0.574657300
0.574703237
0.574830632
0.574637872
0.574816517
0.574701310
0.574617873
0.574563498
0.574833288
0.574546518
0.574737038
0.574748913
0.574750111
0.574643496
0.574931412
0.574522767
0.574645007
0.574875682
0.574649485
0.574614173
0.574871151
0.574609381
0.574694276
0.574715370
0.574599068
0.574841046
0.574707713
0.574548078
0.574808181
0.574793025
0.574609536
0.574630629
0.574887451
0.574679952
0.574718025
0.574731878
0.574627451
0.574672295
0.574734274
0.574522399
0.574711721
0.574644847
0.574695992
0.574759794
0.574804273
0.574570003
0.574762502
0.574680575
0.574652554
0.574902813
0.574747918
0.574556512
0.574741147
0.574745834
0.574615730
0.574674480
0.574749584
0.574548490
0.574662344
0.574645157
0.574680781
0.574715937
0.574876353
0.574776302
0.574664479
0.574599114
0.574654322
0.574767343
0.575077237
0.574502813
0.574763905
0.574621509
0.574650103
0.574789946
0.574901300
0.574656144
0.574760988
0.574674738
0.574738123
0.574683956
0.574732705
0.574557550
0.574640779
0.574703383
0.574836403
0.574723538
0.574824735
0.574555153
0.574646455
0.574668538
0.574665674
0.574875256
