0.574278830
0.574699246
0.574498674
0.574415497
0.574423466
0.574431695
0.574501798
0.574498934
0.574496382
0.574520549
0.574549090
0.574400862
0.574304925
0.574330758
0.574589976
0.574344299
0.574436382
0.574564612
0.574636279
0.574466956
0.574523049
0.574425862
0.574400134
0.574559195
0.574448206
0.574543518
0.574424404
0.574369509
0.574483779
0.574519091
0.574427217
0.574345603
0.574472373
0.574506800
0.574292687
0.574439092
0.574398415
0.574261593
0.574335395
0.574293364
0.574364405
0.574571800
0.574347166
0.574390291
0.574543884
0.574387114
0.574426385
0.574417061
0.574431436
0.574534248
0.574466176
0.574320083
0.574309354
0.574455864
0.574376749
0.574416020
0.574484926
0.574491541
0.574397010
0.574486697
0.574381646
0.574446125
0.574527530
0.574355395
0.574393052
0.574471281
0.574473156
0.574242115
0.574518624
0.574341333
0.574421073
0.574466437
0.574480812
0.574500187
0.574302063
0.574317844
0.574308521
0.574343938
0.574297636
0.574373104
0.574529667
0.574297949
0.574570604
0.574385188
0.574408834
0.574510553
0.574598885
0.574479563
0.574480552
0.574382272
0.574653000
0.574530083
0.574658364
0.574400501
0.574529928
0.574468782
0.574552636
0.574603000
0.574527584
0.574609511
0.574511543
0.574438730
0.574532793
0.574497741
0.574537376
0.574588729
0.574432637
0.574412064
0.574310605
0.574554615
0.574522897
0.574486699
0.574566699
0.574474407
0.574362168
0.574467428
0.574550032
0.574337638
0.574468158
0.574451178
0.574404616
0.574627429
0.574592116
0.574402013
0.574423054
0.574484096
0.574371752
0.574446648
0.574554929
0.574415502
0.574419721
0.574444565
0.574245815
0.574469044
0.574659616
0.574556543
0.574423159
0.574496075
0.574344826
0.574518210
0.574675450
0.574245035
0.574426805
0.574449200
0.574424773
0.574453420
0.574498211
0.574141337
0.574423368
0.574621440
0.574324253
0.574400191
0.574486596
0.574336336
0.574450399
0.574635971
0.574470035
0.574495659
0.574627847
0.574441076
0.574720450
0.574760919
0.574366389
0.574482639
0.574595347
0.574399201
0.574576284
0.574501753
0.574392691
0.574397066
0.574484930
0.574187224
0.574463732
0.574527743
0.574372692
0.574537952
0.574404462
0.574394515
0.574568056
0.574431962
0.574334775
0.574382796
0.574483629
0.574393368
0.574638680
0.574459463
0.574283213
0.574468525
0.574416754
0.574190036
0.574488421
0.574439671
0.574515869
0.574693420
0.574411442
0.574328525
0.574438317
0.574377067
0.574339099
0.574640660
0.574608056
0.574446599
0.574647795
0.574510713
0.574509463
0.574591338
0.574549463
0.574320766
0.574605036
0.574540660
0.574284725
0.574576859
0.574414568
0.574299360
0.574661442
0.574361235
0.574403318
0.574653317
0.574367693
0.574308267
0.574736285
0.574323943
0.574503578
0.574507797
0.574532276
0.574410922
0.574519203
0.574312745
0.574337173
0.574576182
0.574418579
0.574413214
0.574732848
0.574608943
0.574398683
0.574512380
0.574499204
0.574236808
0.574609203
0.574351756
0.574374517
0.574679933
0.574448891
0.574336131
0.574616964
0.574384465
0.574293944
0.574483162
0.574579932
0.574465663
0.574524881
0.574462329
0.574309205
0.574423267
0.574455766
0.574273007
0.574486600
0.574439517
0.574453840
0.574321444
0.574463162
0.574428892
0.574550819
0.574377434
0.574539725
0.574535454
0.574411549
0.574390247
0.574485923
0.574326445
0.574470195
0.574499413
0.574592225
0.574572486
0.574533423
0.574243528
0.574473528
0.574443892
0.574283685
0.574472121
0.574499049
0.574338164
0.574330352
0.574333685
0.574474673
0.574332695
0.574450247
0.574169414
0.574322071
0.574415611
0.574385716
0.574293008
0.574528632
0.574360404
0.574433060
0.574409726
0.574268477
0.574528320
0.574389622
0.574228165
0.574482279
0.574282227
0.574170926
0.574394362
0.574441758
0.574293582
0.574438685
0.574452643
0.574207175
0.574380612
0.574553164
0.574216446
0.574508008
0.574362019
0.574214780
0.574471081
0.574552800
0.574207020
0.574319415
0.574340249
0.574212072
0.574315718
0.574602018
0.574454478
0.574321239
0.574390280
0.574423459
0.574436221
0.574519087
0.574371955
0.574312843
0.574273418
0.574349201
0.574304932
0.574571859
0.574332072
0.574330198
0.574446918
0.574477701
0.574255258
0.574487132
0.574263594
0.574397606
0.574387868
0.574297402
0.574374696
0.574414071
0.574325011
0.574299234
0.574270954
0.574429913
0.574359968
0.574410178
0.574376742
0.574314662
0.574399141
0.574416018
0.574278209
0.574494773
0.574507534
0.574333006
0.574420560
0.574496133
0.574504105
0.574391607
0.574249735
0.574406559
0.574355520
0.574514427
0.574591303
0.574345839
0.574522192
0.574504434
0.574348031
0.574424022
0.574419180
0.574323870
0.574472413
0.574523872
0.574272523
0.574537366
0.574544243
0.574515807
0.574423675
0.574610133
0.574441803
0.574402639
0.574448109
0.574613110
0.574322749
0.574479676
0.574345668
0.574445879
0.574474995
0.574356716
0.574310001
0.574443386
0.574289326
0.574536046
0.574440163
0.574449747
0.574289751
0.574459595
0.574346107
0.574428453
0.574480434
0.574538924
0.574380021
0.574508460
0.574430180
0.574377787
0.574396592
0.574503259
0.574311647
0.574566700
0.574504098
0.574325350
0.574498164
0.574597384
0.574378272
0.574423482
0.574563274
0.574496609
0.574528643
0.574637290
0.574370001
0.574591930
0.574530942
0.574351569
0.574393758
0.574559281
0.574270429
0.574509544
0.574585327
0.574428819
0.574407884
0.574561427
0.574336742
0.574457264
0.574495390
0.574356174
0.574573206
0.574667635
0.574284721
0.574551492
0.574507275
0.574295456
0.574549935
0.574445562
0.574382075
0.574526034
0.574598119
0.574362810
0.574344530
0.574530728
0.574392762
0.574449170
0.574526723
0.574364538
0.574461727
0.574501520
0.574312773
0.574437722
0.574423609
0.574487882
0.574528091
0.574573196
0.574268305
0.574541638
0.574369505
0.574378621
0.574577528
0.574491488
0.574469668
0.574522534
0.574396806
0.574376860
0.574507591
0.574403373
0.574468167
0.574680824
0.574383691
0.574458067
0.574658485
0.574460832
0.574305417
0.574710417
0.574509690
0.574399484
0.574631152
0.574435997
0.574341572
0.574622458
0.574340430
0.574242463
0.574496214
0.574398664
0.574407468
0.574618093
0.574375596
0.574311796
0.574584817
0.574447684
0.574304196
0.574512113
0.574460033
0.574369410
0.574526545
0.574416444
0.574348633
0.574536445
0.574349990
0.574406658
0.574600668
0.574476088
0.574371299
0.574576559
0.574317136
0.574305575
0.574511981
0.574599066
0.574423235
0.574719640
0.574396415
0.574434073
0.574662041
0.574406784
0.574366370
0.574566213
0.574467518
0.574418353
0.574581218
0.574326950
0.574552211
0.574434505
0.574239038
0.574299509
0.574783570
0.574376802
0.574497325
0.574499461
0.574148944
0.574334101
0.574338842
0.574306916
0.574472125
0.574633116
0.574239473
0.574524369
0.574354477
0.574311509
0.574383750
0.574450002
0.574269535
0.574434274
0.574338391
0.574253967
0.574456362
0.574524749
0.574151888
0.574389336
0.574425379
0.574282934
0.574483610
0.574536477
0.574119866
0.574450698
0.574521793
0.574312109
0.574632785
0.574446642
0.574101229
0.574469510
0.574504771
0.574559044
0.574445764
0.574722951
0.574345403
0.574427592
0.574350562
0.574300616
0.574411502
0.574611658
0.574377026
0.574498277
0.574546194
0.574245989
0.574312293
0.574537084
0.574141151
0.574466150
0.574536255
0.574257195
0.574458291
0.574373656
0.574130065
0.574408555
0.574392046
0.574355381
0.574382779
0.574549081
0.574298979
0.574460230
0.574381169
0.574429035
0.574291694
0.574481537
0.574224404
0.574401749
0.574440292
0.574232742
0.574396389
0.574457119
0.574194881
0.574479830
0.574451186
0.574550822
0.574449730
0.574754052
0.574233744
0.574413328
0.574501558
0.574296456
0.574376614
0.574539166
0.574397710
0.574434898
0.574409744
0.574362610
0.574385371
0.574517456
0.574354021
0.574605113
0.574506783
0.574441784
0.574393192
0.574499286
0.574463871
0.574506685
0.574348146
0.574466219
0.574424450
0.574670595
0.574378515
0.574385600
0.574411642
0.574461228
0.574495552
0.574501646
0.574544565
0.574433837
0.574364879
0.574463058
0.574396758
0.574441654
0.574454729
0.574430147
0.574438168
0.574404160
0.574473744
0.574448589
0.574596142
0.574602445
0.574398801
0.574528333
0.574415263
0.574445577
0.574634691
0.574453808
0.574295373
0.574479122
0.574499645
0.574393136
0.574512616
0.574431942
0.574365901
0.574531682
0.574405747
0.574415175
0.574434708
0.574588302
0.574465804
0.574541430
0.574439401
0.574415183
0.574415965
0.574463102
0.574481228
0.574405709
0.574446231
0.574392743
0.574267849
0.574452433
0.574383267
0.574338372
0.574397384
0.574580301
0.574428480
0.574504835
0.574451973
0.574336506
0.574448693
0.574577549
0.574429581
0.574728279
0.574500886
0.574389794
0.574392451
0.574558493
0.574223496
0.574431517
0.574467247
0.574389280
0.574495947
0.574548709
0.574344753
0.574475013
0.574286474
0.574274393
0.574429601
0.574416060
0.574579968
0.574366480
0.574363668
0.574276847
0.574490337
0.574359505
0.574430079
0.574656121
0.574419717
0.574336698
0.574389408
0.574393627
0.574425711
0.574361339
0.574292381
0.574329987
0.574590924
0.574412853
0.574309781
0.574375668
0.574410617
0.574419680
0.574423797
0.574450985
0.574393694
0.574414997
0.574499686
0.574394479
0.574475417
0.574607970
0.574362763
0.574622556
0.574821566
0.574567818
0.574720579
0.574524592
0.574353813
0.574537979
0.574273347
0.574428503
0.574502410
0.574269705
0.574318768
0.574430278
0.574392207
0.574486738
0.574381688
0.574440075
0.574357107
0.574504659
0.574316694
0.574437787
0.574799140
0.574375342
0.574389405
0.574629614
0.574665031
0.574454044
0.574611596
0.574227485
0.574313215
0.574489882
0.574173998
0.574299676
0.574537697
0.574441084
0.574399679
0.574742178
0.574265723
0.574609265
0.574573797
0.574403382
0.574704111
0.574544947
0.574319219
0.574611719
0.574419377
0.574328129
0.574653077
0.574605161
0.574439642
0.574460008
0.574460374
0.574205323
0.574555375
0.574537252
0.574360222
0.574526212
0.574519182
0.574449600
0.574430174
0.574504446
0.574324864
0.574449760
0.574512105
0.574351273
0.574712470
0.574602524
0.574270756
0.574603620
0.574615392
0.574527268
0.574489925
0.574696123
0.574393158
0.574458731
0.574547690
0.574523993
0.574435505
0.574484985
0.574322800
0.574479466
0.574418635
0.574391501
0.574701344
0.574418690
0.574235515
0.574661295
0.574338328
0.574363173
0.574553747
0.574402707
0.574308853
0.574652083
0.574436146
0.574365419
0.574756356
0.574406827
0.574394120
0.574560683
0.574447403
0.574627039
0.574714487
0.574368812
0.574280324
0.574483345
0.574365274
0.574356212
0.574692670
0.574623297
0.574296268
0.574525122
0.574412675
0.574309656
0.574654708
0.574417678
0.574360648
0.574549034
0.574259922
0.574346016
0.574516277
0.574456850
0.574420601
0.574626591
0.574414823
0.574325397
0.574558366
0.574415555
0.574404514
0.574556910
0.574389933
0.574355768
0.574651339
0.574395873
0.574391030
0.574705873
0.574532750
0.574301867
0.574483325
0.574367181
0.574276766
0.574685984
0.574456298
0.574363435
0.574534164
0.574483176
0.574276668
0.574590260
0.574268231
0.574361045
0.574530003
0.574368598
0.574329433
0.574590526
0.574418809
0.574425634
0.574387718
0.574415687
0.574205429
0.574396731
0.574271784
0.574407462
0.574584233
0.574354496
0.574346215
0.574543507
0.574450175
0.574512102
0.574324448
0.574419761
0.574567782
0.574436013
0.574384035
0.574502265
0.574429453
0.574436642
0.574372632
0.574487998
0.574495134
0.574380447
0.574416282
0.574504824
0.574367377
0.574334618
0.574392536
0.574452015
0.574467693
0.574413423
0.574616548
0.574553841
0.574442749
0.574457073
0.574405303
0.574537491
0.574531762
0.574488013
0.574156766
0.574334370
0.574449526
0.574279737
0.574533643
0.574524528
0.574434947
0.574419011
0.574444532
0.574290628
0.574400680
0.574442711
0.574238860
0.574472401
0.574404329
0.574241987
0.574360894
0.574477873
0.574463134
0.574561260
0.574459282
0.574460272
0.574572304
0.574446107
0.574361057
0.574410589
0.574340486
0.574568870
0.574484498
0.574481737
0.574243979
0.574491844
0.574321376
0.574412939
0.574366065
0.574525544
0.574192265
0.574337995
0.574468256
0.574471589
0.574408518
0.574504404
0.574340916
0.574299875
0.574364771
0.574494094
0.574570345
0.574488628
0.574293057
0.574356494
0.574454047
0.574442485
0.574520246
