0.822266334
0.822800345
0.822540920
0.822832745
0.822702278
0.822814154
0.822524001
0.822801606
0.822568692
0.822698797
0.822610362
0.822797447
0.822656563
0.822929064
0.822536932
0.822839328
0.822487560
0.823362403
0.822451990
0.823024959
0.822421630
0.822648401
0.822375748
0.822486947
0.822838718
0.822723408
0.822632108
0.823314711
0.822717475
0.822441592
0.822708885
0.822561022
0.823008314
0.822725660
0.822660506
0.822614934
0.822656811
0.822602750
0.823440301
0.822991138
0.822767963
0.822513018
0.822726508
0.822427552
0.822648178
0.822477555
0.822582973
0.822754276
0.823261932
0.822863081
0.822999644
0.822913761
0.822535899
0.822545952
0.822498090
0.822662153
0.822731321
0.822649083
0.822553512
0.823414083
0.822528202
0.822802995
0.822687996
0.822834404
0.822668364
0.822674980
0.822384461
0.822714150
0.822342694
0.823262223
0.822537436
0.822772332
0.822676396
0.822833897
0.822686920
0.822837024
0.822529788
0.822695830
0.822573592
0.822913905
0.823299790
0.822886615
0.822574379
0.822686619
0.822501308
0.822693132
0.822512769
0.822917561
0.822521626
0.822691210
0.823152877
0.822522724
0.822491996
0.822755746
0.823090746
0.822756895
0.822602209
0.822586325
0.823027159
0.822688410
0.822685235
0.822686434
0.822907007
0.822627895
0.822747739
0.822720241
0.822622638
0.822390140
0.822617329
0.822450716
0.822719883
0.823375819
0.822562021
0.822313846
0.822514419
0.822393171
0.822587390
0.822889474
0.822712861
0.822694893
0.822774633
0.822614323
0.822601355
0.822808699
0.822599743
0.822540057
0.822709536
0.822630944
0.822495945
0.822662196
0.822510843
0.822680688
0.823268864
0.822812096
0.822467255
0.822807359
0.822374445
0.822602466
0.822318665
0.822702102
0.822700281
0.823009760
0.823186843
0.822778773
0.822511379
0.822712004
0.822534245
0.822872111
0.822395238
0.822768103
0.822489563
0.822742011
0.822549356
0.823485969
0.822534984
0.822693317
0.822504674
0.822399935
0.822447176
0.822815144
0.822456240
0.822413845
0.822782907
0.823279938
0.822766660
0.822769056
0.822659422
0.822540725
0.822735882
0.822659685
0.822738124
0.822742812
0.822800990
0.822487189
0.823435052
0.822641409
0.822729848
0.822813598
0.822675527
0.822497872
0.822557821
0.822317146
0.822853187
0.822552147
0.823246000
0.822536992
0.823020377
0.822538869
0.822632255
0.822640589
0.822785798
0.822716007
0.822815800
0.822657103
0.822528250
0.823478613
0.822575022
0.822544972
0.822454035
0.822681379
0.822453985
0.822763464
0.822665913
0.822681591
0.822441749
0.823346954
0.822355501
0.822700969
0.822539096
0.822808053
0.822634565
0.822709566
0.822602483
0.822838265
0.822560454
0.822852329
0.822616966
0.822971809
0.822649311
0.822903426
0.822615459
0.822775198
0.822513169
0.822742284
0.822457182
0.822762493
0.823219055
0.822564787
0.822320726
0.822501976
0.822177760
0.822629425
0.822478228
0.823068280
0.822448647
0.822602241
0.822723179
0.822643024
0.822642764
0.822663285
0.822682610
0.822605006
0.822738443
0.822646049
0.822831987
0.822791988
0.822698342
0.823212300
0.822652458
0.822647407
0.822647044
0.822390795
0.822551316
0.822460431
0.822592984
0.822730328
0.822840380
0.823362255
0.822723872
0.822633769
0.822709394
0.822561062
0.822665073
0.822693355
0.822684189
0.822567158
0.822602679
0.822712679
0.823181794
0.822650598
0.822537630
0.822878567
0.822571954
0.822613622
0.822343988
0.822828779
0.822323260
0.822639769
0.823099457
0.822837479
0.822586178
0.822752585
0.822491805
0.822903263
0.822744045
0.822770972
0.822479046
0.822864619
0.822688526
0.823236546
0.822679048
0.822790142
0.822472331
0.822740664
0.822522489
0.822673739
0.822401396
0.822692959
0.822324054
0.823235511
0.822565878
0.822698378
0.822553952
0.822773847
0.822607911
0.822838380
0.822619839
0.822584580
0.822856455
0.822837236
0.823357912
0.822582655
0.822714426
0.822506666
0.822728749
0.822377189
0.822700834
0.822586720
0.822564638
0.822626096
0.823122398
0.822557348
0.822546255
0.822588599
0.822663599
0.822635839
0.822645527
0.822688132
0.822715424
0.822671831
0.822700633
0.822958810
0.822670791
0.822704853
0.822738760
0.822750063
0.822650324
0.822708606
0.822505794
0.822967043
0.822456420
0.823244335
0.822562463
0.822761056
0.822317203
0.822810484
0.822432465
0.822602100
0.822648142
0.822949183
0.822653456
0.823564235
0.822644290
0.822737936
0.822544239
0.822823145
0.822575126
0.822808146
0.822353304
0.822631845
0.822500232
0.822833721
0.823259814
0.822923721
0.822454712
0.822841275
0.822332579
0.822696016
0.822349350
0.822663464
0.822632215
0.822659611
0.823174298
0.822756538
0.822416905
0.822580707
0.822692998
0.822610395
0.822771072
0.822564823
0.822600605
0.822660137
0.822669095
0.823337166
0.822669304
0.822706284
0.822736596
0.822683629
0.822586650
0.822476286
0.822508995
0.822403892
0.822663057
0.823449149
0.822698683
0.822754933
0.822820298
0.822759830
0.822892434
0.822680092
0.822633269
0.822652905
0.822515250
0.822521864
0.823478528
0.822789624
0.822696708
0.822835563
0.822564991
0.822523950
0.822635565
0.822461243
0.822346400
0.822688013
0.823197440
0.822634681
0.822527755
0.822898275
0.822623693
0.822880567
0.822643381
0.822710882
0.822523694
0.822858850
0.822476872
0.823614682
0.822602029
0.822942237
0.822523749
0.822923071
0.822630780
0.822971977
0.822500989
0.822704166
0.822630313
0.823492238
0.822561095
0.823052136
0.822494012
0.822999115
0.822620055
0.822693753
0.822916721
0.822721982
0.822549535
0.822438234
0.822463598
0.822464589
0.822842400
0.822771098
0.822724537
0.822734068
0.822784954
0.822643236
0.822891829
0.822833809
0.823447817
0.822908080
0.822624280
0.822660738
0.822713290
0.822652353
0.822585687
0.822704645
0.822766781
0.822858187
0.823583602
0.822795532
0.822734334
0.822613553
0.822605897
0.822654492
0.822796315
0.822908085
0.822747253
0.822769649
0.822741315
0.823453554
0.822693712
0.822758660
0.822640327
0.822738869
0.822555328
0.822490172
0.822434131
0.822907411
0.822673194
0.823426994
0.822712257
0.822988038
0.822497675
0.823169027
0.822600383
0.822777518
0.822470332
0.822892050
0.822962779
0.822885072
0.823391268
0.822771687
0.822769291
0.822958301
0.822611063
0.823077937
0.822669813
0.822660907
0.822529138
0.822890438
0.823225698
0.823414865
0.822564919
0.822988251
0.822704242
0.823173460
0.822609764
0.822594972
0.822565546
0.822865805
0.822506380
0.823651116
0.822682890
0.822751432
0.822783046
0.822672162
0.822837006
0.822897527
0.822752163
0.822678256
0.822641955
0.823276953
0.822596174
0.822809611
0.822606539
0.822646331
0.822657112
0.822817790
0.822806956
0.822696957
0.822663780
0.822607374
0.822834040
0.822598208
0.822700239
0.822982634
0.822868052
0.822630865
0.822781854
0.822787063
0.822835604
0.822663314
0.823377739
0.822792845
0.822660294
0.822511596
0.822453420
0.822678888
0.822558211
0.822754461
0.822760920
0.822958836
0.822648160
0.822853889
0.822676807
0.823006858
0.822686546
0.822817379
0.822579672
0.822850452
0.822713578
0.822912016
0.822684673
0.823537743
0.822975082
0.822866567
0.822512693
0.822579259
0.822473690
0.822935828
0.822772343
0.822917190
0.822713653
0.823462819
0.822771890
0.822990694
0.822640908
0.822799974
0.822626750
0.822570243
0.822509831
0.822877646
0.822616036
0.822760362
0.823203905
0.822715370
0.822818707
0.822981106
0.822774080
0.822965228
0.822492630
0.822508937
0.822622690
0.822633735
0.823232955
0.822911606
0.822964474
0.822823957
0.822812191
0.822790320
0.822622928
0.822811785
0.822660748
0.822568513
0.822673985
0.823498828
0.822795345
0.822964255
0.822741864
0.822627701
0.822626871
0.822685260
0.822845003
0.822583081
0.822392512
0.823268865
0.822442519
0.822740542
0.822741744
0.822745549
0.822644407
0.823016648
0.822662956
0.822695616
0.822775984
0.822844007
0.823341248
0.822925889
0.822659228
0.823015947
0.822951160
0.823052517
0.822529920
0.822783151
0.822727426
0.822609565
0.823189409
0.822911081
0.822496973
0.822609215
0.822686197
0.822967293
0.822708860
0.823054278
0.822888137
0.822823974
0.822547729
0.822981793
0.822724141
0.822830758
0.822624825
0.822803057
0.822612332
0.822739158
0.822699370
0.822865518
0.822749272
0.823359063
0.822749956
0.822469648
0.823010326
0.822707257
0.822568147
0.822861169
0.822835652
0.822662375
0.822765971
0.822850662
0.822776968
0.822554993
0.822724943
0.822586562
0.822706043
0.822953806
0.822782508
0.822675116
0.822723244
0.822707987
0.823474497
0.822790650
0.822821537
0.822628833
0.822791284
0.822417539
0.822632229
0.822590982
0.822259946
0.822683540
0.823323853
0.822874952
0.822803757
0.822670480
0.822680431
0.823065485
0.822583303
0.822753930
0.822551070
0.822943674
0.822681283
0.823760031
0.822719518
0.822893947
0.822810878
0.822886766
0.822757968
0.822807346
0.822610579
0.822751727
0.822574231
0.823403969
0.822730851
0.822747780
0.822702107
0.823009973
0.822571384
0.822903678
0.822580922
0.822682226
0.822472074
0.822762544
0.823353950
0.823069579
0.822775834
0.822607608
0.822819277
0.822714124
0.822594336
0.822846786
0.823060017
0.822526742
0.823339397
0.822683986
0.822622011
0.822896439
0.822770974
0.822863372
0.823083895
0.822664837
0.822737184
0.822596458
0.822669846
0.822620682
0.822622508
0.822954019
0.822756836
0.823061316
0.822829550
0.822595595
0.822696274
0.822626903
0.823065185
0.823377061
0.822630662
0.822563112
0.822832958
0.822537806
0.822624370
0.822948173
0.822805521
0.822743545
0.822647610
0.822533134
0.822680219
0.822507359
0.822610747
0.822758145
0.822729918
0.823277522
0.822621174
0.823003310
0.822647116
0.822678994
0.823298733
0.822874311
0.822737335
0.823022284
0.822696143
0.822841145
0.822449483
0.822815161
0.822885007
0.822959176
0.823523811
0.822956837
0.822639394
0.822818823
0.822501900
0.822882214
0.822706279
0.823014509
0.822472015
0.822907745
0.822638113
0.823516132
0.822730409
0.822859578
0.822471509
0.822994895
0.822550368
0.822756828
0.822496207
0.822576001
0.822544805
0.823478345
0.822942830
0.822830749
0.822919345
0.822837265
0.822806434
0.822645240
0.822666232
0.822668525
0.822839777
0.822665353
0.823473581
0.822745722
0.822781610
0.822705884
0.822919219
0.822655316
0.822726099
0.822632040
0.822773969
0.822629805
0.823245899
0.822867881
0.822742416
0.822843877
0.822856483
0.822690548
0.822720290
0.822795397
0.822657587
0.822703943
0.822582436
0.823559725
0.822545670
0.822912755
0.822614477
0.822859218
0.822688179
0.822850941
0.822686673
0.822839123
0.822588345
0.823372042
0.822550069
0.822846320
0.822808823
0.822668773
0.822509870
0.822924663
0.822768571
0.822989615
0.822719513
0.822966130
0.822588738
0.822734208
0.822601086
0.822928275
0.822656819
0.823016195
0.822626512
0.822861044
0.822593392
0.822799903
0.823332559
0.822907042
0.822506994
0.822611163
0.822535176
0.822755125
0.822427889
0.822591693
0.822754038
0.823152111
0.823393987
0.822899877
0.822770869
0.822703789
0.822639207
0.822680251
0.822659212
0.822833849
0.822699060
0.822700156
0.822718387
0.823402709
0.822786256
0.822985892
0.822771469
0.822784387
0.822719390
0.822880901
0.822509968
0.822622991
0.822507629
0.823281169
0.822861434
0.822751852
0.822703208
0.822783054
0.822586287
0.822586289
0.822547332
0.822797230
0.822678586
0.822710828
0.823247234
0.822994320
0.822710313
0.822709169
0.822610787
0.822855475
0.822606832
0.822690792
0.822488086
0.822780223
0.823284181
0.822923716
0.822712469
0.822799970
0.822602994
0.823002005
0.823003882
0.822956540
0.822605086
0.822771753
0.822444674
0.823305921
0.822743530
0.823011812
0.822621295
0.822875463
0.822663695
0.822924998
0.822726511
0.822746514
0.822645162
0.823318911
0.822588290
0.822412512
0.822763034
0.822996576
0.822611423
0.822684081
0.822922780
0.822794917
0.822935232
0.822769974
0.822678257
0.822524094
0.822663626
0.822509671
0.822926232
0.822826339
0.822729206
0.822727333
0.822632648
0.822689055
0.823555356
0.822810517
0.822639270
0.822574168
0.822715575
0.822602869
0.822513601
0.822899591
0.822857770
0.822703033
0.823376364
0.822556839
0.822658767
0.822844289
0.822627574
0.822611742
0.822469453
0.823067889
0.822654820
0.822906331
0.822645709
0.823454978
0.822574724
0.822863057
0.822618321
0.823253840
0.822540617
0.822612753
0.822426974
0.822607445
0.822636665
0.823815203
