0.718861508
0.719041924
0.719121404
0.719042134
0.719220518
0.719099998
0.718949895
0.718936979
0.719038594
0.719074063
0.719311718
0.718955366
0.719090366
0.719200419
0.719026513
0.719012712
0.719075264
0.719097400
0.719100473
0.719007817
0.719336670
0.718976152
0.719051517
0.719148860
0.719044382
0.718981362
0.719162247
0.719103393
0.719057196
0.719199904
0.719083864
0.718835219
0.719210061
0.718977094
0.719172719
0.719087719
0.719025898
0.718888972
0.719004075
0.719063294
0.719059441
0.718999701
0.719025587
0.719238190
0.719073974
0.718953037
0.719087255
0.719013975
0.719094340
0.719135277
0.719111163
0.718960539
0.719094549
0.718913301
0.719062050
0.718955801
0.719150279
0.718963510
0.719230072
0.718988094
0.719079813
0.719023668
0.718926585
0.719145438
0.719044085
0.718841066
0.718984816
0.718971170
0.719063305
0.718951171
0.719112994
0.718796850
0.718902058
0.719075286
0.719161589
0.719065079
0.719109350
0.718940862
0.719008935
0.719003570
0.719181903
0.718952581
0.719009873
0.718878364
0.719100187
0.719014302
0.719086282
0.718957688
0.719086073
0.718903679
0.719053054
0.719082481
0.719130450
0.718935087
0.719193992
0.719013889
0.719123941
0.719016703
0.718929828
0.718972745
0.719251598
0.718963683
0.719074724
0.718997277
0.719110090
0.718897539
0.719253267
0.718958946
0.719106185
0.718925562
0.719140509
0.719042592
0.719003114
0.718975094
0.719096760
0.718931345
0.719098740
0.718995252
0.719123532
0.718916242
0.719125096
0.719089054
0.718988742
0.719078899
0.718955619
0.718957859
0.719158118
0.719135931
0.719104265
0.718809058
0.719107755
0.718977861
0.719127444
0.719227340
0.719131767
0.719021559
0.719119841
0.718857394
0.719178330
0.719119425
0.719135363
0.719099061
0.718943125
0.718896199
0.719103386
0.718944220
0.719103750
0.719032345
0.719025731
0.718940523
0.719106147
0.719138908
0.719092659
0.719071982
0.718993077
0.719070628
0.719161775
0.719055317
0.719156775
0.719115734
0.719020526
0.719195838
0.718861466
0.719025007
0.719151934
0.718977976
0.719158913
0.719074851
0.719228757
0.718965686
0.719113185
0.718966572
0.718966677
0.719073291
0.719139541
0.719044906
0.719172458
0.718974595
0.719187355
0.719095481
0.719231261
0.719166105
0.719164751
0.718941159
0.719102669
0.719079701
0.719169649
0.719011837
0.719275951
0.719119754
0.719025849
0.719009391
0.719040797
0.718911996
0.719126735
0.719114756
0.718969132
0.719164548
0.719068195
0.719110747
0.719071580
0.718896373
0.719086998
0.718975853
0.719137154
0.719099812
0.719063822
0.719070854
0.718998146
0.719118927
0.719061792
0.719081896
0.719049241
0.718952263
0.719090387
0.719204345
0.719119919
0.719222262
0.719165232
0.718921743
0.719046535
0.719181638
0.719158827
0.718921953
0.719277837
0.718904714
0.719181537
0.718960391
0.719201380
0.718815236
0.719090601
0.719053622
0.719231642
0.719099820
0.719154716
0.718898259
0.719090498
0.718919874
0.719126383
0.718955864
0.719075551
0.719072478
0.719113469
0.718983365
0.719192427
0.719036699
0.719076647
0.719278833
0.719047064
0.718914721
0.719048784
0.719131492
0.719069252
0.718999565
0.719041284
0.719093524
0.719304825
0.719139670
0.719299097
0.718995662
0.719318576
0.718871339
0.719132484
0.718946965
0.719173474
0.718974048
0.719000142
0.718917174
0.719389516
0.719160194
0.719130612
0.719059883
0.719025560
0.718935196
0.719265559
0.719040925
0.718947333
0.718974780
0.719120875
0.718823740
0.719052802
0.719254207
0.719196083
0.719050146
0.719130355
0.719000148
0.719033168
0.719181761
0.719079314
0.719084471
0.719159940
0.718955305
0.719053222
0.719130253
0.719196035
0.719037963
0.718892702
0.719098223
0.719275253
0.719138119
0.719063120
0.719169631
0.719040412
0.719179578
0.719112131
0.719128225
0.719104058
0.719185205
0.719059319
0.718997706
0.719175154
0.719113226
0.719157237
0.718908176
0.719079061
0.719258384
0.719140728
0.719107812
0.719220155
0.718860834
0.719227187
0.719079584
0.719179948
0.719166771
0.719096303
0.719137397
0.719056824
0.719177033
0.719226095
0.719041304
0.719271720
0.719014169
0.719113180
0.719000108
0.719178493
0.719078702
0.719146254
0.718943651
0.719299900
0.718954902
0.719133182
0.718987089
0.719334691
0.718888340
0.719047922
0.719025892
0.718988444
0.719017924
0.719199069
0.718920997
0.718878706
0.719075581
0.719250788
0.718922873
0.719350111
0.718922040
0.718978498
0.718912197
0.719146675
0.719041833
0.719068500
0.718979281
0.719013188
0.718928344
0.719054126
0.718990480
0.719214125
0.718784908
0.719324855
0.719009648
0.719146158
0.719111002
0.719132825
0.718973503
0.719041211
0.719121732
0.719110742
0.719106785
0.719070691
0.718933713
0.719183243
0.719062619
0.719109285
0.718958453
0.719101734
0.719051422
0.719167724
0.719210693
0.719179704
0.719152152
0.719097933
0.718977622
0.719062361
0.718960071
0.719098403
0.719032310
0.719088872
0.718960957
0.719185435
0.718994133
0.719125591
0.719219915
0.719009239
0.718793250
0.719186686
0.718943042
0.719104447
0.718872001
0.719094604
0.718942209
0.719218302
0.718967314
0.719246063
0.719021428
0.718988825
0.718961690
0.719077679
0.719083981
0.719125804
0.719240647
0.718950544
0.719077680
0.719228096
0.719057263
0.719446637
0.719028254
0.719004765
0.719065858
0.719121067
0.719160493
0.719094192
0.718965078
0.719057995
0.719002735
0.719066120
0.719058985
0.719156693
0.718955965
0.719072163
0.719039403
0.719073048
0.719153257
0.719071122
0.718965341
0.718998987
0.719077268
0.719230654
0.718978831
0.719295132
0.718905082
0.719055186
0.718934979
0.719137374
0.719007322
0.719351384
0.718986541
0.718982531
0.719042688
0.719157635
0.719224093
0.719159458
0.718903835
0.719015658
0.718990605
0.719214667
0.719082845
0.719073158
0.718831857
0.719075398
0.719029825
0.719124044
0.719202585
0.719108211
0.719135607
0.719338158
0.719089149
0.719152586
0.718983734
0.719149201
0.719034828
0.719055556
0.719068734
0.719050870
0.719076026
0.719066495
0.718970767
0.719114464
0.719050558
0.719130349
0.719112329
0.719154621
0.718851289
0.719218631
0.719162226
0.719150611
0.719154466
0.719143111
0.718877176
0.719167070
0.719250976
0.719003946
0.719032175
0.719211863
0.718922228
0.719011499
0.719025770
0.719263946
0.718922438
0.719178634
0.718960198
0.719279884
0.719061604
0.719147594
0.719176709
0.718977542
0.718880720
0.719066033
0.718924002
0.719194522
0.719063272
0.719180668
0.718885826
0.719149731
0.719891134
0.719084107
0.719028013
0.719162023
0.719240721
0.719258378
0.719082493
0.719105462
0.718919056
0.719127233
0.719045098
0.719139681
0.718966869
0.719187181
0.718978588
0.719089890
0.718975829
0.719096454
0.718923538
0.719501035
0.719026819
0.719059787
0.718933070
0.719248849
0.719322495
0.718966090
0.719139476
0.719034528
0.718892549
0.719109007
0.719076924
0.719205830
0.718982238
0.719090518
0.718937186
0.719127498
0.719001248
0.719009113
0.718950311
0.719100623
0.718934791
0.719207551
0.719006093
0.719249061
0.718989167
0.719104219
0.718901928
0.719306406
0.718952136
0.719109740
0.719028386
0.719082136
0.718914428
0.719177865
0.719126928
0.719086824
0.719277292
0.719059065
0.719074481
0.719105314
0.719146148
0.719106982
0.718967555
0.719065315
0.719050732
0.719106357
0.719491980
0.719321513
0.718960368
0.719159639
0.719092869
0.719082609
0.719128858
0.719089379
0.718987505
0.719091775
0.719132921
0.719112088
0.718927975
0.719129796
0.718870736
0.718992506
0.719004173
0.719154120
0.719058496
0.719078443
0.718896883
0.719035423
0.719051204
0.719206204
0.719171829
0.719223392
0.719025476
0.719161882
0.719019070
0.719079227
0.719055269
0.719213602
0.719041050
0.719121415
0.719074019
0.719075321
0.718968447
0.719267195
0.718995582
0.719003864
0.719154593
0.719289540
0.719021416
0.719166676
0.718919699
0.719121833
0.719014490
0.719264228
0.719065740
0.719211416
0.718977511
0.719252406
0.719189751
0.719104803
0.719249594
0.719132511
0.718894232
0.719342042
0.719153085
0.718996940
0.718943868
0.719186367
0.719115897
0.718946472
0.719087201
0.719212461
0.719047357
0.719098243
0.719156732
0.719120534
0.719365065
0.719197149
0.718989077
0.719168295
0.718954025
0.719245795
0.718948453
0.719105171
0.719068870
0.719013140
0.718924755
0.719119859
0.719156317
0.719040536
0.718965798
0.719147203
0.718976579
0.719185172
0.718960746
0.719233870
0.719096892
0.719016007
0.719018976
0.719054288
0.719302985
0.719227517
0.718915383
0.719050278
0.718955488
0.719027778
0.718997310
0.719238090
0.718967519
0.719118821
0.719018717
0.719159966
0.718981790
0.719306841
0.719206269
0.719116582
0.718961843
0.719255384
0.719165697
0.719286582
0.719181166
0.719089239
0.718871063
0.719182676
0.718935803
0.719096427
0.719015698
0.719153979
0.719006688
0.719135177
0.719069657
0.719250542
0.719078824
0.719024553
0.719123043
0.719148824
0.719026428
0.719093876
0.719098720
0.719016325
0.719118721
0.719139971
0.719178669
0.719511688
0.719049190
0.719249554
0.718959815
0.719165440
0.719234085
0.719096794
0.719013827
0.719157576
0.718998410
0.719294190
0.719136274
0.719097941
0.718979192
0.719118306
0.718831589
0.719014869
0.719162056
0.719159452
0.719051953
0.719108567
0.718952422
0.719155390
0.718947422
0.719109141
0.718927839
0.719070495
0.719092214
0.719116276
0.719016382
0.719194297
0.718994298
0.719077527
0.719163777
0.719201954
0.719207787
0.719137162
0.718886591
0.719077684
0.718990914
0.719120549
0.719205288
0.719290704
0.718864509
0.719127372
0.719191278
0.719076904
0.718991591
0.719257580
0.718964873
0.719031019
0.719062060
0.719205185
0.718964457
0.719197633
0.718999770
0.719094926
0.719073833
0.719192008
0.719007062
0.719068624
0.719102999
0.719202530
0.718924719
0.719155916
0.718883574
0.719187530
0.719013469
0.719120240
0.719104771
0.719282687
0.719056334
0.719071854
0.718833471
0.719219667
0.719293937
0.719118261
0.718960137
0.719078470
0.718793159
0.719271855
0.718916180
0.719107898
0.718917534
0.719098210
0.718856544
0.719355084
0.719015763
0.719122325
0.719131648
0.718974826
0.718882378
0.719147326
0.718967378
0.719069461
0.719186701
0.719017118
0.719079982
0.719277691
0.719179044
0.719107952
0.719038004
0.719057639
0.719051963
0.719118786
0.719102587
0.719156129
0.718920037
0.719051234
0.719089567
0.719203526
0.719154359
0.719218525
0.719015089
0.719021599
0.719120297
0.719080662
0.719160037
0.719142745
0.718919673
0.719008215
0.719177016
0.719091912
0.718930194
0.719141392
0.719027538
0.719177902
0.719001913
0.719185558
0.719119570
0.719081809
0.718967799
0.718955351
0.719184830
0.719102903
0.719032644
0.719111705
0.718950508
0.719144257
0.719073893
0.719524152
0.719009571
0.719190352
0.718877227
0.718949415
0.719307226
0.719209883
0.719024259
0.719143113
0.718839833
0.719288841
0.719135300
0.719207227
0.719060457
0.719283217
0.719134207
0.719176916
0.719292123
0.719126603
0.718925771
0.719303270
0.719110770
0.719194832
0.719080302
0.719140042
0.719107854
0.719230927
0.719074313
0.719393114
0.719166448
0.719011032
0.719000303
0.719404312
0.719072386
0.719408114
0.719134678
0.719133949
0.718954262
0.719307073
0.719079106
0.719320042
0.719103428
0.719082179
0.719200459
0.719205251
0.719130252
0.719323897
0.719103481
0.719007909
0.718890670
0.719056971
0.719121502
0.719407543
0.719410981
0.719101711
0.719117388
0.719372023
0.719001764
0.719227701
0.719202232
0.718999369
0.718937598
0.719194211
0.719043431
0.719229576
0.719295565
0.719154993
0.719183379
0.719397180
0.719099108
0.719306607
0.719207077
0.719161192
0.719196192
0.719193015
0.719150151
0.719395462
0.719295774
0.719235359
0.719098640
0.719169735
0.719107391
0.719397025
0.719139318
0.718933381
0.719188745
0.719133329
0.719059527
0.719298224
0.719250776
0.719054631
0.718945153
0.719337547
0.719047704
0.719299891
0.719078121
0.719057757
0.719146246
0.719176924
0.719243121
0.719359371
0.719092601
0.719217861
0.719234528
0.719219528
0.719229527
0.719349475
0.718971612
0.719307183
0.719216455
0.719162549
0.718975414
0.719215987
0.719226820
0.719212028
0.719249476
0.719158488
0.719210154
0.719396455
0.719005363
0.719181248
0.719134113
0.719291039
0.719146822
0.719122290
0.719098957
0.719236352
0.719177654
0.719148019
0.719388488
0.719286770
0.718997291
0.719147186
0.719174374
