0.969018615
0.960836300
0.961165364
0.961029689
0.961416667
0.961169010
0.961192131
0.961319729
0.961898523
0.961190702
0.961531994
0.961303648
0.961023428
0.961155861
0.961021471
0.961253484
0.961185549
0.961770475
0.961199362
0.961443819
0.961225933
0.961169763
0.961047238
0.961499868
0.961018382
0.961041584
0.961977700
0.960980589
0.961187589
0.961219434
0.961182736
0.961031661
0.960895846
0.961003260
0.961001560
0.961809127
0.961505395
0.961193276
0.961518238
0.961203253
0.961333475
0.961139166
0.961106628
0.961062161
0.961806131
0.961208800
0.961135791
0.960995072
0.961133780
0.961177020
0.961259374
0.961117821
0.960910696
0.961706692
0.961088629
0.961315824
0.961063905
0.961049174
0.961033973
0.961135907
0.961332163
0.961459722
0.961733531
0.961035621
0.961246199
0.961262299
0.961141889
0.961319029
0.961286586
0.961066435
0.961229252
0.961791704
0.961348932
0.961238578
0.960977977
0.960990080
0.961022232
0.960876103
0.961117620
0.961159871
0.961855343
0.961094315
0.961028487
0.961113333
0.960971825
0.961278382
0.961184837
0.961233115
0.960991548
0.961865597
0.961223247
0.961226361
0.961114475
0.960836230
0.960954182
0.961205828
0.961162476
0.960970478
0.961707586
0.961111213
0.961349936
0.961026992
0.961500347
0.961036363
0.961193884
0.961197706
0.960926894
0.961800345
0.961050415
0.961119337
0.961106747
0.960882803
0.961116512
0.961115742
0.961314969
0.961340707
0.961926490
0.961231865
0.961094840
0.960993439
0.961118910
0.961213026
0.961002924
0.961282193
0.961077454
0.961299846
0.961145939
0.960894998
0.961084421
0.961413373
0.961151963
0.960908205
0.961141635
0.961123553
0.961109846
0.961242909
0.961136285
0.961344971
0.961071105
0.961182289
0.961088527
0.961172470
0.961214070
0.961165826
0.961845235
0.961336731
0.961460671
0.961154403
0.961030740
0.961168741
0.961013097
0.961154899
0.961223264
0.961957771
0.961277751
0.961080541
0.961096248
0.961367369
0.961273908
0.961054145
0.961310578
0.961211647
0.961756827
0.960876021
0.961174953
0.961223363
0.960947970
0.960777787
0.961272652
0.961032780
0.960982438
0.961877563
0.961135868
0.961115733
0.961270598
0.961424629
0.961091942
0.961054565
0.960969637
0.961107573
0.962056183
0.961180007
0.961184712
0.961242752
0.961010582
0.961505702
0.961079157
0.961244486
0.961027420
0.961720039
0.961064015
0.961084811
0.961113472
0.961101300
0.961183033
0.961449974
0.961068947
0.961219638
0.961598818
0.961091072
0.961217908
0.961079901
0.961150538
0.961073936
0.961095512
0.961149950
0.961218712
0.961825702
0.961225506
0.961279580
0.961142768
0.961072779
0.961242269
0.961217853
0.961076718
0.960983395
0.961795642
0.961333310
0.960984934
0.961212860
0.961072141
0.961031265
0.961138982
0.961121386
0.961177384
0.961766350
0.961280994
0.961171524
0.961221168
0.961281540
0.961213110
0.961247857
0.961052136
0.961377299
0.961886576
0.961339032
0.961102322
0.961177796
0.961166032
0.961062081
0.961460836
0.961058187
0.961112881
0.962279655
0.961181071
0.961093160
0.961100457
0.961021036
0.961043698
0.961494380
0.961447354
0.961130693
0.961736323
0.961143465
0.961206073
0.961235558
0.961009625
0.961380254
0.961137811
0.961374586
0.961200008
0.961771678
0.961106736
0.960955699
0.961031224
0.961432790
0.961101440
0.961069778
0.961280875
0.961198795
0.962018277
0.961106772
0.961210265
0.961336362
0.961077565
0.961381317
0.960994498
0.961273407
0.961384973
0.961937371
0.961613625
0.961313889
0.960976497
0.961522540
0.961107961
0.961292599
0.961142706
0.961534844
0.961293024
0.960936257
0.961279436
0.961218762
0.961167618
0.961200121
0.960990540
0.961003095
0.961368044
0.961184610
0.961785894
0.961501279
0.961390170
0.960976926
0.961436229
0.961258557
0.961329997
0.961365707
0.961284023
0.961135306
0.961019662
0.961336516
0.961395090
0.961311165
0.961285728
0.961301853
0.961371779
0.961316706
0.961800328
0.961251873
0.961162632
0.961174589
0.961136390
0.961184232
0.961241604
0.961053144
0.961227702
0.961822832
0.961402029
0.961242214
0.961597240
0.961495080
0.961427659
0.961262791
0.961089590
0.961151491
0.961995471
0.961149773
0.960986414
0.960857064
0.961307712
0.961001020
0.961342033
0.961173100
0.961249270
0.961994447
0.961423849
0.961119602
0.961409677
0.961205586
0.961128474
0.961276674
0.960999719
0.961273178
0.962124132
0.961232336
0.961176890
0.961356546
0.961505786
0.961118829
0.961055049
0.961056580
0.961287694
0.961834274
0.961130600
0.961266089
0.961269703
0.961533887
0.961223648
0.961233095
0.961080563
0.961210269
0.962014399
0.961306973
0.961384960
0.960996230
0.961137134
0.961185432
0.961277221
0.961224947
0.961323871
0.961982532
0.961128855
0.961203195
0.961130973
0.960904584
0.961285224
0.961268730
0.961149529
0.961288919
0.961911537
0.961219421
0.961217197
0.961244973
0.961166030
0.961364535
0.961329602
0.961645606
0.960904166
0.961936364
0.961520859
0.961381552
0.961378285
0.961396738
0.961486439
0.961096819
0.961236521
0.961232106
0.962152429
0.961235103
0.961466002
0.961480285
0.961499621
0.961119688
0.961226315
0.961283724
0.961142384
0.961665154
0.961307304
0.961376639
0.961212173
0.961258122
0.961411519
0.960969762
0.961294460
0.961145671
0.961826149
0.961150746
0.961138935
0.961368842
0.961078749
0.961178396
0.961380177
0.961204668
0.961152336
0.962268749
0.960937046
0.961215545
0.961098264
0.961330774
0.961326565
0.961146732
0.961305649
0.961124514
0.961771344
0.961343126
0.961109491
0.961170803
0.961220396
0.961479155
0.961208123
0.961120477
0.961651682
0.961702003
0.961317014
0.960842962
0.961276511
0.961514124
0.961207102
0.961230549
0.961104047
0.961247700
0.961886822
0.961335322
0.961469288
0.961215547
0.961165348
0.961334886
0.961549112
0.961171622
0.961285692
0.961378616
0.961253624
0.961290819
0.961188119
0.961311824
0.961573237
0.961325850
0.961412002
0.961450343
0.961162904
0.961377442
0.961402969
0.961513288
0.961140432
0.961326272
0.961159352
0.961350400
0.961366136
0.961448173
0.961480055
0.961258031
0.961514079
0.961226586
0.961782268
0.961080661
0.961257907
0.961535048
0.961186305
0.962206725
0.961248765
0.961368615
0.961205600
0.961132637
0.961726444
0.961140149
0.961519528
0.961469326
0.961998654
0.960837152
0.961261114
0.961235391
0.961363209
0.961363631
0.960998272
0.961254527
0.961162242
0.962327191
0.961137616
0.961541006
0.961806375
0.961188569
0.961260970
0.961095558
0.961343896
0.961444838
0.962171559
0.961459014
0.961091937
0.961360586
0.961275435
0.961346846
0.961273569
0.961289303
0.961522119
0.962206914
0.961585774
0.961042968
0.961584793
0.961194122
0.961463968
0.961313609
0.961689393
0.961441533
0.962013255
0.961366125
0.961121911
0.961094676
0.961522335
0.961241975
0.961349739
0.961314327
0.961309383
0.962244383
0.961325588
0.961252206
0.961642470
0.961441380
0.961327685
0.961384356
0.961538891
0.961269155
0.962133010
0.961610203
0.961724373
0.961309273
0.961158704
0.962003080
0.961377825
0.961224964
0.961068145
0.961986895
0.961485181
0.961436278
0.961596541
0.961219983
0.961289101
0.961438114
0.961255722
0.961308902
0.961733800
0.961366303
0.961212400
0.961198653
0.961215427
0.961482044
0.961317620
0.961013144
0.961341687
0.962062574
0.961333412
0.961303780
0.961417323
0.961407065
0.961454308
0.961496185
0.961018429
0.961513170
0.962068223
0.961318644
0.961530678
0.961502086
0.961371777
0.961127769
0.961200323
0.961377096
0.961176786
0.962063192
0.961391530
0.961357887
0.961478827
0.961251694
0.961301852
0.961170293
0.961140399
0.961272068
0.961871026
0.960951187
0.961424156
0.961634939
0.961241974
0.961150414
0.961663696
0.961526459
0.961321201
0.962101044
0.961271622
0.961366988
0.961208397
0.961112878
0.961409963
0.961294860
0.961027103
0.961236323
0.961763094
0.961348149
0.961125390
0.961354507
0.961317217
0.961339770
0.961363991
0.961321597
0.961170141
0.961957433
0.961250196
0.961263687
0.961445876
0.961502492
0.961402859
0.961357132
0.961422654
0.961125780
0.962124374
0.961265576
0.961309952
0.961249381
0.961339903
0.961180269
0.961304593
0.961204022
0.961107305
0.961179806
0.961204912
0.961668871
0.961322623
0.961011739
0.961095856
0.966959748
0.961508982
0.961237161
0.961306017
0.961485132
0.961135707
0.961568572
0.961111439
0.961354512
0.961187066
0.961381599
0.961281547
0.961527486
0.961929830
0.961410769
0.961177855
0.961082283
0.961129525
0.961160671
0.961441297
0.961144371
0.961647809
0.961991663
0.961489999
0.961469583
0.961365262
0.961547763
0.961112921
0.961535629
0.961325943
0.961414122
0.961886205
0.961067874
0.961480687
0.961322302
0.961569022
0.961188711
0.961524336
0.961453713
0.961370380
0.962379129
0.961659704
0.961763351
0.961329031
0.961661947
0.961614501
0.961468772
0.961226534
0.961346066
0.962042628
0.960979663
0.961190340
0.961228883
0.961303519
0.961407894
0.961451541
0.961373105
0.961264668
0.962038677
0.961296076
0.961167483
0.961434619
0.961293734
0.961052642
0.961257330
0.961501758
0.961456498
0.962016393
0.961205458
0.961275875
0.961380250
0.961350669
0.961267336
0.961279003
0.961087285
0.961256661
0.961969264
0.961291246
0.961365204
0.961083383
0.961656194
0.961627237
0.961432708
0.961275990
0.961320729
0.962496613
0.962128989
0.961547379
0.961212934
0.961115033
0.961216662
0.961565946
0.961264086
0.961004780
0.962095986
0.961168559
0.961350552
0.961670668
0.961302663
0.961417781
0.961410296
0.961350101
0.961635896
0.962167729
0.961405039
0.961268127
0.961317932
0.961101698
0.961093846
0.961187141
0.961356685
0.961142742
0.961833949
0.961105373
0.961383198
0.961337533
0.961175517
0.961575475
0.961248876
0.961297066
0.961400984
0.961868390
0.961424031
0.961211389
0.961347182
0.961438809
0.961461738
0.961029045
0.961616918
0.961264953
0.962090066
0.961177219
0.961120148
0.961400628
0.961364078
0.961386590
0.961072020
0.961401718
0.961277720
0.962014551
0.961418369
0.961649004
0.961685423
0.961423092
0.961645341
0.961390668
0.961005889
0.961597304
0.961848668
0.961430297
0.961476090
0.961414434
0.961218718
0.961250395
0.961195667
0.961324792
0.961534490
0.962140174
0.961614928
0.961328013
0.961323180
0.961299129
0.961170390
0.961630920
0.961407806
0.961441047
0.961786524
0.961335287
0.961151496
0.961260725
0.961550265
0.961289443
0.961273204
0.961390661
0.961207183
0.961972658
0.961416942
0.961046381
0.961228578
0.961350462
0.961280473
0.961497148
0.961386013
0.961319929
0.961022440
0.961256459
0.961344802
0.961344812
0.960989667
0.961273061
0.961460100
0.961305371
0.961585483
0.961455962
0.961393003
0.961355460
0.961561302
0.961374333
0.961169187
0.961329456
0.961466495
0.961397235
0.961208338
0.962057406
0.961262731
0.961494509
0.961315561
0.960917967
0.961630004
0.961446784
0.961409450
0.961312584
0.962159932
0.961325413
0.961551723
0.961535846
0.961222939
0.961277427
0.961353424
0.961365152
0.961363389
0.962030947
0.961419396
0.961238102
0.961502172
0.961404212
0.961314794
0.961060375
0.961339548
0.961397473
0.962132321
0.961360041
0.961157603
0.961142715
0.961148243
0.961754862
0.961366018
0.961090715
0.961316398
0.961798695
0.961597350
0.961296838
0.961402939
0.961261697
0.961168268
0.961358327
0.961136564
0.961488393
0.962132720
0.961713823
0.961303416
0.961464152
0.961217597
0.961068595
0.961614589
0.961167515
0.961323042
0.961846380
0.961127275
0.961262804
0.961251769
0.961574483
0.961300376
0.961303821
0.961126433
0.961528313
0.961988838
0.961563065
0.961173491
0.961173497
0.961438243
0.961254136
0.961455339
0.961084253
0.961260145
0.962224470
0.961445418
0.961642142
0.961441629
0.961524812
0.961546068
0.961492064
0.961275873
0.960987340
0.962016560
0.961138342
0.961346732
0.961367728
0.961369348
0.961336750
0.961363579
0.961233326
0.961592550
0.962424687
0.961039386
0.961635900
0.961268303
0.961291226
0.961078472
0.961428165
0.961557077
0.961468749
0.961869014
0.961211158
0.961267153
0.961904186
0.961276435
0.961389461
0.961208217
0.961148067
0.961395988
0.961832346
0.961460739
0.961364963
0.961457312
0.961217683
0.961120866
0.961167018
0.961671083
0.961228122
0.962296977
0.961259173
0.961441053
0.961243924
0.961472262
0.961337841
0.961466075
0.961156550
0.961345408
0.961808641
0.961556980
0.961158341
0.961312669
0.961361372
0.961475178
