0.969842116
0.961394858
0.953179213
0.441528417
0.962059803
0.961620535
0.960027989
0.942797484
0.961760170
0.937915889
0.961769546
0.961638245
0.961576422
0.926803277
0.961605484
0.961718713
0.441540189
0.441543939
0.945362007
0.961426372
0.936266470
0.961628038
0.961644965
0.961487986
0.932308466
0.961481529
0.961696945
0.441701751
0.929149521
0.962124288
0.949802670
0.953559530
0.961438509
0.962020643
0.441443316
0.944718419
0.961676009
0.961670488
0.441463628
0.935085541
0.961454865
0.961554240
0.441418108
0.961069034
0.961697105
0.961606271
0.939395630
0.961359502
0.940171044
0.960653255
0.961433460
0.961875907
0.932233784
0.961601013
0.961453826
0.441618057
0.922775332
0.961546586
0.961361900
0.441459619
0.961545024
0.961609139
0.961370859
0.940387920
0.961348516
0.961687108
0.441462641
0.930614834
0.961724400
0.953837452
0.441382121
0.961550547
0.961732942
0.960213678
0.943744263
0.961563047
0.961451486
0.441313111
0.932783682
0.961369924
0.945841860
0.441371028
0.961685809
0.961375497
0.955308022
0.441546028
0.961582529
0.961440186
0.961748778
0.931270825
0.961492321
0.952234546
0.441592643
0.961467843
0.961471957
0.960849824
0.942421199
0.961765655
0.961538728
0.441686497
0.930608382
0.961374823
0.961905551
0.441338790
0.920986597
0.961396231
0.961363470
0.441501602
0.961895656
0.961569303
0.858523718
0.923950805
0.961410346
0.961384097
0.441483738
0.928745943
0.961668784
0.961365295
0.441492593
0.961575138
0.961942272
0.903588803
0.961835867
0.961559254
0.939632517
0.961562118
0.961724722
0.961411390
0.927887563
0.961458057
0.950707891
0.952929028
0.961138007
0.961773212
0.920251032
0.961649047
0.961400767
0.441673427
0.961265247
0.961576078
0.865321925
0.961595350
0.961787328
0.961540923
0.932223018
0.961665350
0.961542017
0.538851068
0.961385091
0.962169307
0.737250032
0.926527780
0.961313738
0.961763424
0.441445044
0.441594939
0.441383377
0.961467748
0.961788945
0.961633217
0.940052103
0.961526447
0.939737209
0.961519781
0.961451135
0.961781863
0.925518047
0.961479677
0.961247907
0.441495721
0.961491553
0.961796551
0.912943201
0.961805041
0.961473688
0.952956847
0.949032696
0.961490147
0.961767542
0.441525982
0.441523482
0.961658168
0.961751710
0.962178166
0.441445826
0.961562647
0.961321556
0.961595721
0.926363775
0.961643586
0.949553477
0.952896901
0.961421191
0.961526972
0.441302963
0.937212484
0.961397077
0.961664315
0.441563692
0.441358328
0.441717753
0.961235620
0.962040982
0.902472881
0.961767493
0.961611140
0.940249453
0.959741877
0.961154059
0.961441975
0.927616326
0.961684161
0.950329935
0.441493641
0.441930306
0.441339006
0.923086917
0.961697287
0.961607600
0.441400048
0.961685724
0.961442236
0.907709999
0.441589891
0.961567288
0.961823850
0.916659495
0.961707497
0.961818277
0.956550902
0.945649955
0.961349373
0.934223021
0.961404790
0.961666508
0.961606040
0.938878785
0.961391666
0.961645415
0.441475517
0.441613850
0.441546767
0.961414739
0.961597083
0.902258512
0.961835936
0.961451458
0.938946025
0.961852446
0.961413438
0.962050311
0.441487757
0.441501247
0.441586403
0.441464684
0.931635221
0.961618802
0.961554167
0.441487393
0.923429577
0.961529584
0.961496303
0.441611403
0.441518435
0.438629488
0.961638439
0.961262086
0.911907695
0.441473592
0.961894636
0.961557397
0.918976835
0.961535211
0.961668856
0.957933662
0.441517446
0.961322920
0.961691668
0.961324483
0.441349999
0.441668487
0.961666930
0.961929950
0.943448460
0.959233814
0.961637399
0.922838957
0.961802086
0.961341150
0.961565108
0.940016494
0.961569848
0.961757816
0.441436718
0.935612241
0.961783598
0.944298665
0.959609283
0.961803702
0.961484849
0.441422187
0.950886245
0.961763599
0.961528339
0.441361094
0.940125819
0.961633078
0.937948171
0.441414375
0.441570677
0.962087504
0.961437299
0.913844775
0.961711829
0.961775006
0.951531505
0.441508021
0.961517611
0.961641205
0.904936530
0.961330841
0.961720631
0.943009142
0.959112413
0.961502247
0.961792142
0.924331716
0.961789330
0.953059469
0.949265941
0.961361520
0.961580946
0.441647865
0.441456304
0.961744018
0.961541884
0.905803976
0.441440835
0.961655530
0.961680738
0.913098063
0.961573343
0.961552198
0.952758586
0.949986253
0.961752041
0.931601637
0.961505219
0.961552927
0.961912717
0.441479585
0.961902092
0.961621521
0.961526834
0.926917698
0.961589230
0.947261890
0.962024280
0.961411054
0.961506001
0.928042173
0.961812459
0.961391054
0.441339847
0.919982622
0.961631731
0.961173503
0.441454326
0.441525679
0.441474638
0.961766209
0.961495586
0.910324535
0.961875272
0.961581835
0.946110594
0.956232378
0.961707096
0.924260470
0.961752460
0.961424493
0.961555274
0.441422503
0.961684388
0.961470900
0.961697566
0.441645576
0.441432660
0.961482983
0.961954521
0.960118980
0.441476966
0.961824889
0.961434475
0.961601246
0.930087479
0.961569686
0.947723132
0.441407907
0.961465157
0.961862084
0.955668258
0.947761262
0.961561775
0.961207403
0.441539993
0.441636242
0.961456519
0.961383186
0.917898847
0.961566625
0.961391991
0.958829244
0.441629110
0.961761941
0.961322516
0.961567411
0.940055320
0.961788975
0.941212868
0.441516041
0.961424344
0.961562938
0.953846619
0.948725548
0.961634347
0.961640494
0.441543908
0.441437815
0.961500965
0.961729871
0.915018200
0.961686331
0.961705708
0.952452363
0.441530734
0.441635369
0.961592013
0.961585139
0.877820192
0.441489278
0.936545510
0.961730662
0.961573424
0.441317561
0.926272537
0.961435614
0.961670614
0.441679279
0.961432908
0.961546763
0.859897518
0.923788178
0.961430777
0.961556038
0.441495950
0.920605487
0.961798278
0.961861040
0.441347567
0.961829739
0.961188180
0.856785404
0.926445884
0.961419223
0.961445839
0.441349704
0.923633972
0.961271987
0.961594279
0.441346425
0.961355479
0.961746728
0.909924974
0.961723970
0.962020479
0.945731905
0.956617587
0.961754077
0.961653402
0.441291117
0.441673876
0.961937724
0.961515383
0.959300655
0.944236709
0.961878614
0.961686845
0.441580754
0.441390703
0.961831742
0.961371067
0.913414920
0.961454402
0.961592787
0.959707328
0.942407508
0.961564560
0.961711280
0.441537685
0.441540236
0.961408783
0.961548523
0.916267416
0.961809930
0.961274047
0.952371535
0.949608890
0.961762172
0.961391342
0.441275033
0.961521134
0.961663582
0.825445990
0.441485606
0.961550564
0.961520929
0.933723913
0.961961866
0.961482599
0.961858483
0.441430609
0.958561884
0.961363748
0.923983127
0.961507863
0.962046820
0.958205639
0.945492621
0.961429481
0.961661824
0.441345560
0.935684384
0.961712191
0.943945966
0.959072464
0.961599798
0.961784850
0.926837812
0.961594487
0.961328656
0.441472751
0.441630043
0.441297492
0.961778760
0.961624595
0.959487366
0.943464361
0.961871940
0.961279027
0.441463848
0.931010876
0.961616683
0.954585151
0.949394810
0.961422781
0.961642260
0.441274996
0.937063459
0.961621897
0.961736584
0.441430934
0.929369379
0.961527472
0.951930587
0.952220430
0.961608881
0.961564923
0.441565832
0.941877716
0.961411332
0.961573884
0.441526771
0.932936715
0.961740239
0.948184465
0.955466257
0.961895814
0.961509774
0.441636929
0.441432711
0.961903629
0.961116706
0.907872192
0.441409378
0.961608684
0.962001235
0.916553928
0.441498599
0.961643895
0.961435250
0.926626805
0.441407453
0.961782595
0.961570513
0.880901115
0.961596504
0.961779993
0.917776014
0.753073586
0.961267862
0.961759735
0.559578936
0.441499436
0.961630466
0.961511457
0.874364639
0.441394854
0.941083420
0.961349638
0.961888907
0.441442042
0.922462772
0.961487608
0.961529744
0.441362721
0.961745785
0.961768130
0.910941938
0.441427826
0.961589851
0.961638706
0.915688119
0.961710478
0.961712457
0.896455806
0.961574959
0.961576418
0.934013254
0.961755429
0.961329494
0.961466213
0.934103620
0.962058034
0.961485068
0.441461059
0.961671475
0.962098453
0.959810391
0.441509029
0.441616684
0.961574500
0.961910488
0.937564601
0.441599446
0.961583251
0.961946740
0.889885845
0.441516896
0.441542729
0.441509604
0.961609712
0.961455182
0.953453758
0.949116642
0.961585548
0.961584663
0.920045620
0.961345603
0.961929455
0.935807691
0.961435865
0.961689719
0.441432786
0.961347481
0.961921490
0.914371481
0.441563254
0.441434505
0.930316155
0.961201027
0.961539985
0.441407736
0.919811410
0.961587850
0.961881339
0.441579454
0.961475873
0.961846132
0.866831218
0.961670926
0.961812176
0.961487855
0.947658174
0.961578533
0.961636502
0.441450135
0.939733053
0.961350307
0.942182314
0.959824324
0.961755828
0.961543381
0.441431022
0.949115465
0.961450310
0.961553175
0.441550814
0.441617116
0.441913729
0.441410137
0.962144684
0.961478282
0.914350510
0.961899739
0.962002291
0.950806714
0.952792279
0.961794169
0.927317177
0.961922711
0.961974274
0.961620421
0.939903690
0.961610892
0.961618288
0.441619880
0.438377290
0.954940713
0.961591415
0.922315954
0.961247198
0.961725061
0.959505852
0.944824352
0.961517460
0.961728240
0.441486914
0.928197912
0.961610899
0.957072324
0.947040804
0.961676837
0.961291736
0.791687545
0.961727620
0.961638038
0.520225288
0.961711945
0.961444394
0.860385856
0.923976269
0.961417625
0.961687312
0.441415825
0.961416428
0.961866896
0.957002073
0.945380611
0.961635961
0.937830071
0.961446744
0.961460442
0.961842785
0.933199415
0.961444142
0.961462319
0.441550880
0.929088391
0.961709923
0.951765851
0.951574185
0.961757997
0.961651905
0.441264893
0.926039865
0.961499355
0.961771230
0.441395778
0.961692949
0.961834199
0.906368960
0.961486337
0.961606805
0.941231474
0.441485988
0.961724306
0.961654775
0.954001787
0.961503631
0.961378633
0.951827214
0.953064709
0.961539571
0.961655769
0.441288491
0.942751681
0.961921810
0.938007483
0.961832228
0.961668896
0.961510408
0.441335471
0.956397878
0.961588169
0.961599992
0.441420783
0.947893227
0.961543275
0.929449033
0.961654318
0.961384370
0.961890099
0.938249571
0.961536507
0.961302655
0.441388286
0.931697465
0.961804216
0.952527797
0.950036609
0.961544010
0.961784374
0.441280423
0.939582748
0.961435314
0.961290575
0.441379746
0.921225741
0.961531670
0.960244592
0.943079246
0.961637660
0.961536046
0.441410320
0.932607415
0.961506776
0.961538391
0.441473081
0.441630685
0.941779723
0.961671465
0.938939736
0.961664279
0.961579435
0.961782508
0.929996233
0.961556677
0.961640375
0.441349750
0.961637094
0.961492980
0.957723465
0.441475532
0.961463398
0.961758658
0.961589857
0.441589855
0.961386733
0.961891159
0.912613601
0.961543974
0.961549182
0.951001309
0.953737184
0.961287935
0.961554340
0.921648722
0.961690330
0.961178718
0.940884478
0.961405905
0.961703300
0.441496317
0.928842290
0.961412365
0.961699916
0.441325224
0.961433980
0.961690230
0.907969721
0.961405440
0.961668773
0.944764676
0.441476943
0.961532524
0.961669503
0.956019110
0.947348469
0.961672265
0.933452902
0.858528520
0.961527527
0.961306591
0.465653409
0.959906858
0.961727320
0.961618466
0.441434029
0.952724388
0.961577634
0.937378306
0.961710603
0.961380501
0.961671802
0.936287166
0.961349616
0.961478366
0.441732051
0.931482448
0.961514513
0.945996869
0.956896877
0.961850763
0.961602691
0.926733563
0.961544932
0.961776337
0.441482262
0.441701115
0.949787585
0.961531131
0.931375421
0.961467851
0.961459153
0.961293321
0.441501638
0.961018010
0.961785351
0.957997971
0.961224000
0.961718998
0.917342617
0.961632333
0.961458167
0.954564237
0.947400829
0.961577647
0.961539939
0.441561900
0.939943205
0.961535409
0.961583534
0.441432058
0.926103262
0.961344942
0.961605202
0.441322475
0.961480724
0.961740670
0.855356729
0.950538790
0.961295934
0.961796088
0.918542880
0.961586194
0.961335571
0.441372841
0.957282098
0.961841299
0.855846521
0.929077527
0.961550103
0.961419166
0.441317061
0.441579196
0.941896434
0.961471667
0.961690364
0.441417061
0.935101827
0.961358961
0.946908864
0.441300031
0.961606877
0.961531774
0.956476066
0.441357010
0.961775524
0.961567556
0.961943701
0.939499104
0.961911045
0.941605502
0.961640057
0.961424745
0.961396726
0.925753433
0.961209331
0.961617663
0.441480137
0.441674147
0.949646410
0.961403602
0.961904278
0.441530919
0.939723378
0.961461363
0.961746884
0.441593211
0.961715842
0.961246521
0.830531635
0.441261077
0.961419230
0.961596782
0.929937223
0.961199701
0.961670689
0.961500585
