0.574377161
0.574931482
0.574339453
0.574340339
0.574459713
0.574531587
0.574483202
0.574421120
0.574564087
0.574369818
0.574619765
0.574395546
0.574463046
0.574467109
0.574434401
0.574657629
0.574985961
0.574415755
0.574454037
0.574506953
0.574576380
0.574324245
0.574436641
0.574513099
0.574308256
0.574511641
0.574575026
0.574205548
0.574430235
0.574408151
0.574284402
0.574865077
0.574569297
0.574453777
0.574518308
0.574477527
0.574274715
0.574519037
0.574460964
0.574245861
0.574468412
0.574521537
0.574435079
0.574582474
0.574611328
0.574368517
0.574917890
0.574411225
0.574473621
0.574377528
0.574610026
0.574230340
0.574477683
0.574575808
0.574345861
0.574441434
0.574498673
0.574571850
0.574688516
0.574624610
0.574441174
0.574886485
0.574630600
0.574490444
0.574434455
0.574518673
0.574500966
0.574524663
0.574582163
0.574320289
0.574486069
0.574596278
0.574462424
0.574566694
0.574708413
0.574596798
0.575136119
0.574600184
0.574543510
0.574472344
0.574613117
0.574568329
0.574458383
0.574558437
0.574354120
0.574491517
0.574632768
0.574347149
0.574577202
0.574593662
0.574440646
0.575118508
0.574484921
0.574355342
0.574590916
0.574428992
0.574478422
0.574607278
0.574444729
0.574403587
0.574521141
0.574363748
0.574429793
0.574491722
0.574516516
0.574444228
0.574676469
0.574527618
0.574348559
0.574568144
0.574598198
0.574434087
0.574552840
0.574491279
0.574383157
0.574485713
0.574559725
0.574275926
0.574625668
0.574444161
0.574309997
0.574590258
0.574497606
0.574340473
0.574741151
0.574448291
0.574496053
0.574635951
0.574650381
0.574490384
0.574624291
0.574454974
0.574422111
0.574556226
0.574460137
0.574422900
0.574683108
0.574471760
0.574526292
0.574594106
0.574498694
0.574241094
0.574457448
0.574457451
0.574342612
0.574688756
0.574514386
0.574284078
0.574768294
0.574384185
0.574465542
0.574758303
0.574513515
0.574412999
0.574647998
0.574352847
0.574394673
0.574642590
0.574510196
0.574329732
0.574551972
0.574482027
0.574467864
0.574659531
0.574556825
0.574322664
0.574364124
0.574457511
0.574432305
0.574543871
0.574536476
0.574364292
0.574909031
0.574293829
0.574707318
0.574592531
0.574423471
0.574581233
0.574652434
0.574368062
0.574616656
0.574400255
0.574411767
0.574579007
0.574584167
0.574529638
0.574446775
0.574452300
0.574479854
0.574482668
0.574600222
0.574384133
0.574555800
0.574433616
0.574310442
0.574565651
0.574646851
0.574161493
0.574390868
0.574538369
0.574315249
0.574616707
0.574445251
0.574148642
0.574446403
0.574601507
0.574269690
0.574455836
0.574521827
0.574418133
0.574437667
0.574469908
0.574280641
0.574528767
0.574398144
0.574582260
0.574544294
0.574427942
0.574270030
0.574508938
0.574431856
0.574560190
0.574525663
0.574377020
0.574246970
0.574602075
0.574441141
0.575063898
0.574508541
0.574430731
0.574419795
0.574324434
0.574438029
0.574289126
0.574375013
0.574523504
0.574297518
0.574483821
0.574429919
0.574552575
0.574394349
0.574511279
0.575037422
0.574237534
0.574353474
0.574388632
0.574364570
0.574436449
0.574461971
0.574390411
0.574543225
0.574453905
0.574299116
0.574428962
0.574442870
0.574347143
0.574374177
0.574586938
0.574448347
0.574355590
0.574453612
0.574270230
0.574484345
0.574566587
0.574315444
0.574453205
0.574416646
0.574379930
0.574341025
0.574456601
0.574515091
0.574388948
0.574936395
0.574496765
0.574443381
0.574473748
0.574392032
0.574448648
0.574411568
0.574395529
0.574436675
0.574556312
0.574373452
0.574406891
0.574459028
0.574302261
0.574359449
0.574973978
0.574304819
0.574451851
0.574406176
0.574345710
0.574455399
0.574357067
0.574464726
0.574497436
0.574318637
0.574509836
0.574522077
0.574192237
0.574423280
0.574405262
0.574937239
0.574310734
0.574495371
0.574592924
0.574421833
0.574376629
0.574342515
0.574379705
0.574728820
0.574359188
0.574341533
0.574602733
0.574337216
0.574395862
0.574498989
0.574938728
0.574363109
0.574518630
0.574449779
0.574374781
0.574615771
0.574432703
0.574461454
0.574478382
0.574284740
0.574363335
0.574589117
0.574319278
0.574426883
0.574513133
0.574849853
0.574284911
0.574584440
0.574344654
0.574450696
0.574652363
0.574326326
0.574371067
0.574613099
0.574208728
0.574421541
0.574528209
0.574315035
0.574461912
0.574669724
0.574914464
0.574417335
0.574495513
0.574303380
0.574417236
0.574501508
0.574441666
0.574360524
0.574495785
0.574234226
0.574314800
0.574646206
0.574261158
0.574373973
0.574608608
0.574771317
0.574290436
0.574411584
0.574127837
0.574499138
0.574415444
0.574262789
0.574348780
0.574338159
0.574282066
0.574767534
0.574292539
0.574399259
0.574583843
0.574470095
0.575030667
0.574622754
0.574457497
0.574475051
0.574655468
0.574446253
0.574156934
0.574863805
0.574416414
0.574409907
0.574675375
0.574521158
0.574326006
0.574989389
0.574344759
0.574925174
0.574599813
0.574597263
0.574364038
0.574828099
0.574423050
0.574426491
0.574747532
0.574355817
0.574494256
0.574646340
0.574394729
0.574522386
0.574524106
0.574597076
0.574802962
0.574791922
0.574417447
0.574451980
0.574502555
0.574435838
0.574521620
0.574556571
0.574456156
0.574426626
0.574581575
0.574593243
0.574298663
0.574697570
0.574363719
0.575022675
0.574590649
0.574472005
0.574362996
0.574568726
0.574432843
0.574445241
0.574667533
0.574513318
0.574444100
0.574486550
0.574317751
0.574383794
0.574494367
0.574447391
0.574985045
0.574573069
0.574407709
0.574323440
0.574603231
0.574557609
0.574369278
0.574627923
0.574346938
0.574462147
0.574514961
0.574481577
0.574547725
0.574545173
0.574356531
0.575075227
0.574541220
0.574461847
0.574466694
0.574496122
0.574569821
0.574416907
0.574483210
0.574413941
0.574365558
0.574593423
0.574378529
0.574479156
0.574467179
0.574423586
0.575052074
0.574488434
0.574466091
0.574425573
0.574525886
0.574450315
0.574560368
0.574494329
0.574356830
0.574551362
0.574456782
0.574451679
0.574527409
0.574473766
0.574535850
0.575032619
0.574620228
0.574530438
0.574425596
0.574589400
0.574419923
0.574602059
0.574475863
0.574489772
0.574278680
0.574438889
0.574340506
0.574586079
0.574570196
0.574406136
0.574981654
0.574572544
0.574353954
0.574558276
0.574445258
0.574531196
0.574284897
0.574667604
0.574463858
0.574327870
0.574459121
0.574485998
0.574298917
0.574499125
0.574657304
0.574953084
0.574491109
0.574730589
0.574341895
0.574554967
0.574479658
0.574443931
0.574491535
0.574591953
0.574416383
0.574578363
0.574544354
0.574485033
0.574460191
0.574728524
0.574849566
0.574695558
0.574465874
0.574254887
0.574520981
0.574581919
0.574257288
0.574433746
0.574525674
0.574348489
0.574568750
0.574715104
0.574253182
0.574437921
0.574522558
0.574951411
0.574395739
0.574589229
0.574407409
0.574538764
0.574634337
0.574408454
0.574437571
0.574467884
0.574467312
0.574592106
0.574623253
0.574423619
0.574469194
0.574590548
0.574986849
0.574444198
0.574695917
0.574379618
0.574518942
0.574569516
0.574334831
0.574420040
0.574549468
0.574348689
0.574573898
0.574529838
0.574417235
0.574617704
0.574574112
0.574819945
0.574359168
0.574478544
0.574366098
0.574728806
0.574458288
0.574557977
0.574506988
0.574417199
0.574370586
0.574511471
0.574440744
0.574367674
0.574545278
0.574571425
0.574823978
0.574751531
0.574300858
0.574250600
0.574620703
0.574376799
0.574285916
0.574622114
0.574555812
0.574363629
0.574503889
0.574456651
0.574468944
0.574536445
0.574554936
0.574966550
0.574552230
0.574402232
0.574423484
0.574651140
0.574378851
0.574435362
0.574622655
0.574436876
0.574541876
0.574649222
0.574289484
0.574334069
0.574631830
0.574375790
0.574886101
0.574727875
0.574377514
0.574341004
0.574504130
0.574436007
0.574458351
0.574592987
0.574333563
0.574239346
0.574545075
0.574382005
0.574383412
0.574675339
0.574229093
0.574890652
0.574581593
0.574351700
0.574380504
0.574544671
0.574225664
0.574467173
0.574563059
0.574426083
0.574494729
0.574336450
0.574191349
0.574460931
0.574343173
0.574421924
0.574897704
0.574544478
0.574368230
0.574387502
0.574351618
0.574309224
0.574421360
0.574351726
0.574191208
0.574539436
0.574438813
0.574301262
0.574330066
0.574304703
0.574332464
0.574996785
0.574550070
0.574310280
0.574532364
0.574410074
0.574187785
0.574598618
0.574382474
0.574387319
0.574557163
0.574415342
0.574198261
0.574538209
0.574309566
0.574401857
0.574943783
0.574504413
0.574193061
0.574633164
0.574391187
0.574313064
0.574385356
0.574488742
0.574171454
0.574374370
0.574440621
0.574286040
0.574625153
0.574420000
0.574205680
0.574991041
0.574440681
0.574354797
0.574458912
0.574456986
0.574251207
0.574508239
0.574399334
0.574514647
0.574444180
0.574383036
0.574459443
0.574673505
0.574414237
0.574393041
0.574842414
0.574408876
0.574292732
0.574606221
0.574484191
0.574294767
0.574522423
0.574341280
0.574237219
0.574535916
0.574351543
0.574365554
0.574672481
0.574443942
0.574342225
0.575045191
0.574364206
0.574412593
0.574475927
0.574415668
0.574471137
0.574544628
0.574393901
0.574413902
0.574639944
0.574582601
0.574399113
0.574691978
0.574348387
0.574456773
0.575084688
0.574634951
0.574596775
0.574522662
0.574348342
0.574400530
0.574556416
0.574445689
0.574575689
0.574561211
0.574515639
0.574503088
0.574436423
0.574649965
0.574503249
0.574970382
0.574562313
0.574429502
0.574448930
0.574610181
0.574543411
0.574432944
0.574372425
0.574586123
0.574558780
0.574479458
0.574459408
0.574619721
0.574390712
0.574563630
0.574998732
0.574603006
0.574677122
0.574559467
0.574395979
0.574432647
0.574469263
0.574531502
0.574772024
0.574481402
0.574398694
0.574602393
0.574461197
0.574408281
0.574412761
0.575017708
0.574403388
0.574512503
0.574571827
0.574432350
0.574335997
0.574461414
0.574563289
0.574397094
0.574728708
0.574535481
0.574729074
0.574549858
0.574505589
0.574366215
0.574965223
0.574527311
0.574337520
0.574486115
0.574616792
0.574331534
0.574434243
0.574549087
0.574426797
0.574497996
0.574520601
0.574433206
0.574492530
0.574635604
0.574329617
0.575264196
0.574478524
0.574399775
0.574470661
0.574520454
0.574444258
0.574428529
0.574538530
0.574355094
0.574484105
0.574456815
0.574358014
0.574658586
0.574644161
0.574395726
0.574951192
0.574630882
0.574322760
0.574473646
0.574554063
0.574424585
0.574604741
0.574505316
0.574265527
0.574703598
0.574580371
0.574499019
0.574502092
0.574551207
0.574374907
0.575032144
0.574523710
0.574422046
0.574434234
0.574682827
0.574229758
0.574442622
0.574435071
0.574367260
0.574435959
0.574455074
0.574273201
0.574609659
0.574423514
0.574331901
0.575192732
0.574422476
0.574316175
0.574520186
0.574357375
0.574376542
0.574554928
0.574361024
0.574394149
0.574658472
0.574449932
0.574453579
0.574472643
0.574433946
0.574311760
0.575139673
0.574325043
0.574297283
0.574570409
0.574586503
0.574385516
0.574630307
0.574429059
0.574397966
0.574749319
0.574435572
0.574302032
0.574618594
0.574366149
0.574400368
0.575025625
0.574498234
0.574341204
0.574739848
0.574372821
0.574314593
0.574618759
0.574531051
0.574331523
0.574635844
0.574608137
0.574396994
0.574514285
0.574507516
0.574377153
0.575076368
0.574738767
0.574579863
0.574759185
0.574445855
0.574472209
0.574758251
0.574291379
0.574434869
0.574633515
0.574385965
0.574428517
0.574587007
0.574448884
0.574482635
0.574473781
0.574420033
0.574372950
0.574575815
0.574439514
0.574355453
0.574481183
0.574551548
0.574492434
0.574502175
0.574459312
0.574496186
0.574656552
0.574544209
0.574433168
0.574400931
0.574384265
0.574438328
0.574480985
0.574579840
0.574514528
0.574476143
0.574413229
0.574668020
0.574516823
0.574419741
0.574449429
0.574660991
0.574489483
0.574460369
0.574396933
0.574442246
0.574406778
0.574618758
0.574461364
0.574561572
0.574481729
0.574455533
0.574376628
0.574498034
0.574433608
0.574508974
0.574524807
0.574500590
0.574514184
0.574410071
0.574365333
0.574464448
0.574426740
0.574445908
0.574487107
0.574550024
0.574389243
0.574521693
0.574374611
0.574323569
0.574409039
0.574384873
0.574234562
0.574533000
0.574482167
0.574307845
0.574495085
0.574479356
0.574231025
0.574415973
0.574536859
0.574265819
0.574666652
0.574507278
0.574213062
0.574333322
0.574491761
0.574381970
0.574338637
0.574442232
0.575074365
0.574326661
0.574439786
0.574398589
0.574289528
0.574487705
0.574315831
