0.638259580
0.638352705
0.638460153
0.638605153
0.638560622
0.638479060
0.638733382
0.638618748
0.638613539
0.638655779
0.638713592
0.638458853
0.638892653
0.638405833
0.638667030
0.638569009
0.638511510
0.638445261
0.638735208
0.638430730
0.638640886
0.638451772
0.638528907
0.638405418
0.638450002
0.638363180
0.638664429
0.638371670
0.638639637
0.638522451
0.638567139
0.638616045
0.638478753
0.638468390
0.638535108
0.638400369
0.638521983
0.638435526
0.638455161
0.638532765
0.638389641
0.638419693
0.638797765
0.638296986
0.638789432
0.638432455
0.638487351
0.638669017
0.638515528
0.638496987
0.638719330
0.638613289
0.638599279
0.638403082
0.638428916
0.638795425
0.638501832
0.638355270
0.638728394
0.638485635
0.638681051
0.638281886
0.638386313
0.638729333
0.638554594
0.638619386
0.638681833
0.638382251
0.638633553
0.638436626
0.638649960
0.638785220
0.638644699
0.638382201
0.638796158
0.638507566
0.638748867
0.638438296
0.638447827
0.638768346
0.638584181
0.638490848
0.638765378
0.638480797
0.638795535
0.638517098
0.638731629
0.638642620
0.638794807
0.638432465
0.638890640
0.638564964
0.638686266
0.638487674
0.638693715
0.638714913
0.638466008
0.638435278
0.638719444
0.638524498
0.638511113
0.638403926
0.638771841
0.638701268
0.638489759
0.638601270
0.638676373
0.638400438
0.638460802
0.638521322
0.638724708
0.638661478
0.638596740
0.638437469
0.638659812
0.638542886
0.638391898
0.638584344
0.638526012
0.638488825
0.638524190
0.638618356
0.638751376
0.638504607
0.638498982
0.638518305
0.638610805
0.638492368
0.638852159
0.638453462
0.638685961
0.638555545
0.638588254
0.638492786
0.638764920
0.638602525
0.638644140
0.638476276
0.638572683
0.638455860
0.638712630
0.638627943
0.638719922
0.638515392
0.638556746
0.638504142
0.638657475
0.638693360
0.638614298
0.638734559
0.638522998
0.638668570
0.638650914
0.638476019
0.638530915
0.638516957
0.638717009
0.638443780
0.638463885
0.638751956
0.638547999
0.638774978
0.638695083
0.638760447
0.638590448
0.638421959
0.638891801
0.638728417
0.638479616
0.638563886
0.638923312
0.638439981
0.638649876
0.638374513
0.638742533
0.638680501
0.638423941
0.638553263
0.638826543
0.638528107
0.638581440
0.638469305
0.638643420
0.638705972
0.638632587
0.638462952
0.638682274
0.638480765
0.638555244
0.638622380
0.638578838
0.638670140
0.638509307
0.638629985
0.638873109
0.638334622
0.638542590
0.638764204
0.638701548
0.638639777
0.638436966
0.638666080
0.638876496
0.638512487
0.638546914
0.638821132
0.638623424
0.638673163
0.638662487
0.638403477
0.638824727
0.638554831
0.638608269
0.638700352
0.638440666
0.638586707
0.638657853
0.638594780
0.638688791
0.638570301
0.638537073
0.638757489
0.638691603
0.638713010
0.638692073
0.638533427
0.638597543
0.638709260
0.638644991
0.638588585
0.638624626
0.638679418
0.638700825
0.638331711
0.638835720
0.638490722
0.638751606
0.638659419
0.638456191
0.638652701
0.638764420
0.638400462
0.638926137
0.638775617
0.638620879
0.638697129
0.638609369
0.638671973
0.638642077
0.638624838
0.638858274
0.638380621
0.638439944
0.638751869
0.638823068
0.638734317
0.638517131
0.638342132
0.638862599
0.638653381
0.638435309
0.638832704
0.638635465
0.638646975
0.638498486
0.638545206
0.638559737
0.638401561
0.638528852
0.638767080
0.638599686
0.638554008
0.638471977
0.638804425
0.638725623
0.638581561
0.638459999
0.638809373
0.638695102
0.638379635
0.638704010
0.638521823
0.639009217
0.638453438
0.638751614
0.638658645
0.638417710
0.638525053
0.638650313
0.638491512
0.638776042
0.638599324
0.638611772
0.638569272
0.638513179
0.638622918
0.638640262
0.638640783
0.638597085
0.638787189
0.638545367
0.638756147
0.638474222
0.638679795
0.638609274
0.638467607
0.638688649
0.638620785
0.638597087
0.638727451
0.638732920
0.638501983
0.638579067
0.638550421
0.638747244
0.638804118
0.638569327
0.638604328
0.638571776
0.638613183
0.638610682
0.638718859
0.638692714
0.638550215
0.638540111
0.638626413
0.638863027
0.638597975
0.638672038
0.638500893
0.638701309
0.638729330
0.638664955
0.638705893
0.638637455
0.638696049
0.638487613
0.638868653
0.638795736
0.638485738
0.638520738
0.638649071
0.638554332
0.638352770
0.638690165
0.638622405
0.638620686
0.638436365
0.638484437
0.638723812
0.638586833
0.638593552
0.638872353
0.638604959
0.638701260
0.638678969
0.638595949
0.638851781
0.638603136
0.638530272
0.638788969
0.638544647
0.638539178
0.638407877
0.638623189
0.638573814
0.638484857
0.638430325
0.638786314
0.638560482
0.638737721
0.638761679
0.638686263
0.638768190
0.638408347
0.638772461
0.638721159
0.638481212
0.638657670
0.638567046
0.638698503
0.638545484
0.638532358
0.638614702
0.638717149
0.638405901
0.638606838
0.638728348
0.638569338
0.638570953
0.638582360
0.638508922
0.638732932
0.638448714
0.638861526
0.638548558
0.638568402
0.638502777
0.638605225
0.638571110
0.638525955
0.638637569
0.638817048
0.638623975
0.638484653
0.638745903
0.638625539
0.638419863
0.638941475
0.638593769
0.638766736
0.638571529
0.638534186
0.638639081
0.638523300
0.638521530
0.638641789
0.638558405
0.638741842
0.638441166
0.638505176
0.638798405
0.638817519
0.638506010
0.638723561
0.638540176
0.638732155
0.638491166
0.638589916
0.638778562
0.638694761
0.638642417
0.638803302
0.638602104
0.638715542
0.638597157
0.638552470
0.638802208
0.638504970
0.638460803
0.638543721
0.638628876
0.638747209
0.638486950
0.638600752
0.638630544
0.638506117
0.638734866
0.638772210
0.638567055
0.638609503
0.638643357
0.638497211
0.638883356
0.638527524
0.638555857
0.638585909
0.638451171
0.638441535
0.638544035
0.638590390
0.638733566
0.638474036
0.638517630
0.638960232
0.638444348
0.638689556
0.638457005
0.638587943
0.638590182
0.638695338
0.638679505
0.638691380
0.638549818
0.638692317
0.638430287
0.638516381
0.638616329
0.638703464
0.638643256
0.638696797
0.638490965
0.638749766
0.638494819
0.638484611
0.638903047
0.638688153
0.638554299
0.638642319
0.638550861
0.638616643
0.638723517
0.638660393
0.638701226
0.638679976
0.638438050
0.638609612
0.638539716
0.638714456
0.638550186
0.638544612
0.638638727
0.638601957
0.638479145
0.638842425
0.638446332
0.638781540
0.638572113
0.638614458
0.638739457
0.638515604
0.638460760
0.638719041
0.638636073
0.638401906
0.638745707
0.638706802
0.638744823
0.638630188
0.638449459
0.638855083
0.638604147
0.638517584
0.638628938
0.638731438
0.638724407
0.638432950
0.638941646
0.638646803
0.638608261
0.638681751
0.638732272
0.638605450
0.638620606
0.638558731
0.638614981
0.638717168
0.638516752
0.638493524
0.638862689
0.638562534
0.638777742
0.638630554
0.638468993
0.638808732
0.638416441
0.638680191
0.638671024
0.638746128
0.638695242
0.638599931
0.638478473
0.638752118
0.638404515
0.638648785
0.638627587
0.638536077
0.638555713
0.638799046
0.638535401
0.638664879
0.638510088
0.638712484
0.638718681
0.638375558
0.638691130
0.638618057
0.638572850
0.638857536
0.638706599
0.638638422
0.638572902
0.638524205
0.638665245
0.638630559
0.638460663
0.638799829
0.638653736
0.638587538
0.638582018
0.638573319
0.638671444
0.638602174
0.638527278
0.638717381
0.638437747
0.638666810
0.638702122
0.638637695
0.638573008
0.638671810
0.638410197
0.638749727
0.638524467
0.638548946
0.638668477
0.638720821
0.638560145
0.638572383
0.638514936
0.638758633
0.638367228
0.638447854
0.638782696
0.638655197
0.638274729
0.638774103
0.638530666
0.638776707
0.638385979
0.638568531
0.638561344
0.638738895
0.638411657
0.638754572
0.638621292
0.638733635
0.638520459
0.638629521
0.638654625
0.638861031
0.638429053
0.638599782
0.638584835
0.638525356
0.638518533
0.638693584
0.638798792
0.638512647
0.638338429
0.638668116
0.638522648
0.638812542
0.638594001
0.638639262
0.638679887
0.638476815
0.638665721
0.638667699
0.638614679
0.638698533
0.638646450
0.638648273
0.638581972
0.638510097
0.638596555
0.638571034
0.638581659
0.638613482
0.638490514
0.638605462
0.638595149
0.638715722
0.638587285
0.638539160
0.638478015
0.638712597
0.638581921
0.638666035
0.638674212
0.638640671
0.638515932
0.638587129
0.638448068
0.638874629
0.638532130
0.638535255
0.638588067
0.638687546
0.638614421
0.638538224
0.638713692
0.638797026
0.638519110
0.638593277
0.638822078
0.638611297
0.638577131
0.638530048
0.638742495
0.638603693
0.638346299
0.638558433
0.638611766
0.638605152
0.638364320
0.638734475
0.638613330
0.638936870
0.638446351
0.638681247
0.638797652
0.638880985
0.638611559
0.638684007
0.638867913
0.638851715
0.638288748
0.638612809
0.638535778
0.638559268
0.638460571
0.638806455
0.638518539
0.638944475
0.638517707
0.638669633
0.638834528
0.638434582
0.638880883
0.638779945
0.638468905
0.638647342
0.638663123
0.638576561
0.638762498
0.638553645
0.638552447
0.638791770
0.638446249
0.638732030
0.638536198
0.638592552
0.638606458
0.638523958
0.638573749
0.638909790
0.638450104
0.638627864
0.638618489
0.638716719
0.638598698
0.638577083
0.638749062
0.638759115
0.638402189
0.638712344
0.638559324
0.638563959
0.638625782
0.638648854
0.638472605
0.638531720
0.638447449
0.638667970
0.638487085
0.638447242
0.638624480
0.638538596
0.638586616
0.638640105
0.638641564
0.638673699
0.638714272
0.638557814
0.638705574
0.638624950
0.638416513
0.638728804
0.638705262
0.638595471
0.638384482
0.638540419
0.638792450
0.638656929
0.638597399
0.638637555
0.638727503
0.638595419
0.638610472
0.638605107
0.638645471
0.638609431
0.638494119
0.638675211
0.638690993
0.638561722
0.638511566
0.638582712
0.638639795
0.638556723
0.638521307
0.638783701
0.638582140
0.638550473
0.638513338
0.638745941
0.638715942
0.638539223
0.638631827
0.638751775
0.638617296
0.638520578
0.638577452
0.638578651
0.638612296
0.638564328
0.638661151
0.638754796
0.638352454
0.638622974
0.638649068
0.638607453
0.638509537
0.638550318
0.638721256
0.638811203
0.638467506
0.638671047
0.638510736
0.638768495
0.638576777
0.638847349
0.638581048
0.638766829
0.638533444
0.638666048
0.638579798
0.638487507
0.638600372
0.638567455
0.638664486
0.638694069
0.638557038
0.638724747
0.638473549
0.638552090
0.638777350
0.638724539
0.638620060
0.638605216
0.638518967
0.638600528
0.638414331
0.638478550
0.638759955
0.638550060
0.638402665
0.638641675
0.638504227
0.638706206
0.638444071
0.638562821
0.638548082
0.638691102
0.638615581
0.638769019
0.638602978
0.638647352
0.638624749
0.638714957
0.638783238
0.638709801
0.638463343
0.638709852
0.638608187
0.638465322
0.638528187
0.638771259
0.638624332
0.638520062
0.638430635
0.638827925
0.638513603
0.638491885
0.638725790
0.638719541
0.638667614
0.638566520
0.638541000
0.638686573
0.638506625
0.638489959
0.638898707
0.638594282
0.638688552
0.638411522
0.638649438
0.638805323
0.638468241
0.638540064
0.638692719
0.638726052
0.638626574
0.638702719
0.638675323
0.638776365
0.638358293
0.638712771
0.638814022
0.638501419
0.638470949
0.638702511
0.638502772
0.638699178
0.638450638
0.638593241
0.638738397
0.638538189
0.638638658
0.638562929
0.638488815
0.638673085
0.638474023
0.638739231
0.638792043
0.638674804
0.638706887
0.638736731
0.638470169
0.638669752
0.638525690
0.638783867
0.638596836
0.638596889
0.638720169
0.638628659
0.638402410
0.638540170
0.638685222
0.638595274
0.638692930
0.638524962
0.638572722
0.638620378
0.638482149
0.638750795
0.638668920
0.638677513
0.638662306
0.638753087
0.638574390
0.638503244
0.638526265
0.638707774
0.638490484
0.638457047
0.638544077
0.638852618
0.638666160
0.638516421
0.638417671
0.638917566
0.638516630
0.638627255
0.638727931
0.638603349
0.638696630
0.638435640
0.638483402
0.638756160
0.638309860
0.638472985
0.638747984
0.638624494
0.638366631
0.638545485
0.638606735
0.638688661
0.638614131
0.638731838
0.638685172
0.638507465
0.638535849
0.638699131
0.638563090
0.638724651
0.638461424
0.638731474
0.638641006
0.638584652
0.638564079
0.638599705
0.638602308
0.638509965
0.638523090
0.638574184
0.638664184
0.638511319
0.638428924
0.638766006
0.638522465
0.639037463
0.638608351
0.638696424
0.638753194
0.638503195
0.638655121
0.638529861
0.638473507
0.638579237
0.638719861
0.638532726
0.638527258
0.638430695
0.638625486
0.638718664
0.638550643
0.638614758
0.638502935
