0.478435524
0.478496826
0.478515108
0.478636513
0.478781981
0.478759585
0.478618128
0.478674377
0.478581305
0.478626044
0.478655419
0.478496148
0.478612190
0.478628856
0.478728908
0.478492868
0.478743231
0.478684533
0.478540420
0.478525003
0.478705575
0.478628700
0.478632658
0.478766720
0.478594638
0.478427034
0.478556773
0.478417346
0.478584221
0.478476669
0.478602815
0.478520367
0.478643647
0.478511773
0.478691616
0.478633283
0.478484169
0.478507763
0.478576668
0.478615367
0.478731667
0.478578335
0.478775418
0.478477971
0.478618596
0.478473387
0.478747345
0.478430314
0.478634585
0.478473387
0.478642293
0.478661043
0.478615314
0.478543283
0.478539377
0.478521877
0.478674115
0.478920990
0.478603647
0.478447085
0.478622814
0.478579689
0.478735157
0.478529898
0.478741668
0.478486252
0.478703334
0.478654428
0.478575783
0.478718073
0.478649271
0.478812083
0.478661354
0.478632084
0.478626720
0.478438231
0.478729479
0.478580887
0.478825364
0.478567813
0.478694531
0.478565000
0.478574115
0.478510261
0.478706407
0.478834167
0.478561303
0.478458074
0.478575938
0.478614063
0.478700521
0.478488960
0.478579272
0.478478438
0.478666093
0.478499948
0.478646719
0.478563646
0.478821770
0.478470053
0.475631314
0.478595365
0.478594531
0.478561928
0.478679948
0.478572187
0.478577552
0.478648229
0.478609115
0.478486094
0.478623385
0.478538542
0.478661458
0.478446146
0.478734999
0.478600573
0.478552501
0.478691927
0.478483803
0.478625208
0.478542240
0.478528489
0.478633801
0.478720676
0.478658437
0.478463959
0.478618541
0.478559166
0.478639635
0.478554271
0.478576562
0.478572604
0.478746822
0.478647864
0.478571718
0.478686718
0.478542604
0.478580885
0.478636093
0.478584062
0.478684270
0.478512812
0.478732239
0.478560364
0.478743072
0.478544531
0.478625937
0.478459375
0.478583020
0.478518385
0.478583906
0.478570833
0.478563384
0.478596093
0.478511301
0.478569843
0.478513072
0.478495573
0.478645572
0.478569843
0.478594582
0.478405938
0.478564374
0.478532447
0.478776248
0.478619009
0.478714582
0.478656614
0.478555468
0.478653332
0.478634321
0.478730050
0.478472030
0.478690154
0.478658384
0.478425937
0.478662186
0.478528124
0.478620207
0.478529113
0.478715519
0.478482915
0.478705050
0.478571249
0.478534947
0.478514790
0.478539374
0.478709581
0.478644061
0.478622602
0.478521561
0.478533592
0.478543071
0.478558697
0.478634061
0.478533176
0.478590987
0.478540779
0.478838070
0.478591560
0.478629321
0.478822550
0.478580154
0.478654216
0.478799529
0.478703956
0.478845414
0.478779893
0.479053069
0.478521145
0.478528540
0.478488592
0.478586300
0.478467863
0.478688539
0.478527446
0.478583644
0.478729476
0.478571196
0.479010152
0.478696716
0.478573956
0.478529634
0.478637758
0.478597706
0.478416769
0.478718070
0.478673539
0.478496040
0.480816499
0.485153357
0.804757589
0.969114166
0.969138697
0.521413158
0.482915032
0.941091674
0.961930497
0.921494357
0.478592966
0.478864475
0.478706039
0.478954110
0.478724788
0.478511403
0.478801455
0.478569007
0.478910047
0.478851351
0.478872600
0.478836037
0.478867548
0.478754996
0.478431404
0.478872027
0.478534111
0.479112599
0.478560778
0.478710361
0.478738538
0.478638017
0.478892600
0.478749527
0.478672341
0.478597445
0.478764840
0.478432185
0.478674527
0.478755622
0.478464685
0.478751142
0.478543018
0.478680829
0.478526924
0.478624736
0.478661454
0.478726089
0.478566767
0.478494059
0.478609059
0.478591351
0.478632757
0.478631454
0.478538018
0.478849474
0.478459164
0.478804371
0.478427705
0.478934110
0.478471767
0.478784318
0.478728225
0.478641924
0.478758016
0.478553799
0.478751715
0.478512809
0.478786923
0.478463330
0.478650673
0.478677808
0.478752183
0.478721558
0.478547809
0.478839213
0.478487966
0.478825881
0.478493486
0.478603016
0.478617444
0.478424424
0.478704735
0.478518903
0.478707496
0.478698068
0.478726453
0.478624631
0.478624787
0.478704578
0.478409372
0.478680464
0.478481923
0.478726245
0.478516662
0.478575152
0.478635308
0.478624735
0.478760932
0.478627287
0.478688068
0.478542391
0.478757859
0.478695880
0.478587027
0.478645100
0.478410309
0.478888171
0.478513433
0.478665776
0.478519475
0.478732703
0.478577495
0.478656558
0.478656140
0.478503381
0.478616506
0.478496193
0.478633536
0.478627130
0.478493537
0.478788901
0.478502183
0.478654786
0.478582391
0.478683953
0.478501194
0.478811296
0.478675881
0.478897233
0.478640516
0.478644421
0.478673745
0.478511297
0.478638172
0.478639213
0.478747598
0.478644422
0.478550724
0.478751817
0.478506714
0.478779004
0.478469005
0.478889577
0.478479318
0.478669630
0.478762338
0.478493380
0.478626974
0.478569578
0.478825202
0.478662234
0.478640776
0.478527338
0.478694733
0.478493016
0.478516453
0.478876764
0.478617703
0.478787754
0.478462027
0.478628379
0.478714057
0.478649421
0.478667963
0.478540515
0.478783327
0.478574421
0.478669265
0.478545671
0.478583901
0.478766140
0.478741712
0.479077805
0.478423276
0.478793952
0.478422182
0.478853275
0.478678953
0.478687234
0.478645046
0.478622129
0.478848274
0.478599109
0.478740046
0.478564473
0.478672025
0.478749421
0.478564838
0.478683223
0.478382391
0.478679265
0.478589265
0.478714212
0.478412808
0.478837337
0.478611765
0.478561244
0.478681764
0.478653119
0.478600202
0.478626192
0.478617129
0.478789993
0.478700463
0.478684994
0.478524057
0.478849003
0.478514994
0.478711243
0.478488849
0.478627129
0.478562754
0.478565202
0.478606973
0.478584994
0.478698431
0.478750514
0.478785930
0.478599577
0.478614629
0.478642702
0.478522963
0.478835201
0.478477390
0.478830045
0.478493900
0.478572754
0.478729732
0.478656764
0.478662753
0.478593796
0.478823274
0.478593587
0.478745149
0.478640514
0.478533535
0.478706087
0.478513588
0.478708951
0.478421504
0.478807388
0.478508640
0.478885149
0.478684264
0.478653379
0.478690774
0.478683899
0.478683222
0.478571347
0.478823117
0.478641295
0.478633795
0.478661191
0.478567076
0.478810045
0.478472181
0.478629472
0.478394369
0.478724888
0.478450254
0.478825929
0.478560149
0.478528014
0.478653482
0.478518795
0.478626607
0.478539993
0.478776763
0.478674419
0.478768065
0.478782023
0.478501295
0.478770408
0.478495670
0.478687597
0.478514004
0.478544368
0.478508796
0.478699836
0.478767961
0.478605305
0.478859367
0.478622284
0.478606086
0.478618326
0.478774732
0.478725357
0.478509420
0.478729628
0.478417337
0.478805929
0.478416817
0.475803702
0.478733899
0.478667909
0.478627127
0.478632961
0.478792961
0.478474316
0.478816502
0.478743116
0.478565253
0.478664315
0.478734783
0.478857491
0.478550565
0.478639211
0.478551034
0.478833273
0.478518118
0.478796242
0.478582909
0.478666814
0.478723221
0.478568898
0.478729210
0.478547024
0.478886657
0.478725512
0.478558430
0.478713638
0.478409420
0.478632805
0.478549784
0.478712908
0.478493221
0.478734835
0.478600201
0.478717596
0.478682492
0.478610200
0.478633168
0.478782387
0.478668429
0.478615721
0.478545097
0.478690773
0.478399055
0.478679210
0.478617336
0.478813272
0.478475356
0.478768376
0.478707440
0.478716710
0.478743220
0.478601138
0.478696346
0.478526606
0.478672387
0.478581398
0.478618273
0.478612908
0.478859158
0.478720981
0.478469680
0.478781657
0.478438065
0.478769105
0.478577752
0.478742335
0.478534106
0.478591346
0.478611137
0.478554210
0.478684054
0.478594523
0.478601189
0.478746085
0.478666919
0.478703481
0.478413325
0.478687074
0.478575043
0.478808741
0.478436398
0.478579418
0.478601710
0.478568377
0.478741814
0.478680772
0.478686398
0.478592075
0.478652282
0.478773168
0.478553325
0.478622855
0.478787751
0.478811240
0.478511034
0.478845459
0.478769470
0.478682804
0.478505564
0.478722647
0.478673011
0.478556866
0.478742386
0.478624053
0.478662230
0.478617387
0.478529366
0.478630928
0.478420408
0.478679782
0.478636918
0.478772438
0.478390513
0.478796345
0.478692595
0.478629574
0.475693284
0.478684834
0.478710095
0.478519731
0.478638115
0.478777438
0.478609365
0.478605251
0.478639522
0.478791136
0.478464627
0.478685459
0.478416501
0.478814573
0.478555251
0.478570929
0.478618428
0.478526449
0.478777178
0.478506866
0.478608272
0.478512856
0.478684105
0.478674104
0.478548012
0.478670563
0.478606188
0.478683428
0.478573637
0.478674625
0.478411293
0.478587178
0.478604001
0.478730615
0.478745771
0.478584314
0.478696657
0.478643532
0.478723948
0.478765928
0.478608949
0.478770667
0.478420720
0.478744469
0.478427596
0.478690771
0.478638167
0.478860511
0.478721396
0.478633532
0.478605302
0.478574261
0.478793635
0.478577543
0.478708948
0.478579677
0.478505355
0.478734521
0.478520772
0.478803479
0.478673376
0.478803323
0.478555407
0.478834260
0.478456501
0.478588323
0.478677281
0.478635459
0.478652906
0.478882437
0.478765927
0.478538115
0.478718219
0.478647230
0.478737021
0.478858791
0.478813843
0.478806499
0.478596501
0.478847489
0.478540928
0.478571240
0.478953322
0.478674573
0.478877332
0.478643791
0.478670770
0.478586708
0.478766604
0.478560928
0.478496397
0.479009728
0.478451917
0.479325508
0.478507074
0.478762489
0.478441188
0.478792280
0.478528115
0.478674521
0.478758791
0.478579678
0.478762281
0.478715302
0.478846135
0.478488323
0.478729781
0.478756760
0.478393532
0.478874520
0.478606708
0.478764155
0.478501708
0.478759780
0.478418532
0.478740250
0.478640563
0.478541292
0.478767905
0.478731603
0.478767593
0.478574208
0.478701604
0.478685145
0.478789520
0.478740041
0.478440823
0.475155733
0.478559469
0.478805093
0.478656447
0.478646135
0.478849884
0.478698426
0.479065821
0.478685198
0.478791134
0.478589729
0.478650354
0.478726759
0.478619000
0.478907436
0.478500979
0.479142383
0.478534781
0.478661239
0.478515562
0.478833165
0.478676708
0.478690145
0.478749676
0.478756655
0.478702176
0.478553479
0.478730718
0.478539573
0.478596864
0.478655875
0.478433218
0.478834206
0.478524052
0.478942644
0.478479937
0.478811134
0.478592645
0.478782957
0.478784051
0.478545406
0.478643010
0.478717176
0.478823894
0.478515094
0.478492437
0.478759155
0.478556344
0.478640823
0.478498375
0.478702645
0.478512854
0.478759676
0.478743634
0.478656968
0.478550510
0.478678999
0.478784572
0.478506500
0.478735353
0.478656708
0.478502593
0.478716551
0.478633269
0.478849102
0.478429729
0.478694884
0.478487176
0.478733842
0.478530041
0.478707488
0.478630144
0.478538739
0.478681759
0.478547853
0.478853268
0.478631655
0.478839415
0.478742488
0.478604937
0.478648166
0.478450458
0.478932070
0.478538478
0.478841498
0.478515145
0.478761395
0.478607384
0.478673582
0.478710405
0.478540926
0.478783633
0.478714676
0.478943529
0.478814622
0.478631655
0.478709467
0.478605978
0.478780040
0.478462124
0.478811863
0.478410094
0.478729883
0.478594675
0.478786550
0.478585040
0.478541395
0.478693373
0.478624780
0.478656447
0.478616238
0.478652123
0.478724415
0.478507176
0.478881862
0.478473322
0.478734207
0.478585457
0.478816602
0.478453114
0.478685978
0.478613218
0.478578895
0.478674362
0.478604988
0.478636186
0.478803425
0.478561707
0.478695144
0.478570457
0.478722175
0.478536082
0.478710768
0.478659414
0.478726602
0.478437177
0.478729310
0.478613061
0.478573217
0.478605926
0.478620821
0.478773633
0.478667904
0.478703217
0.478696707
0.478703008
0.478680509
0.478410874
0.478800195
0.478432332
0.478706967
0.478568217
0.478511446
0.478615769
0.478667384
0.478932695
0.478792800
0.478747175
0.478587852
0.478634936
0.478578269
0.478565821
0.478709727
0.478493530
0.478666394
0.478473946
0.478713425
0.478523426
0.478757800
0.478596550
0.478596186
0.478639467
0.478611134
0.478695925
0.478647175
0.478632383
0.478542227
0.478572539
0.478828632
0.478584415
0.478817331
0.478426290
0.478733893
0.478507749
0.478650977
0.478480613
0.478584207
0.478618425
0.478637592
0.478707852
0.478526394
0.478742071
0.478686654
0.478759570
0.478623894
0.478698945
0.478655456
0.478397853
0.478894465
0.478460405
0.478711914
0.478503946
0.478626914
0.478586342
0.478590040
0.478623320
0.478614519
0.478700925
0.478460352
0.478666237
0.478626810
0.478791757
0.478700508
0.478533686
0.478693424
0.478519623
0.478761914
0.478482801
0.478586758
0.478569831
0.478685872
0.478742330
0.478530717
0.478727539
0.478589154
0.478649622
0.478510248
0.478643113
0.478753684
0.478417123
0.478741185
0.478477696
