0.719311032
0.719587905
0.719665405
0.720051341
0.719867539
0.719767748
0.719717123
0.719406186
0.719891288
0.719899517
0.719739204
0.719606497
0.719964621
0.719476132
0.719708110
0.719893162
0.719897588
0.719856390
0.719777120
0.719711183
0.719526287
0.719657797
0.719973889
0.719617900
0.719738525
0.719410401
0.719748837
0.719744566
0.719890711
0.719882325
0.719703367
0.719810814
0.719566023
0.719774303
0.719827584
0.719799407
0.719678001
0.719548991
0.720149978
0.719602636
0.719897739
0.719545448
0.719631178
0.719894666
0.719346698
0.719688885
0.719620968
0.719729040
0.719607894
0.719542113
0.719770497
0.719496904
0.719883361
0.719666643
0.719739195
0.719627216
0.719553623
0.719800860
0.719707528
0.719753465
0.719773620
0.719606017
0.719570496
0.719447840
0.719759714
0.719518829
0.719899400
0.719591693
0.719818150
0.719834973
0.719435130
0.719838878
0.719806951
0.719830128
0.719701170
0.719392733
0.719856220
0.719655857
0.719956689
0.719568305
0.719880074
0.719508044
0.719564659
0.719870282
0.719693511
0.719814553
0.719755334
0.719681480
0.719667885
0.719703094
0.719937988
0.719830906
0.719831322
0.719705437
0.719748718
0.719752624
0.719819758
0.719832727
0.719817832
0.719770956
0.719628925
0.719547676
0.719749341
0.719537050
0.719931736
0.719641997
0.719799600
0.719638194
0.719833819
0.719756579
0.719684704
0.719880641
0.719790798
0.719681527
0.719908974
0.719801109
0.719908816
0.719453245
0.719912149
0.719538089
0.719816264
0.719899702
0.719747202
0.719804180
0.719739389
0.719909805
0.719861055
0.719825013
0.719730742
0.719838450
0.719611576
0.719536211
0.719717512
0.719792616
0.720089281
0.719641054
0.719647668
0.719856469
0.719654178
0.719788917
0.719835635
0.719813865
0.719626990
0.719471991
0.719734905
0.719690375
0.720030530
0.719776259
0.719883498
0.719740373
0.719789540
0.719633551
0.719624331
0.719785789
0.719812560
0.719638446
0.719605321
0.719621467
0.719754643
0.719751569
0.720004277
0.719624434
0.719744590
0.719551569
0.719780266
0.720083078
0.719816203
0.719745109
0.719721880
0.719607714
0.719897557
0.719707297
0.720123805
0.719555943
0.719823337
0.719610265
0.719916409
0.719637296
0.719897346
0.719744951
0.719857867
0.719759638
0.719794586
0.719879169
0.719709586
0.719716461
0.719840939
0.719479690
0.719952396
0.719618752
0.719770834
0.719890105
0.719861146
0.716239390
0.719660938
0.720084166
0.720048697
0.719717136
0.719926197
0.719579792
0.719966457
0.719890936
0.719976769
0.719766978
0.719722082
0.719641405
0.719674061
0.719906925
0.720384527
0.719783800
0.719675780
0.719708696
0.719784997
0.719507186
0.719937028
0.719732289
0.719896559
0.719885361
0.719528018
0.719810152
0.719901871
0.719863642
0.719701872
0.719390205
0.719680048
0.719577132
0.720007650
0.719944682
0.719771922
0.719570048
0.719695203
0.719708953
0.719611037
0.719864942
0.719655098
0.719762233
0.719943743
0.719662963
0.719633535
0.719771556
0.720070356
0.719692024
0.719835878
0.719672441
0.719745252
0.719680461
0.719801867
0.719881189
0.719707909
0.719800981
0.719723533
0.719737595
0.719788428
0.719815095
0.719788532
0.719500044
0.719803376
0.719694313
0.719704887
0.719834833
0.719704313
0.719639469
0.719766604
0.719969155
0.719923999
0.719619052
0.719843009
0.719500146
0.719864467
0.719698687
0.719964884
0.719623582
0.719885300
0.719819623
0.719568947
0.719711862
0.719762956
0.720168996
0.719773581
0.719563685
0.719834153
0.719906080
0.719911809
0.719906444
0.719845402
0.719604831
0.719558268
0.719648267
0.719866704
0.719903892
0.719805819
0.719491288
0.719774203
0.719448059
0.719975505
0.719788838
0.719862172
0.719687172
0.719928161
0.719520089
0.719629672
0.720175555
0.719829567
0.719840192
0.719660140
0.719446963
0.719559046
0.719715817
0.719820347
0.719771441
0.719930554
0.719734462
0.719655347
0.719950658
0.719820607
0.719848419
0.719589253
0.719668055
0.719705919
0.719813887
0.720110032
0.719770762
0.719847480
0.719712429
0.719870345
0.719573367
0.719816073
0.719786803
0.719564408
0.719949771
0.719662011
0.719865031
0.719713990
0.719876646
0.719916072
0.719695656
0.719940447
0.719457897
0.719798624
0.719716750
0.719805915
0.719663364
0.719747947
0.719908727
0.719933675
0.719819612
0.719741019
0.719561801
0.719678623
0.719775341
0.719917320
0.719726383
0.719726279
0.719504977
0.719538623
0.719925549
0.719725653
0.719835445
0.719733934
0.719624664
0.719613049
0.719389925
0.719769454
0.719589664
0.719882422
0.719609350
0.719677007
0.719716120
0.719783985
0.719795808
0.719935807
0.719933984
0.719714037
0.719559818
0.719871849
0.719742474
0.720119712
0.719782630
0.720017629
0.719609661
0.719765598
0.720032003
0.719898358
0.719836899
0.719670598
0.719694869
0.719583983
0.719538880
0.720457573
0.719880440
0.719962210
0.719955595
0.719919345
0.719558097
0.719749972
0.719976533
0.719814606
0.719792783
0.719670076
0.719788824
0.719766585
0.719666950
0.719862782
0.719720700
0.719753200
0.719817938
0.720087573
0.719841636
0.719780490
0.719724241
0.719857520
0.719687261
0.719989135
0.719953770
0.720139186
0.719629397
0.719968197
0.719381376
0.720065124
0.719744916
0.719954029
0.719838978
0.719756947
0.719694655
0.719907571
0.719773926
0.719805540
0.719835488
0.719693405
0.719780957
0.719789706
0.719676322
0.719940695
0.719578092
0.719596842
0.719626633
0.719792362
0.719695904
0.719747726
0.719964601
0.720036735
0.719567883
0.719695227
0.719963298
0.719790277
0.719634758
0.719852464
0.719595538
0.719627986
0.719987255
0.719692985
0.719883453
0.719798453
0.719753141
0.719663663
0.719598090
0.719882567
0.719756943
0.719988088
0.719732776
0.720061108
0.719723869
0.720078139
0.719800692
0.719933869
0.719805952
0.719775639
0.719962045
0.719521630
0.719818191
0.719949753
0.719791369
0.719867827
0.719397516
0.719692774
0.719935378
0.719931627
0.720004960
0.719899284
0.719629128
0.719575692
0.719770586
0.719875377
0.719833190
0.719764700
0.719441368
0.719825950
0.719753450
0.720166574
0.719563711
0.719715741
0.719940636
0.719580013
0.719761783
0.720007042
0.719728866
0.719766783
0.719570794
0.719862824
0.719763032
0.720067249
0.719744073
0.719795323
0.719762823
0.719612824
0.719714125
0.719788292
0.719972770
0.719563605
0.719678917
0.719885582
0.719598969
0.720367768
0.719804124
0.719963603
0.719539334
0.719672927
0.719845478
0.719612979
0.719843499
0.719785842
0.719689593
0.720018498
0.719667457
0.719959852
0.719607978
0.719884904
0.719648655
0.719923497
0.719418448
0.719580530
0.720004486
0.719767299
0.719971674
0.719696779
0.719437561
0.719758862
0.719588862
0.720065683
0.719740685
0.719944850
0.719415946
0.719852611
0.719728757
0.719889954
0.720174380
0.719758080
0.719770736
0.719888964
0.719671829
0.719878964
0.719737298
0.719921151
0.719668443
0.719697193
0.719594798
0.719798651
0.719729954
0.719709068
0.719668183
0.719586308
0.719622193
0.719845005
0.719683130
0.719898546
0.719631776
0.719785838
0.719529225
0.719863858
0.719710786
0.719921046
0.719698650
0.719617817
0.719760993
0.719746462
0.719968962
0.719826410
0.719865316
0.719949534
0.719562974
0.720012606
0.719823440
0.719803285
0.719554743
0.719831201
0.719683545
0.719642452
0.719947762
0.719954273
0.719676566
0.719767920
0.719491566
0.719565628
0.719727554
0.719926304
0.719735315
0.720005626
0.719636252
0.719744377
0.719862032
0.719835679
0.719856147
0.719812032
0.719721616
0.719475836
0.719755262
0.719887240
0.719552815
0.719866876
0.719474325
0.719415471
0.719547398
0.719976458
0.719801147
0.719919219
0.719686459
0.719651980
0.719654219
0.719720260
0.719794167
0.719965259
0.719535730
0.719648438
0.719519845
0.719774896
0.719739843
0.719945207
0.719681354
0.719682500
0.719884530
0.719609375
0.719782864
0.719968071
0.719628073
0.719861509
0.719429167
0.719876144
0.719558176
0.719923852
0.719844165
0.719591561
0.719591822
0.719639322
0.719826456
0.719902393
0.719718435
0.719718279
0.719584113
0.719918487
0.719627654
0.719919476
0.719585988
0.719667758
0.719841612
0.719698174
0.719890413
0.719815153
0.719761663
0.719728695
0.719581508
0.719802861
0.719770726
0.719964266
0.719742496
0.719874735
0.719667705
0.719577757
0.719789111
0.719919527
0.719814423
0.719723537
0.719457497
0.719726819
0.719503799
0.720042963
0.719651976
0.719972339
0.719553851
0.719507861
0.719506976
0.719726662
0.719924994
0.719859057
0.719619006
0.719874005
0.719460100
0.719917494
0.720029108
0.719997702
0.719659630
0.719748952
0.719658328
0.719616817
0.719827702
0.719856972
0.719868431
0.719896087
0.719558745
0.719664212
0.719624421
0.720036346
0.719882024
0.719710567
0.719573536
0.719878899
0.719763639
0.719690254
0.719770982
0.719706764
0.719593014
0.719678066
0.719753846
0.719775409
0.719703743
0.719847336
0.719658118
0.719746503
0.719771607
0.719875357
0.719708378
0.719662128
0.719757857
0.719353275
0.719595045
0.719861867
0.719810148
0.719930668
0.719785304
0.719824054
0.719528691
0.719887386
0.719945928
0.719872126
0.719526190
0.719513899
0.719753533
0.719783532
0.719839990
0.719885980
0.719623533
0.719642023
0.719647439
0.719896292
0.719661189
0.719929260
0.719418429
0.719682907
0.719305774
0.719682751
0.719679053
0.719778740
0.719816605
0.719738115
0.719475408
0.719870875
0.719835510
0.719920666
0.719772593
0.719726500
0.719344158
0.719789468
0.719705771
0.719886135
0.719885770
0.719593792
0.719514625
0.719804572
0.719929571
0.720192070
0.719825041
0.719848842
0.719515146
0.719748010
0.719696134
0.719973998
0.719697124
0.719904883
0.719857071
0.719595926
0.719944779
0.719956653
0.719705092
0.720259882
0.719733530
0.720426444
0.719909987
0.720015404
0.720140767
0.719985611
0.719896185
0.719849674
0.719897174
0.719770352
0.719739519
0.719744778
0.719533217
0.719887903
0.719555874
0.719876758
0.719580248
0.719682226
0.719628841
0.719726393
0.719839257
0.719668320
0.719927277
0.720154516
0.719585612
0.719834725
0.719644257
0.719704309
0.719692747
0.720091547
0.719584882
0.719571913
0.719817850
0.719687851
0.720019360
0.719834569
0.719902068
0.719833891
0.719662642
0.719708892
0.719568476
0.720211233
0.719752433
0.719856860
0.719493580
0.719692433
0.719911963
0.719747901
0.719840869
0.719777432
0.719749829
0.719751703
0.719698006
0.720093369
0.719699516
0.719937536
0.719541444
0.719524621
0.719807275
0.719700245
0.719814359
0.720064775
0.719702745
0.719752901
0.719691495
0.719740817
0.719576130
0.720034878
0.719572224
0.719976388
0.719677015
0.719774932
0.719618578
0.720005504
0.719704254
0.719766025
0.719583682
0.719793368
0.719790035
0.719710243
0.719704306
0.719992430
0.719512171
0.719874044
0.719604150
0.719748108
0.719774618
0.719664879
0.719815763
0.719640192
0.720076022
0.719811388
0.719777743
0.719916648
0.719574826
0.719795920
0.719653368
0.719949200
0.719586962
0.719690555
0.719777013
0.719682482
0.719846387
0.719847898
0.719800086
0.719880189
0.719597274
0.719828314
0.719724096
0.719974407
0.719763835
0.719966386
0.719532222
0.719726232
0.720075657
0.719859356
0.719918574
0.719847845
0.719903418
0.719491232
0.719570451
0.719998834
0.719674408
0.719995188
0.719766282
0.719661855
0.719522637
0.719768626
0.719841230
0.719720814
0.719536075
0.719710865
0.719610397
0.719525814
0.720002062
0.719909146
0.719570241
0.719910552
0.719648262
0.719522533
0.719599408
0.719878573
0.719833312
0.719825448
0.719693522
0.719634771
0.719916281
0.719912687
0.719670084
0.719833677
0.719459720
0.719875135
0.719729146
0.719901020
0.719771281
0.719589616
0.719964041
0.719578313
0.720072217
0.719699145
0.719736334
0.719769145
0.719320189
0.719812114
0.719663677
0.719943519
0.719521125
0.719630552
0.719766697
0.719387584
0.719878624
0.719837635
0.719736905
0.719781853
0.719567739
0.719684874
0.720028469
0.719953725
0.719665912
0.719758151
0.719614713
0.719821900
0.720013096
0.719766482
0.719865127
0.719892730
0.719572001
0.719643928
0.719642625
0.719950644
0.719784238
0.719963142
0.719590852
0.719790799
0.719565954
0.719822308
0.719867307
0.719719442
0.719656056
0.719586993
0.719592774
0.719786991
0.719579648
0.719962250
0.719681573
0.719890218
0.719583187
0.719525686
0.719707301
0.719864695
0.719890996
0.719695111
0.719694329
0.719623234
0.719699328
0.720393075
0.719586150
