0.639004895
0.638617761
0.638708542
0.638296617
0.638863073
0.638515627
0.638716043
0.638643335
0.638776303
0.638797554
0.638481774
0.638620003
0.638730575
0.638694951
0.639025055
0.638758597
0.638680369
0.638650525
0.638412609
0.638812817
0.638717869
0.638381568
0.638580891
0.638903390
0.638655995
0.638357663
0.638536100
0.638715631
0.638846256
0.638533237
0.638756309
0.638692611
0.638661830
0.638420217
0.638763601
0.638567977
0.638819487
0.638536728
0.638547353
0.638688134
0.638654332
0.639115216
0.638652822
0.638546156
0.638751676
0.638392199
0.638806155
0.638679750
0.638467720
0.638486627
0.638639282
0.638515481
0.638563294
0.638592825
0.638684960
0.638698346
0.638615117
0.638542148
0.638542566
0.638443869
0.638841627
0.638675535
0.638834284
0.638736316
0.638624390
0.638790222
0.639029388
0.638476422
0.639389283
0.638816838
0.638820067
0.638728453
0.638853505
0.638787360
0.638863714
0.638689964
0.638973401
0.638928818
0.638605798
0.638813975
0.638702205
0.638595331
0.639203193
0.638377207
0.638718039
0.638615227
0.638534967
0.638689811
0.638783717
0.638466478
0.638514083
0.638604603
0.638714499
0.638563354
0.638518511
0.639321528
0.638525907
0.638554709
0.638436011
0.638919552
0.638946114
0.638437887
0.638486116
0.638811376
0.638737574
0.638360232
0.638533825
0.638558669
0.638706429
0.638999085
0.638724710
0.638742784
0.638601691
0.638308515
0.638762315
0.638697160
0.638737004
0.638382630
0.638750650
0.638810076
0.638567057
0.638549192
0.639311065
0.638628619
0.638689401
0.638329767
0.638641016
0.638697683
0.638536694
0.638589610
0.638782475
0.638545341
0.638695965
0.638657112
0.638834871
0.638686694
0.639111641
0.638576383
0.638724352
0.638426384
0.638652842
0.638523259
0.638563936
0.638513520
0.638603051
0.638725342
0.638834353
0.638366698
0.638618259
0.638682531
0.638756333
0.638647219
0.638587428
0.638568678
0.638791334
0.638418105
0.638816022
0.638735137
0.638461648
0.638503679
0.638667272
0.638576179
0.638592377
0.639321594
0.638693575
0.638524826
0.638511597
0.638933731
0.638615972
0.638751805
0.638581545
0.638591129
0.638746545
0.638508212
0.638687327
0.638756442
0.638624307
0.639007535
0.638564255
0.638578942
0.638788213
0.638331444
0.638573214
0.638718370
0.638668057
0.638731912
0.638945453
0.638493632
0.638910349
0.638404309
0.639115349
0.638659049
0.638702643
0.638281289
0.638671810
0.638555039
0.638543841
0.638427905
0.638752018
0.638770821
0.638480821
0.638374103
0.638823477
0.638550353
0.639166497
0.638456240
0.638553427
0.638997644
0.638402281
0.638620094
0.638799832
0.638465095
0.638601031
0.638632542
0.638681500
0.638691188
0.638502543
0.639118739
0.638698115
0.638443950
0.638561398
0.638672804
0.638578429
0.638655564
0.638487493
0.638538899
0.638892647
0.638444628
0.638724888
0.638577024
0.638684055
0.639108897
0.638629889
0.638548431
0.638874211
0.638394213
0.638723431
0.638510828
0.638580984
0.638602547
0.638691088
0.638496297
0.638739578
0.638366141
0.639344055
0.638609943
0.638499423
0.638731089
0.638629215
0.638638798
0.638614840
0.638784943
0.638883381
0.638569789
0.638539007
0.638801663
0.638589268
0.638608226
0.639175412
0.638599216
0.638904268
0.638363384
0.638491665
0.638635884
0.638695258
0.638370520
0.638601041
0.638650467
0.638810519
0.638424114
0.638478593
0.638656197
0.638639218
0.638429219
0.638770208
0.638570677
0.638661198
0.638329220
0.638811719
0.638851302
0.638608803
0.638288439
0.638674532
0.638534377
0.638529793
0.638934062
0.638624272
0.638722189
0.638495471
0.638382659
0.638826825
0.638497607
0.638783387
0.638626929
0.638725575
0.638772346
0.638466930
0.638510628
0.638774951
0.639123335
0.638783440
0.638439536
0.638816513
0.638660629
0.638460734
0.638701827
0.638778598
0.638498078
0.638558234
0.638440526
0.638834692
0.638476724
0.639101201
0.638597193
0.638689015
0.638346830
0.638840109
0.638716516
0.638671412
0.638494329
0.638565371
0.638742558
0.638656830
0.638367196
0.638918651
0.638674277
0.639073079
0.638567612
0.638663601
0.638553602
0.638691726
0.638622664
0.638638445
0.638520321
0.638487561
0.638856622
0.638604904
0.638558915
0.638620426
0.639213601
0.638759696
0.638361052
0.638542666
0.638806259
0.638571677
0.638485010
0.638507250
0.638450011
0.638743239
0.638397199
0.638637875
0.638581156
0.638807614
0.639005583
0.638711782
0.638630271
0.638597668
0.638556470
0.638763969
0.638753761
0.638428710
0.638426471
0.638826835
0.638630689
0.638602148
0.638390534
0.638620169
0.638657878
0.638518763
0.638688189
0.638811939
0.638562306
0.638512618
0.638798347
0.638608191
0.638910690
0.638509806
0.638813347
0.638989023
0.638538817
0.639370533
0.638842983
0.638907514
0.638727932
0.638803087
0.638698921
0.639037202
0.638585172
0.638702359
0.638720380
0.638603298
0.638580849
0.638747099
0.638476475
0.638673298
0.638444131
0.638543455
0.638590903
0.638660642
0.638590173
0.638641527
0.638536789
0.638585538
0.638290852
0.638751476
0.638570642
0.638487414
0.639182776
0.638711164
0.638545175
0.638605904
0.638737310
0.638708716
0.638483873
0.638568092
0.638684602
0.638666009
0.638621061
0.638590072
0.638704967
0.638524707
0.639019705
0.638534187
0.638792727
0.638853352
0.638330959
0.638569187
0.638693978
0.638593719
0.638476011
0.638625021
0.638617417
0.638598719
0.638408355
0.639356060
0.638554136
0.638706896
0.638322940
0.638669605
0.638707157
0.638453043
0.638447835
0.638907157
0.638623460
0.638481794
0.638455127
0.638686637
0.638649763
0.639081844
0.638621898
0.638830387
0.638515180
0.638457160
0.638695023
0.638587055
0.638675440
0.638529347
0.638632784
0.638816273
0.638490754
0.638569451
0.639102054
0.638626379
0.638456692
0.638557682
0.638599192
0.638822316
0.638563827
0.638524036
0.638467578
0.638724296
0.638817681
0.638630442
0.638523984
0.638612317
0.639127785
0.638695339
0.638762578
0.638820964
0.638694974
0.638699662
0.638569402
0.638626381
0.638384195
0.638784870
0.638932005
0.638426955
0.638572475
0.638601486
0.638521643
0.638709558
0.638643413
0.638686017
0.638683465
0.638501071
0.638696642
0.638577425
0.638565809
0.638680861
0.638610810
0.638705706
0.638597217
0.639050600
0.638711852
0.638743362
0.638526071
0.638682269
0.638502165
0.638656227
0.638651853
0.638739770
0.638915862
0.638618311
0.638380656
0.638919717
0.638716071
0.639365653
0.638698676
0.638715395
0.638683260
0.638783259
0.638428105
0.638703781
0.638654667
0.638611646
0.638559355
0.638707531
0.638814823
0.638665344
0.639293727
0.638843885
0.638644407
0.638446178
0.638764094
0.638691959
0.638712324
0.638426231
0.638977896
0.638757220
0.638375502
0.638549356
0.638774095
0.638605138
0.639143208
0.638512690
0.638643992
0.638827116
0.638466441
0.638709669
0.638779825
0.638621857
0.638643940
0.638635398
0.638490556
0.638735503
0.638639566
0.639134928
0.638800034
0.638572431
0.638520869
0.638665555
0.638450765
0.638730869
0.638474723
0.638648109
0.638749045
0.638406130
0.638662743
0.638671026
0.638564359
0.639028941
0.638728994
0.638597432
0.638729567
0.638477068
0.638801286
0.638723630
0.638347642
0.638904567
0.638568839
0.638618422
0.638561965
0.638729256
0.638996182
0.638692694
0.638409309
0.638628267
0.638541132
0.638690090
0.638523684
0.638677121
0.638735507
0.638607590
0.638701913
0.638867746
0.638582122
0.638634570
0.639196286
0.638535248
0.638684049
0.638554414
0.638375978
0.638706601
0.638535977
0.638714206
0.638659987
0.638776341
0.638710873
0.638649310
0.638592175
0.638774415
0.638573842
0.638477123
0.638685248
0.638623113
0.638710197
0.638443270
0.638516447
0.638605249
0.638428895
0.638520458
0.638876863
0.638668895
0.638523792
0.639102852
0.638671499
0.638920821
0.638990040
0.638529573
0.638729781
0.638640458
0.638467230
0.638737542
0.638743322
0.638702958
0.638436813
0.638633792
0.638916604
0.639158895
0.638397960
0.638701604
0.638704730
0.638575355
0.638362752
0.638722386
0.638795302
0.638679470
0.638594418
0.638620929
0.638736761
0.638565981
0.639077698
0.638567231
0.638689679
0.638417805
0.638709991
0.638679836
0.638443065
0.638521347
0.638603430
0.638657648
0.638617804
0.638437597
0.638619992
0.638788065
0.638925825
0.638608483
0.638520306
0.638737805
0.638546764
0.638662649
0.638560149
0.638791139
0.638331088
0.638865149
0.638537181
0.638449942
0.638577077
0.639145460
0.638487078
0.638460723
0.638597389
0.638742546
0.638617390
0.638451193
0.638518172
0.638597442
0.638570203
0.638556297
0.638429162
0.638800776
0.638431871
0.639103014
0.638673067
0.638638849
0.638440256
0.638664265
0.638578642
0.638756505
0.638401558
0.638415673
0.638714526
0.638786349
0.638432965
0.638654943
0.638524528
0.638720412
0.638523382
0.638723017
0.638657132
0.638519371
0.638484737
0.638722756
0.638626455
0.638419893
0.638423279
0.638620570
0.638779111
0.638428383
0.639148485
0.638854683
0.638527393
0.638762497
0.638543123
0.638754945
0.638797601
0.638541144
0.638556248
0.638828695
0.638653956
0.638630935
0.638590207
0.638614790
0.639352861
0.638472863
0.638584634
0.638772081
0.638631822
0.638555207
0.638681353
0.638652134
0.638578853
0.638482812
0.638491041
0.638917602
0.638377291
0.639484215
0.638623281
0.638655572
0.638490521
0.638646978
0.638591093
0.638775311
0.638450469
0.638663073
0.638600208
0.638419011
0.638653229
0.638656667
0.638492188
0.639240883
0.638365365
0.638590469
0.638676615
0.638577188
0.638536303
0.638660053
0.638570990
0.638676354
0.638597240
0.638795677
0.638470471
0.638542293
0.639118697
0.638664167
0.638570574
0.638903646
0.638676252
0.638846511
0.638483231
0.638497137
0.638880938
0.638570054
0.638303701
0.638819950
0.638740210
0.638763491
0.639222760
0.638640887
0.638650992
0.638620419
0.638446409
0.638753283
0.638515055
0.638721565
0.638304639
0.638650003
0.638672658
0.638683024
0.638542607
0.639327240
0.638647191
0.638635055
0.638428545
0.638679431
0.638673701
0.638563910
0.638808597
0.638731670
0.638485837
0.638661567
0.638532869
0.638721931
0.638663129
0.639393752
0.638623234
0.638927399
0.638353651
0.638662973
0.638776514
0.638692452
0.638676515
0.638522505
0.638558599
0.638726463
0.638515318
0.638821202
0.638563495
0.638775629
0.638543755
0.638605213
0.638628859
0.638759797
0.638324746
0.638822817
0.638642245
0.638866931
0.638608756
0.638589172
0.638587818
0.638757870
0.638905474
0.638741047
0.638585214
0.638551361
0.638548131
0.638673600
0.638567871
0.638526933
0.638645267
0.638786255
0.638481101
0.638606204
0.638924849
0.638566413
0.639199380
0.638870110
0.638498705
0.639028339
0.638279435
0.638495529
0.638783132
0.638563966
0.638371466
0.638813028
0.638581726
0.638955632
0.638450061
0.639185630
0.638603133
0.638702924
0.638388394
0.638696518
0.638492821
0.638583290
0.638692976
0.638575165
0.638726778
0.638524748
0.638385270
0.638889174
0.638619383
0.639060632
0.638469488
0.638928132
0.638839383
0.638496312
0.638578706
0.638820633
0.638482718
0.638468395
0.638852716
0.638689540
0.639123705
0.638563446
0.639066831
0.638771884
0.638447770
0.638718811
0.638560114
0.638558291
0.638595478
0.638463083
0.638542198
0.638754958
0.638463239
0.638692718
0.638539593
0.638517094
0.639143550
0.638718031
0.638662042
0.638740479
0.638385532
0.638707198
0.638499230
0.638467094
0.638601886
0.638602459
0.638717406
0.638604021
0.638460428
0.638817197
0.638581886
0.638483501
0.638616209
0.638789281
0.638552094
0.638633761
0.638555897
0.638600220
0.638564699
0.638595220
0.638724698
0.638604647
0.638489543
0.639284593
0.638704386
0.638683032
0.638311003
0.638595897
0.638793241
0.638626783
0.638350482
0.638807667
0.638655793
0.638715273
0.638431523
0.638567148
0.638682669
0.638670950
0.638403972
0.638715533
0.638612773
0.638626263
0.638312461
0.638521471
0.638791939
0.638633346
0.638332149
0.638752982
0.638710533
0.638609284
0.638969960
0.638709700
0.638752773
0.638489962
0.638727825
0.638908554
0.638433712
0.638612253
0.638586472
0.638766264
0.638717357
0.638579493
0.638732201
0.638790222
0.639030273
0.638454442
0.638513087
0.638678659
0.638512671
0.638482358
0.638781576
0.638815118
0.638239391
0.638739493
0.638615900
0.638658140
0.638542619
0.639262721
0.638593296
0.638817983
0.638478765
0.638710015
0.638684702
0.638488193
0.638599182
0.638585484
0.638641629
