0.822328818
0.822291946
0.822391428
0.822644399
0.822490497
0.822407010
0.822432170
0.822504204
0.822441707
0.822856709
0.822440047
0.822402289
0.822786614
0.822666670
0.822674121
0.822895842
0.822436680
0.822827098
0.824074387
0.822344605
0.822123255
0.822296227
0.822193470
0.822671543
0.822633734
0.822693163
0.822466449
0.822459316
0.822487340
0.822657654
0.822517449
0.822410161
0.822664694
0.822499020
0.822526731
0.822507724
0.822490539
0.822312835
0.822541170
0.822478829
0.822509196
0.822558991
0.822516077
0.822047540
0.822767696
0.822512803
0.822691191
0.822735881
0.822547759
0.822709011
0.822700890
0.822689538
0.822420427
0.822557721
0.822476057
0.822517361
0.822290594
0.822702210
0.822237214
0.822533882
0.822336542
0.822526595
0.822260974
0.822400143
0.822198740
0.822521866
0.822602181
0.822634422
0.822321665
0.822453855
0.822499170
0.822527401
0.822610059
0.822738551
0.822618033
0.822555640
0.822104186
0.822316531
0.822463773
0.822437265
0.822350080
0.822217427
0.822414356
0.822351129
0.822524673
0.822433425
0.822438063
0.822484523
0.822474577
0.822533590
0.822537758
0.822481980
0.822447868
0.822489537
0.822599018
0.822373500
0.822454126
0.822394702
0.822521162
0.822426321
0.822468719
0.822385231
0.822502525
0.822553413
0.822287634
0.822392063
0.822311649
0.822410922
0.822314049
0.822387020
0.822412334
0.822329316
0.822326297
0.822518329
0.822342603
0.822675260
0.822462711
0.822406099
0.822411153
0.822601727
0.822775687
0.822752304
0.822341109
0.822400747
0.822210801
0.822474188
0.822346847
0.822591483
0.822310288
0.822569403
0.822325344
0.822510033
0.822452483
0.822610609
0.822473320
0.822524259
0.822318585
0.822341503
0.822263797
0.822543120
0.822256301
0.822422812
0.822451981
0.822435004
0.822145163
0.822240581
0.822397457
0.822235168
0.822460013
0.822481368
0.822506527
0.822521007
0.822475384
0.822520178
0.822545804
0.822677941
0.822639610
0.822447894
0.822530291
0.822344304
0.822411805
0.822363317
0.822654985
0.822468269
0.822336448
0.822254210
0.822306243
0.822254994
0.822341611
0.822390935
0.822490572
0.822491407
0.822322502
0.822519222
0.822431880
0.822433392
0.822344645
0.822681781
0.822418919
0.822599076
0.822202985
0.822589704
0.822386269
0.822739967
0.822431376
0.822468200
0.822257943
0.822399922
0.822149196
0.822628154
0.822341802
0.822547740
0.822535972
0.822512900
0.822276184
0.822653527
0.822529102
0.822630041
0.822338429
0.822493482
0.822278902
0.822297444
0.822338331
0.822344948
0.822532760
0.822548803
0.822533232
0.822377036
0.822329850
0.822309539
0.822620009
0.822411105
0.822514074
0.822629596
0.822635692
0.822346110
0.822336529
0.822650331
0.822549082
0.822519344
0.822392888
0.822280962
0.822378463
0.822291955
0.822378674
0.822495655
0.822572740
0.822318575
0.822420399
0.822288734
0.822287277
0.822731547
0.822485716
0.822482332
0.822355251
0.822760250
0.822254420
0.822634212
0.822566558
0.822736350
0.822515935
0.822586145
0.822350209
0.822399533
0.822326149
0.822587139
0.822539432
0.822478131
0.822294019
0.822373082
0.822230324
0.822555324
0.822318294
0.822427931
0.822361943
0.822578870
0.822368612
0.822535591
0.822505593
0.822387573
0.822304190
0.822629398
0.822666378
0.822527994
0.822488985
0.822457215
0.822498779
0.822296177
0.822414563
0.822430189
0.822306701
0.822519357
0.822533057
0.822508111
0.822431549
0.822430352
0.822535613
0.822455876
0.822458011
0.822609211
0.822419733
0.822281714
0.822614474
0.822372913
0.822399216
0.822399113
0.822327031
0.822485938
0.822215263
0.822333337
0.822136203
0.822526672
0.822325684
0.822546934
0.822450321
0.822448708
0.822439906
0.822511470
0.822295951
0.822494388
0.822582097
0.822609129
0.822307048
0.822497153
0.822361634
0.822443301
0.822561374
0.822524083
0.822278148
0.822424450
0.822256066
0.822448828
0.822681901
0.822541225
0.822347112
0.822551175
0.822349614
0.822432532
0.822474459
0.822502897
0.822370972
0.822515139
0.822477328
0.822422537
0.822599360
0.822575507
0.822762747
0.822369832
0.822597906
0.822389678
0.822442075
0.822358013
0.822296660
0.822491036
0.822491922
0.822609422
0.822556298
0.822480987
0.822537030
0.822422500
0.822527864
0.822414428
0.822717136
0.822684169
0.822438493
0.822368286
0.822367870
0.822378704
0.822535424
0.822548081
0.822265947
0.822337458
0.822257928
0.822375115
0.822283763
0.822643190
0.822490586
0.822497514
0.822323610
0.822468506
0.822445747
0.822855693
0.822484706
0.822622675
0.822323249
0.822489292
0.822163564
0.822560699
0.822386326
0.822552003
0.822228619
0.822435807
0.822344506
0.822384038
0.822344976
0.822567216
0.822345915
0.822431905
0.822467844
0.822368001
0.822357324
0.822802949
0.822659929
0.822447691
0.822567379
0.822146287
0.822533631
0.822329569
0.822526652
0.822562331
0.822610925
0.822339468
0.822381604
0.822325719
0.822293272
0.822493325
0.822588273
0.822346556
0.822553430
0.822532025
0.822484579
0.822497912
0.822635100
0.822457914
0.822576820
0.822287030
0.822272604
0.822561926
0.822549062
0.822348543
0.822388752
0.822407398
0.822283598
0.822479796
0.822356984
0.822530943
0.822363496
0.822534381
0.822503236
0.822630424
0.822432977
0.822593966
0.822334646
0.822432146
0.822489126
0.822527824
0.822295273
0.822543450
0.822254389
0.822498347
0.822504962
0.822542411
0.822236684
0.822494443
0.822148924
0.822147728
0.822572050
0.822383874
0.822340333
0.822493510
0.822421532
0.822495594
0.822630750
0.822398564
0.822409138
0.822625440
0.822432108
0.822295390
0.822449401
0.822523515
0.822601745
0.822413309
0.822420913
0.822344507
0.822409195
0.822350343
0.822478468
0.822430135
0.822521645
0.822420397
0.822479095
0.822512585
0.822579252
0.822465450
0.822676700
0.822375139
0.822308005
0.822621077
0.822382068
0.822280975
0.822320403
0.822680611
0.822318946
0.822372800
0.822389207
0.822358583
0.822192229
0.822571082
0.822474730
0.822602437
0.822339002
0.822555251
0.822376346
0.822287233
0.822331243
0.822545305
0.822373432
0.822624317
0.822319214
0.822339580
0.822361507
0.822577756
0.822289372
0.822144321
0.822153227
0.822258593
0.822318697
0.822343020
0.822724270
0.822373438
0.822458021
0.822265418
0.822425002
0.822539221
0.822761147
0.822739273
0.822382191
0.822398442
0.822494900
0.822419588
0.822646515
0.822625266
0.822432090
0.822345528
0.822296726
0.822242143
0.822657351
0.822545789
0.822480634
0.822373968
0.822392927
0.822454593
0.822431313
0.822147824
0.822377929
0.822496627
0.822347201
0.822412513
0.822280170
0.822774179
0.822381629
0.822630171
0.822309026
0.822329130
0.822245537
0.822500068
0.822375798
0.822483923
0.822434028
0.822669184
0.822531424
0.822617310
0.822464081
0.822803508
0.822244552
0.822541218
0.822361427
0.822614031
0.822144971
0.822475855
0.822291794
0.822428096
0.822322523
0.822436899
0.822492888
0.822311587
0.822645492
0.822400546
0.822544140
0.822732056
0.822400391
0.822460652
0.822452735
0.822422371
0.822474715
0.822332320
0.822543986
0.822268936
0.822434769
0.822745445
0.822565290
0.822629144
0.822649614
0.822813676
0.822391490
0.822283209
0.822628573
0.822712896
0.822984249
0.822641751
0.822413524
0.822453524
0.822485763
0.822477690
0.822436232
0.822508889
0.822560921
0.822732483
0.822307901
0.822471183
0.822119726
0.822526600
0.822424153
0.822489725
0.822312903
0.822316133
0.822253946
0.822643424
0.822243374
0.822595143
0.822528842
0.822673529
0.822235406
0.822491551
0.822601395
0.822536656
0.822433480
0.822555823
0.822599105
0.822604157
0.822202961
0.822296347
0.822820355
0.822352440
0.822201035
0.822413326
0.822304577
0.822446452
0.822570827
0.822366661
0.822731921
0.822540932
0.822370151
0.822310725
0.822485152
0.822340517
0.822467235
0.822481455
0.822433539
0.822375050
0.822411039
0.822277134
0.822524477
0.822432394
0.822497030
0.822179322
0.822469061
0.822319843
0.822329062
0.822652186
0.822304063
0.822536042
0.822528177
0.822375678
0.822239950
0.822543491
0.822480992
0.822459325
0.822564794
0.822692450
0.822387659
0.822455628
0.822363025
0.822829899
0.822397661
0.822490837
0.822156463
0.822418495
0.822326151
0.822605057
0.822381152
0.822535266
0.822303444
0.822600110
0.822404434
0.822592558
0.822359799
0.822399018
0.822454487
0.822332456
0.822225060
0.822459540
0.822249853
0.822493759
0.822335270
0.822221781
0.822330479
0.822236989
0.822540062
0.822492615
0.822461313
0.822413344
0.822615115
0.822671208
0.822473292
0.822484334
0.822527824
0.822380637
0.822449439
0.822440482
0.822510794
0.822381941
0.822485378
0.822190535
0.822926679
0.822606732
0.822639961
0.822374441
0.822455014
0.822379911
0.822336994
0.822717202
0.822514390
0.822343402
0.822278246
0.822420381
0.822409183
0.822786995
0.822474756
0.822486892
0.822471423
0.822587622
0.822214341
0.822378664
0.822317884
0.822591841
0.822405279
0.822531842
0.822278457
0.822463978
0.822359968
0.822641477
0.822261687
0.822605280
0.822429082
0.822551686
0.822463771
0.822405281
0.822394917
0.822452364
0.822380022
0.822367209
0.822394605
0.822185752
0.822261273
0.822469033
0.822482939
0.822240545
0.822465492
0.822248566
0.822316169
0.822534398
0.822499190
0.822376483
0.822572159
0.822408879
0.822375911
0.822336119
0.822407838
0.822325911
0.822594816
0.822508150
0.822452630
0.822296068
0.822451588
0.822309454
0.822546901
0.822452162
0.822589037
0.822283309
0.822522006
0.822345236
0.822327945
0.822493881
0.822290445
0.822474455
0.822103258
0.822536487
0.822578986
0.822636851
0.822270498
0.822648465
0.822765306
0.822386267
0.822323823
0.822622366
0.822254507
0.822492478
0.822311180
0.822444255
0.822278166
0.822425043
0.822232547
0.822623746
0.822362969
0.822460472
0.822459746
0.822477510
0.822362931
0.822508141
0.822322572
0.822399190
0.822566848
0.822539351
0.822200190
0.822314463
0.822504621
0.822541135
0.822452961
0.822438017
0.822350051
0.822503491
0.822310474
0.822205321
0.822619228
0.822567201
0.822523246
0.822456322
0.822463357
0.822502786
0.822570810
0.822332794
0.822512535
0.822367018
0.822376188
0.822331087
0.822313486
0.822259427
0.822521564
0.822308183
0.822371936
0.822333189
0.822420326
0.822299966
0.822239084
0.822368304
0.822260652
0.822539403
0.822423730
0.822566492
0.822254987
0.822397592
0.822297961
0.822671399
0.822464736
0.822537864
0.822247868
0.822789744
0.822302718
0.822505688
0.822400222
0.822511840
0.822223718
0.822588928
0.822302214
0.822593934
0.822459041
0.822661699
0.822378527
0.822633268
0.822294783
0.822539264
0.822395621
0.822386457
0.822309899
0.822543129
0.822413393
0.822430792
0.822699335
0.822496735
0.822508404
0.822562157
0.822290859
0.822157789
0.822374353
0.822173054
0.822336285
0.822481288
0.822471187
0.822425096
0.822540827
0.822391820
0.822437551
0.822477137
0.822409588
0.822574121
0.822369750
0.822405117
0.822452880
0.822325592
0.822764186
0.822620804
0.822676536
0.822334977
0.822300553
0.822262015
0.822458578
0.822585924
0.822360146
0.822569835
0.822262497
0.822584528
0.822349272
0.822605679
0.822333965
0.822569487
0.822259751
0.822457931
0.822375016
0.822827829
0.822267470
0.822532159
0.822429402
0.822366748
0.822233470
0.822420555
0.822441599
0.822456758
0.822382958
0.822802907
0.822210465
0.822290935
0.822492812
0.822370107
0.822274693
0.822433966
0.822574540
0.822519439
0.822338244
0.822569443
0.822447988
0.822471532
0.822502367
0.822455078
0.822464925
0.822367793
0.822321962
0.822478578
0.822410403
0.822555093
0.822486606
0.822280880
0.822422028
0.822348438
0.822490991
0.822419692
0.822666463
0.822370842
0.822445949
0.822340483
0.822277725
0.822271633
0.822501844
0.822424710
0.822221381
0.822379143
0.822268104
0.822468731
0.822551440
0.822605557
0.822438998
0.822438323
0.822383482
0.822483796
0.822509632
0.822515311
0.822364324
0.822529222
0.822211517
0.822566621
0.822508031
0.822606366
0.822434911
0.822527881
0.822110646
0.822399762
0.822337629
0.822621276
0.822264144
0.822333781
0.822429877
0.822338681
0.822554099
0.822624518
0.822399313
0.822477336
0.822547806
0.822369633
0.822603384
0.822451980
0.822463024
0.822563859
0.822482299
0.822443343
0.822356679
0.822267984
0.822353818
0.822361633
0.822498041
0.822351378
0.822631430
0.822573777
0.822567580
0.822335969
0.822441961
0.822288058
0.822672537
0.822638477
0.822280824
0.822188170
