0.017140874
0.013267816
0.013254274
0.013247243
0.013263180
0.013262138
0.013289586
0.013371356
0.013215367
0.013484741
0.013226930
0.013238752
0.013213232
0.013242295
0.013256357
0.013295784
0.013405784
0.013286514
0.013227399
0.013236930
0.013491721
0.013242659
0.013528387
0.013237398
0.013309065
0.013312191
0.013359065
0.013190003
0.013204899
0.013234430
0.013276774
0.013226983
0.013192295
0.013279065
0.013533283
0.013283284
0.013266305
0.013311201
0.013247972
0.013378857
0.013267190
0.013202816
0.013356096
0.013211461
0.013233857
0.013389742
0.013225263
0.013419637
0.013405627
0.013372242
0.013398180
0.013466981
0.013332346
0.013289795
0.013436253
0.013251201
0.013389065
0.013258544
0.013304534
0.013231670
0.013521564
0.013238597
0.013409273
0.013350263
0.013381252
0.013235472
0.013282034
0.013494012
0.013417086
0.013277242
0.013305836
0.013292138
0.013254326
0.013190628
0.013307659
0.013444690
0.013263180
0.013222711
0.013399326
0.013352243
0.013223076
0.013381721
0.013290315
0.013248493
0.013315732
0.013214951
0.013342607
0.013314117
0.013296305
0.013267764
0.013315576
0.013297763
0.013234013
0.013340107
0.013249587
0.013344586
0.013165263
0.013243128
0.013391722
0.013245420
0.013195212
0.013295680
0.013254899
0.013283232
0.013352191
0.013198597
0.013315680
0.013282816
0.013254378
0.013348389
0.013243128
0.013474533
0.013242503
0.013231827
0.013325940
0.013378909
0.013169691
0.013385836
0.013361462
0.013262139
0.013383804
0.013313805
0.013186774
0.013239482
0.013245159
0.013338180
0.013255055
0.013236357
0.013555575
0.013204170
0.013288440
0.013232086
0.013199847
0.013263858
0.013303597
0.013338752
0.013254535
0.013289742
0.013366722
0.013209066
0.013290316
0.013201566
0.013356149
0.013237608
0.013305472
0.013427346
0.013339274
0.013279743
0.013396982
0.013437034
0.013226306
0.013251462
0.013213649
0.013300368
0.013194847
0.013272295
0.013315472
0.013383492
0.013275993
0.013252347
0.013304587
0.013246566
0.013489117
0.013247868
0.013291097
0.013326461
0.013431253
0.013241723
0.013245837
0.013289586
0.013230993
0.013279222
0.013333128
0.013246982
0.013191306
0.013324534
0.013244483
0.013441253
0.013483596
0.013267087
0.013232816
0.013305524
0.013205681
0.013328233
0.013462816
0.013309899
0.013232034
0.013322659
0.013388128
0.013248232
0.013312660
0.013251097
0.013209066
0.013499846
0.013411201
0.013189222
0.013332399
0.013269118
0.013411045
0.013259743
0.013259430
0.013221097
0.013503440
0.013211619
0.013205629
0.013313858
0.013260785
0.013300264
0.013223649
0.013273233
0.013207451
0.013273180
0.013257555
0.013321827
0.013395993
0.013223753
0.013248493
0.013287608
0.013444066
0.013268076
0.013490419
0.013281358
0.013145264
0.013259326
0.013354639
0.013321878
0.013335785
0.013325680
0.013217243
0.013168963
0.013160264
0.013347451
0.013266305
0.013229223
0.013204848
0.013296357
0.013276254
0.013226982
0.013230421
0.013226670
0.013200837
0.013185420
0.013654741
0.013235524
0.013282556
0.013232400
0.013319013
0.013247712
0.013218962
0.013302816
0.013205577
0.013219483
0.013500731
0.013249066
0.013340940
0.013225056
0.013295525
0.013294691
0.013419587
0.013351097
0.013214795
0.013246253
0.013348128
0.013327399
0.013281045
0.013380419
0.013358857
0.013378753
0.013252972
0.013266410
0.013267451
0.013619169
0.013273285
0.013410733
0.013300941
0.013273285
0.013273441
0.013215108
0.013487399
0.013397190
0.013251357
0.013245577
0.013276045
0.013232347
0.013260889
0.013261774
0.013179743
0.013190212
0.013360524
0.013342347
0.013191150
0.013349691
0.013352034
0.013268805
0.013326618
0.013228650
0.013314951
0.013383389
0.013199431
0.013315316
0.013243181
0.013238650
0.013378544
0.013269170
0.013306826
0.013266097
0.013298181
0.013292972
0.013297660
0.013255264
0.013274379
0.013311618
0.013401253
0.013255369
0.013254951
0.013258285
0.013284639
0.013286670
0.013475941
0.013377816
0.013240212
0.013309327
0.013269952
0.013278025
0.013371566
0.013322972
0.013427295
0.013351097
0.013379482
0.013481305
0.013284170
0.013409326
0.013300369
0.013287660
0.013420576
0.013251879
0.013364482
0.013331462
0.013189483
0.013299535
0.013496982
0.013252608
0.013484118
0.013239795
0.013448753
0.013451566
0.013342764
0.013280055
0.013211306
0.013349639
0.013494221
0.013218806
0.013261045
0.013224796
0.013279587
0.013316254
0.013248650
0.013272973
0.013397764
0.013292400
0.013359899
0.013381827
0.013241098
0.013377764
0.013344170
0.013270472
0.013223858
0.013328337
0.013158077
0.013288181
0.013187035
0.013273910
0.013422138
0.013232139
0.013348232
0.013236983
0.013275681
0.013265369
0.013249223
0.013301671
0.013362139
0.013536513
0.013308650
0.013279379
0.013439014
0.013267192
0.013395316
0.013337921
0.013239483
0.013496826
0.013234379
0.013231255
0.013360317
0.013451514
0.013281827
0.013299795
0.013459378
0.013238181
0.013266723
0.013333962
0.013258077
0.013275785
0.013225421
0.013375785
0.013283493
0.013229328
0.013349223
0.013283442
0.013231254
0.013224848
0.013360994
0.013324691
0.013395680
0.013271774
0.013208650
0.013244275
0.013347660
0.013646148
0.013381410
0.013265837
0.013197609
0.013417556
0.013266567
0.013320212
0.013366827
0.013280889
0.013310056
0.013260786
0.013289327
0.013322817
0.013443962
0.013277140
0.013182192
0.013437920
0.013221983
0.013226827
0.013358598
0.013268285
0.013295004
0.013232140
0.013296046
0.013258286
0.013310837
0.013275473
0.013220577
0.013211358
0.013289744
0.013277348
0.013285941
0.013233702
0.013377452
0.013218182
0.013257192
0.013263702
0.013248910
0.013239327
0.013244431
0.013357556
0.013193807
0.013236775
0.013320212
0.013241619
0.013254744
0.013268181
0.013307973
0.013308338
0.013264223
0.013279066
0.013215421
0.013343494
0.013266566
0.013346827
0.013227036
0.013228390
0.013328702
0.013475420
0.013176307
0.013254223
0.013331045
0.013292608
0.013341045
0.013358493
0.013218129
0.013444847
0.013230161
0.013298702
0.013266411
0.013295733
0.013209952
0.013284692
0.013218963
0.013313233
0.013192765
0.013248025
0.013197140
0.013291306
0.013288181
0.013275056
0.013199431
0.013317296
0.013348441
0.013313545
0.013454275
0.013260838
0.013436566
0.013370212
0.013286827
0.013265629
0.013449691
0.013274379
0.013245785
0.013252244
0.013294588
0.013453024
0.013393962
0.013260733
0.013249327
0.013554586
0.013325056
0.013251515
0.013333181
0.013242713
0.013456671
0.013266827
0.013241410
0.013203077
0.013438702
0.013301254
0.013257921
0.013405108
0.013225160
0.013245630
0.013294327
0.013247556
0.013320369
0.013273337
0.013280786
0.013268493
0.013177765
0.013308025
0.013339900
0.013526358
0.013219744
0.013387608
0.013449431
0.013239432
0.013230525
0.013306150
0.013525159
0.013295160
0.013409014
0.013232504
0.013223546
0.013269328
0.013247244
0.013358494
0.013206932
0.013269327
0.013222869
0.013392244
0.013476774
0.013259224
0.013290681
0.013273963
0.013225213
0.013392816
0.013281671
0.013263755
0.013254588
0.013272036
0.013219744
0.013426671
0.013221307
0.013340212
0.013308181
0.013218598
0.013689118
0.013233025
0.013198911
0.013398754
0.013214484
0.013333963
0.013448077
0.013381567
0.013305317
0.013233338
0.013241775
0.013216515
0.013195786
0.013261567
0.013337973
0.013253806
0.013407973
0.013366567
0.013234797
0.013227035
0.013317921
0.013334900
0.013278806
0.013245577
0.013355525
0.013272608
0.013378390
0.013214640
0.013393858
0.013287661
0.013320629
0.013275681
0.013214016
0.013402556
0.013233911
0.013253390
0.013334327
0.013223650
0.013383806
0.013304744
0.013300109
0.013263859
0.013221672
0.013312974
0.013239171
0.013358910
0.013169745
0.013280369
0.013408858
0.013285785
0.013316307
0.013238547
0.013273285
0.013213911
0.013212765
0.013433233
0.013413754
0.013301358
0.013499222
0.013276879
0.013248755
0.013262401
0.013194693
0.013344119
0.013360213
0.013287921
0.013615211
0.013266359
0.013406254
0.013381671
0.013173443
0.013302816
0.013241255
0.013424796
0.013371775
0.013347817
0.013268546
0.013240474
0.013370473
0.009815590
0.013428859
0.013179067
0.013193234
0.013212453
0.013246567
0.013258963
0.013297035
0.013397660
0.013290369
0.013222296
0.013527868
0.013215682
0.013216151
0.013348962
0.013388130
0.013253755
0.013266046
0.013377296
0.013502816
0.013291775
0.013192557
0.013244015
0.013327557
0.013183755
0.013315369
0.013283754
0.013244745
0.013288755
0.013225734
0.013265786
0.013273911
0.013224015
0.013240682
0.013294275
0.013291568
0.013248859
0.013386776
0.013380004
0.013220943
0.013263494
0.013339379
0.013222349
0.013219588
0.013336307
0.013326932
0.013257713
0.013483442
0.013446097
0.013297817
0.013362348
0.013366046
0.013285890
0.013413911
0.013456254
0.013437816
0.013249796
0.013274119
0.013290474
0.013231099
0.013203182
0.013472973
0.013282088
0.013401202
0.013305891
0.013229276
0.013257349
0.013283181
0.013255630
0.013269172
0.013224275
0.013267401
0.013299015
0.013216411
0.013209068
0.013373181
0.013239953
0.013333234
0.013387140
0.013310786
0.013307609
0.013252557
0.013199328
0.013240057
0.013295318
0.013233390
0.013259067
0.013394588
0.013337244
0.013273494
0.013272140
0.013329120
0.013310057
0.013350838
0.013239171
0.013342765
0.013491359
0.013424379
0.013220265
0.013221672
0.013262974
0.013261827
0.013300005
0.013257089
0.013409275
0.013255109
0.013258130
0.013252869
0.013229901
0.013190526
0.013173703
0.013411514
0.013239952
0.013291932
0.013313130
0.013315161
0.013280213
0.013355578
0.013232349
0.013261984
0.013346827
0.013307297
0.013200265
0.013493233
0.013294536
0.013356828
0.013484848
0.013401150
0.013234276
0.013662764
0.013288443
0.013326046
0.013234953
0.013315578
0.013270109
0.013437348
0.013332557
0.013390734
0.013449952
0.013550264
0.013133027
0.013386827
0.013291724
0.013250057
0.013495942
0.013219328
0.013285057
0.013255421
0.013305213
0.013230109
0.013275838
0.013217609
0.013475785
0.013612765
0.013258599
0.013244380
0.013299484
0.013254849
0.013202193
0.013386202
0.013267558
0.013290317
0.013425109
0.013242557
0.013378650
0.013242400
0.013243912
0.013294016
0.013391619
0.013499640
0.013291411
0.013390161
0.013283755
0.013211567
0.013289432
0.013297817
0.013226724
0.013273078
0.013213443
0.013215682
0.013248078
0.013241359
0.013260578
0.013242037
0.013249589
0.013212974
0.013257401
0.013396672
0.013326046
0.013349953
0.013252349
0.013400942
0.013187505
0.013469119
0.013245318
0.013350838
0.013224901
0.013348443
0.013231828
0.013299849
0.013227401
0.013258286
0.013275734
0.013337505
0.013239537
0.013200786
0.013390369
0.013250578
0.013238495
0.013275631
0.013214953
0.013221151
0.013497712
0.013359744
0.013263547
0.013220318
0.013446254
0.013211880
0.013407818
0.013255890
0.013272193
0.013249381
0.013283807
0.013268599
0.013330161
0.013528286
0.013237609
0.013298546
0.013327453
0.013246463
0.013223860
0.013407661
0.013268339
0.013242766
0.013160005
0.013424328
0.013400994
0.013370578
0.013241672
0.013233599
0.013363546
0.013301828
0.013311984
0.013298442
0.013256464
0.013250526
0.013292453
0.013328651
0.013366828
0.013277661
0.013251047
0.013326985
0.013204329
0.013303755
0.013228391
0.013330578
0.013237869
0.013248495
0.013415369
0.013450473
0.013344119
0.013244849
0.013269433
0.013221620
0.013273443
0.013378547
0.013229380
0.013247766
0.013388651
0.013317870
0.013244329
0.013368702
0.013273495
0.013264849
0.013244640
0.013252714
0.013297140
0.013369745
0.013220370
0.013221881
0.013253287
0.013227974
0.013214745
0.013251099
0.013362088
0.013362140
0.013266829
0.013273234
0.013260578
0.013193079
0.013250110
0.013446255
0.013246620
0.013235838
0.013306672
0.013218079
0.013325682
0.013310787
0.013325942
0.013184746
0.013363130
0.013201880
0.013332089
0.013175527
0.013334641
0.013291047
0.013275057
0.013284849
0.013591515
0.013224901
0.013232870
0.013245891
0.013243287
0.013426411
0.013421723
0.013217297
0.013251828
0.013231724
0.013379432
0.013352661
0.013422401
0.013289485
0.013265370
0.013198860
0.013238287
0.013382765
0.013271880
0.013253808
0.013272922
0.013215527
0.013399588
0.013259381
0.013356776
0.013364693
0.013268963
0.013407036
0.013183704
0.013370735
0.013522765
0.013363078
0.013250839
0.013183756
0.013332870
0.013293651
0.013280839
