0.012585405
0.012552697
0.012878424
0.012628686
0.012776915
0.012602696
0.012522854
0.012700300
0.012731967
0.012578635
0.012628530
0.012677123
0.012590041
0.012603426
0.012666915
0.012583165
0.012609364
0.012621811
0.012578739
0.012801706
0.012569208
0.012617488
0.012630248
0.012608322
0.012543843
0.012733322
0.012675717
0.012609312
0.012566916
0.012621604
0.012540562
0.012632697
0.012671499
0.012666030
0.012687748
0.012618374
0.012639311
0.012573478
0.012585978
0.012663842
0.012615613
0.012653582
0.012597749
0.012675926
0.012902748
0.012574468
0.012693530
0.012598582
0.012599051
0.012617801
0.012585822
0.012975455
0.012544572
0.012566812
0.012703426
0.012588530
0.012566448
0.012794154
0.012698582
0.012586552
0.012625718
0.012641603
0.012595666
0.012640405
0.012611082
0.012602697
0.012611395
0.012641499
0.012633009
0.012565562
0.012781758
0.012603218
0.012566603
0.012549989
0.012643583
0.012642957
0.012604573
0.012661551
0.012545875
0.012559624
0.012581603
0.012622385
0.012584156
0.012644467
0.012571604
0.012825873
0.012654364
0.012587385
0.012692853
0.012607228
0.012768217
0.012764780
0.012553531
0.012643843
0.012579937
0.012568947
0.012605093
0.012630301
0.012549260
0.012554364
0.012577593
0.012737852
0.012566552
0.012555666
0.012553947
0.012832175
0.012624833
0.012585614
0.012606604
0.012564885
0.012584468
0.012778998
0.012752957
0.012588270
0.012602281
0.012551291
0.012593270
0.012610822
0.012566239
0.012589937
0.012530302
0.012770248
0.012612176
0.012600614
0.012601135
0.012626500
0.012605145
0.012563271
0.012633061
0.012552021
0.012887123
0.012644468
0.012679363
0.012589780
0.012557229
0.012594728
0.012575197
0.012630405
0.012551812
0.012597073
0.012723166
0.012618896
0.012542958
0.012600250
0.012563270
0.012612489
0.012619468
0.012709052
0.012868894
0.012612854
0.012573739
0.012619937
0.012567385
0.012614728
0.012604833
0.012614832
0.012612281
0.012665457
0.012838269
0.012637333
0.012578687
0.012598531
0.012603843
0.012720926
0.012840092
0.012658062
0.012741968
0.012655874
0.012604989
0.012585042
0.012625406
0.012653895
0.012712645
0.012589520
0.012712072
0.012656083
0.012595979
0.012647437
0.012578791
0.012631447
0.012547698
0.012564573
0.012572333
0.012635093
0.012621760
0.012645874
0.012575979
0.012614208
0.012846134
0.012700458
0.012556656
0.012589833
0.012581708
0.012587281
0.012602072
0.012614000
0.012764728
0.012602437
0.012676812
0.012788426
0.012689156
0.012537802
0.012581032
0.012616865
0.012589729
0.012594989
0.012589104
0.012640978
0.012599469
0.012624625
0.012582906
0.012599677
0.012566135
0.012561657
0.012602594
0.012593323
0.012654729
0.012801811
0.012705666
0.012575042
0.012791135
0.012623479
0.012548688
0.012843218
0.012635875
0.012682437
0.012590458
0.012617229
0.012638166
0.012878373
0.012542281
0.012595458
0.012556865
0.012622385
0.012618947
0.012586865
0.012608584
0.012596031
0.012828478
0.012606396
0.012583948
0.012607437
0.012601864
0.012606187
0.012594626
0.012596657
0.012699312
0.012586604
0.012600146
0.012693427
0.012621292
0.012603688
0.012832071
0.012608271
0.012719624
0.012593219
0.012537907
0.012621187
0.012572021
0.012562594
0.012590928
0.012606135
0.012623114
0.012663688
0.012655666
0.013043894
0.012752645
0.012757072
0.012618792
0.012605302
0.012582802
0.012801655
0.012605562
0.012632021
0.012567178
0.012613323
0.012613271
0.012589521
0.012680458
0.012547438
0.012580511
0.012596917
0.012716604
0.012777229
0.012573844
0.012643844
0.012611604
0.012623948
0.012560563
0.012819936
0.012709156
0.012634469
0.012855665
0.012630459
0.012612646
0.012633063
0.012658844
0.012602229
0.012730614
0.012571657
0.012675614
0.012605146
0.012573271
0.012578845
0.012618635
0.012650146
0.012551345
0.012680875
0.012615667
0.012669625
0.012647698
0.012626709
0.012602073
0.012601657
0.012596344
0.012804988
0.012581136
0.012616500
0.012772958
0.012771292
0.012604521
0.012721448
0.012806968
0.012643375
0.012647021
0.012626292
0.012715249
0.012613532
0.012602073
0.012590563
0.012634625
0.012630094
0.012655615
0.012662802
0.012598688
0.012591761
0.012582334
0.012574313
0.012570616
0.012616188
0.012585406
0.012578271
0.012618428
0.012789052
0.012741240
0.012636865
0.012730354
0.012621657
0.012631240
0.012804208
0.012578480
0.012773374
0.012612802
0.012584730
0.012597803
0.012604938
0.012623375
0.012614834
0.012714156
0.012623896
0.012558063
0.012738635
0.012737594
0.012739052
0.012584886
0.012606136
0.012625355
0.012742073
0.012577334
0.012555302
0.012640094
0.012648792
0.012611605
0.012692490
0.012749364
0.012809104
0.012682230
0.012726031
0.012601605
0.012654521
0.012664886
0.012632490
0.012857489
0.012633793
0.012759469
0.012627854
0.012579365
0.012577698
0.012612438
0.012604157
0.012683636
0.012832906
0.012629365
0.012587855
0.012567491
0.012596709
0.012578897
0.012580250
0.012569209
0.012602542
0.012728063
0.012616136
0.012602751
0.012576448
0.012601084
0.012584365
0.013018894
0.012609626
0.012592021
0.012701292
0.012579157
0.012587074
0.012807021
0.012699625
0.012554782
0.012619886
0.012575720
0.012637646
0.012680511
0.012632646
0.012639000
0.012625407
0.012757802
0.012639470
0.012625250
0.012613688
0.012576813
0.012619365
0.012857801
0.012593480
0.012657386
0.012611240
0.012633689
0.012776760
0.012672334
0.012553585
0.012863583
0.012623636
0.012555824
0.012614417
0.012804104
0.012747854
0.012668688
0.012588689
0.012705354
0.012671084
0.012737803
0.012806187
0.012641917
0.012652438
0.012821396
0.012729104
0.012594782
0.012592595
0.012591033
0.012660407
0.012649469
0.012756761
0.012703897
0.012757438
0.012601709
0.012627282
0.012752802
0.012778948
0.012675146
0.012703583
0.012645771
0.012640668
0.012570252
0.012749990
0.012796760
0.012632074
0.012626032
0.012641605
0.012516345
0.012750510
0.012651657
0.012609470
0.012565824
0.012609991
0.012695303
0.012683480
0.012877385
0.012572960
0.012691501
0.012625824
0.012557960
0.012624157
0.012558220
0.012671397
0.012572334
0.012609105
0.012555356
0.012619157
0.012679886
0.012570303
0.012611344
0.012572908
0.012572803
0.012639886
0.012573116
0.012740146
0.012583845
0.012597856
0.012738480
0.012610668
0.012776396
0.012692073
0.012774469
0.012579626
0.012601553
0.012676085
0.012604261
0.012778271
0.012632855
0.012626136
0.012614991
0.012837177
0.012615720
0.012589210
0.012633115
0.012626918
0.012588740
0.012618637
0.012596449
0.012600564
0.012627543
0.012633689
0.012596085
0.012627126
0.012719261
0.012646554
0.012601762
0.012639469
0.012665512
0.012598272
0.012606085
0.012731917
0.012640928
0.012631866
0.012630356
0.012559418
0.012577959
0.012549522
0.012569679
0.012609209
0.012620095
0.012609991
0.012606450
0.012608636
0.012629470
0.012595564
0.012624261
0.012597230
0.012585148
0.012576345
0.012559730
0.012603115
0.012571033
0.012590095
0.012740563
0.012639886
0.012646814
0.012636813
0.012567491
0.012591502
0.012533065
0.012570564
0.012791501
0.012585251
0.012681345
0.012587074
0.012575928
0.012774990
0.012563377
0.012825094
0.012599626
0.012614002
0.012634418
0.012672282
0.012642752
0.012612491
0.012590407
0.012864000
0.012624679
0.012524522
0.012573689
0.012609939
0.012579731
0.012617960
0.012743792
0.012707335
0.012659939
0.012607074
0.012589679
0.012611814
0.012687022
0.012593272
0.012818011
0.012624626
0.012660459
0.012769990
0.012664418
0.012771136
0.012614887
0.012601346
0.012581918
0.012659522
0.012630096
0.012702699
0.012729678
0.012631449
0.012633376
0.012644471
0.012644001
0.012617074
0.012834521
0.012606241
0.012605044
0.012602960
0.012635773
0.012564939
0.012592908
0.012635616
0.012565617
0.012692855
0.012618168
0.012632595
0.012693845
0.012639626
0.012716762
0.012807907
0.012760563
0.012701553
0.012742699
0.012612544
0.012590095
0.012703637
0.012649209
0.012768532
0.012716710
0.012579731
0.012579939
0.012578272
0.012745563
0.012627179
0.012595147
0.012626502
0.012717074
0.012613949
0.012627543
0.012631658
0.012663012
0.012632492
0.012775355
0.012598377
0.012590147
0.012564262
0.012573846
0.012647700
0.012695095
0.012583481
0.012565356
0.012589575
0.012630720
0.012630355
0.012716501
0.012635147
0.012567387
0.012544835
0.012624106
0.012625148
0.012616397
0.012561815
0.012530461
0.012573585
0.012762856
0.012609731
0.012644574
0.012838896
0.012595773
0.012601346
0.012710563
0.012626398
0.012590564
0.012640616
0.012737855
0.012878740
0.012612387
0.012614002
0.012727543
0.012602439
0.012602804
0.012587075
0.012600408
0.012621710
0.012631553
0.012829365
0.012618637
0.012595512
0.012849574
0.012598116
0.012567075
0.012723688
0.012564054
0.012578220
0.012784418
0.012621190
0.012747178
0.012597179
0.012656554
0.012764262
0.012528951
0.012574315
0.012862595
0.012570461
0.012780980
0.012586919
0.012659731
0.012576919
0.012797335
0.012677596
0.012609106
0.012585877
0.012505617
0.012623325
0.012540044
0.012564366
0.012740095
0.012654939
0.012575929
0.012643846
0.012837074
0.012600981
0.012577596
0.012580669
0.012648481
0.012589522
0.012687335
0.012569575
0.012818845
0.012717647
0.012558377
0.012578846
0.012819991
0.012773481
0.012694887
0.012752231
0.012720825
0.012656763
0.012609419
0.012655825
0.012765720
0.012548533
0.012592960
0.012609992
0.012729054
0.012595356
0.012836918
0.012557752
0.012626971
0.012618117
0.012703481
0.012667596
0.012561085
0.012600252
0.012706710
0.012595721
0.012740824
0.012612700
0.012628794
0.012578690
0.012836814
0.012640721
0.012609992
0.012601659
0.012570304
0.012581815
0.012620304
0.012605409
0.012683064
0.012708064
0.012785668
0.012635982
0.012676971
0.012595825
0.012626607
0.012608377
0.012685252
0.012623898
0.012605148
0.012606554
0.012545565
0.012815200
0.012597596
0.012595616
0.012625617
0.012646450
0.012577336
0.012734002
0.012850199
0.012607960
0.012587752
0.012611398
0.012577909
0.012624106
0.012826449
0.012626606
0.012576919
0.012594367
0.012618482
0.012594367
0.012581919
0.012675669
0.012676450
0.012637179
0.012719627
0.012795564
0.012630877
0.012874939
0.012691866
0.012608326
0.012638065
0.012812179
0.012584159
0.012733116
0.012596138
0.012615877
0.012553378
0.012573951
0.012675096
0.012779627
0.012670669
0.012728846
0.012664366
0.012689627
0.012749939
0.012734783
0.012652388
0.012661971
0.012694835
0.012689627
0.012801814
0.012832856
0.012587231
0.012605669
0.012707751
0.012838376
0.012632388
0.012570773
0.012617856
0.012635982
0.012587544
0.012611710
0.012607127
0.012629471
0.012813429
0.012606763
0.012835408
0.012670929
0.012605565
0.012693585
0.012715200
0.012584940
0.012654367
0.012725668
0.012692284
0.012693325
0.012695825
0.012610305
0.012615460
0.012698012
0.012588273
0.012618481
0.012624367
0.012608586
0.012711502
0.012626190
0.012639731
0.012797127
0.012800304
0.012590097
0.012608690
0.012713117
0.012613742
0.012603482
0.012611503
0.012654471
0.012706502
0.012621555
0.012824158
0.012549316
0.012614888
0.012577909
0.012630721
0.012734627
0.012740982
0.012634211
0.012617232
0.012645461
0.012604680
0.012615461
0.012633221
0.012787699
0.012699158
0.012590722
0.012595461
0.012607440
0.012605305
0.012680616
0.012738116
0.012634419
0.012788064
0.012595252
0.012587909
0.012528170
0.012649159
0.012606554
0.012566451
0.012572388
0.012556243
0.012614888
0.012592388
0.012635201
0.012955616
0.012590669
0.012793637
0.012689211
0.012605617
0.012647701
0.012639940
0.012819470
0.012586711
0.012648013
0.012687231
0.012644992
0.012772231
0.012625773
0.012668742
0.012626972
0.012600201
0.012694367
0.012618482
0.012702023
0.012653482
0.012591711
0.012606711
0.012621243
0.012574472
0.012637857
0.012611972
0.012645722
0.013262906
0.012771189
0.012582857
0.012649732
0.012694471
0.012676450
0.012656034
0.012625878
0.012599837
0.012705669
0.012664419
0.012644419
0.012594212
0.012611711
0.012598690
0.012686294
0.012583169
0.012599784
0.012619055
0.012631243
0.012709992
0.012600930
0.012676138
0.012642805
0.012514315
0.012673117
0.012530826
0.012648065
0.012652231
0.012578847
0.012680305
0.012581660
0.012692336
0.012816762
0.012576763
0.012542441
0.012863689
0.012654680
0.012562024
0.012597909
0.012614836
0.012711086
0.012756450
0.012638951
0.012569680
0.012609263
0.012692336
0.012580462
