0.033753618
0.026386668
0.026466147
0.026393178
0.026617708
0.026441407
0.026394793
0.026449844
0.026471824
0.026449480
0.026534896
0.026428126
0.026679584
0.026418751
0.026672291
0.026467709
0.026631198
0.026545469
0.026504949
0.026519845
0.026621563
0.026548178
0.026401772
0.026548178
0.026484949
0.026479896
0.026429688
0.026506563
0.026312450
0.026389064
0.026476512
0.026447918
0.026600261
0.026388647
0.026378596
0.026463439
0.026409481
0.026430314
0.026454949
0.026565105
0.026430626
0.026536355
0.026613594
0.026464897
0.026507501
0.026420678
0.026605313
0.026452032
0.026360366
0.026728750
0.026511251
0.026421512
0.026384950
0.026697449
0.026470262
0.026494167
0.026549792
0.026503751
0.026411043
0.026481095
0.026341304
0.026650469
0.026469012
0.026508491
0.026489116
0.026459480
0.026570000
0.026535470
0.026586355
0.026557084
0.026407346
0.026533542
0.026410991
0.026537188
0.026667709
0.026660157
0.026499272
0.026646147
0.026590261
0.026482293
0.026562293
0.026738646
0.026459741
0.026595469
0.026551251
0.026587136
0.026408908
0.026564637
0.026589688
0.026455418
0.026529012
0.026374845
0.026589116
0.026615209
0.026490105
0.026550470
0.026358543
0.026492033
0.026573542
0.026651667
0.026528699
0.026417137
0.026538126
0.026692084
0.026438387
0.026549220
0.026464949
0.026552501
0.026436720
0.026577918
0.026519168
0.026385627
0.026291617
0.026502814
0.026499220
0.026476043
0.026645053
0.026491043
0.026429689
0.026412553
0.026700261
0.026523438
0.026469116
0.026639844
0.026332606
0.026585834
0.026508230
0.026516042
0.026614793
0.026662136
0.026457397
0.026484740
0.026346096
0.026574949
0.026511408
0.026438803
0.026644793
0.026553751
0.026583438
0.026530887
0.026435366
0.026550522
0.026716667
0.026503386
0.026412502
0.026569168
0.026549376
0.026432085
0.026387814
0.026582605
0.026612136
0.026566928
0.026494273
0.026687605
0.026490991
0.026542032
0.026405887
0.026381304
0.026603542
0.026559584
0.026398492
0.026492241
0.026434012
0.026361200
0.026441616
0.026704219
0.026562345
0.026343961
0.026367398
0.026658907
0.026654585
0.026375887
0.026517762
0.026540626
0.026435001
0.026370418
0.026479741
0.026472449
0.026517866
0.026533439
0.026442137
0.026533491
0.026552553
0.026531511
0.026489949
0.026469116
0.026513700
0.026659428
0.026305523
0.026479533
0.026552032
0.026442242
0.026624011
0.026529533
0.026546043
0.026464897
0.026552033
0.026501304
0.026434324
0.026721094
0.026571825
0.026494533
0.026303284
0.026570209
0.026450002
0.026381877
0.026466200
0.026600053
0.026616459
0.026851511
0.026440470
0.026615730
0.026603752
0.026595418
0.026587918
0.026483231
0.026359117
0.026537137
0.026682241
0.026619741
0.026533908
0.026392346
0.026515887
0.026663178
0.026420054
0.026523804
0.026350836
0.026637865
0.026510366
0.026499168
0.026778855
0.026485001
0.026473022
0.026632137
0.026371773
0.026598022
0.026551512
0.026596668
0.026621303
0.026547189
0.026367710
0.026786823
0.026622032
0.026681251
0.026624949
0.026716147
0.026597761
0.026759115
0.026462345
0.026513179
0.026513648
0.026746147
0.026790730
0.026457919
0.026612293
0.026462086
0.026491929
0.026651928
0.026552710
0.026493961
0.026631147
0.026361513
0.026600262
0.026375888
0.026431304
0.026389533
0.026689584
0.026763751
0.026361461
0.026406148
0.026377034
0.026534117
0.026491199
0.026469637
0.026502971
0.026641824
0.026583127
0.026787241
0.026531773
0.026487763
0.026485627
0.026628178
0.026545991
0.026664324
0.026505731
0.026392867
0.026605314
0.026647814
0.026369169
0.026577449
0.026607502
0.026724167
0.026427867
0.026574168
0.026590679
0.026823542
0.026626251
0.026383284
0.026626304
0.026687449
0.026583856
0.026477659
0.026441148
0.026459429
0.026542554
0.026451460
0.026451565
0.026770105
0.026517190
0.026446200
0.026595575
0.026416408
0.026620002
0.026659949
0.026514482
0.026456617
0.026616669
0.026830573
0.026490991
0.026498439
0.026497242
0.026466617
0.026667189
0.026517086
0.026445002
0.026475471
0.026558335
0.026731303
0.026550106
0.026578283
0.026501616
0.026623231
0.026669429
0.026431877
0.026451149
0.026514950
0.026451773
0.026586095
0.026511199
0.026459429
0.026396044
0.026547189
0.026776303
0.026712970
0.026538283
0.026366617
0.026434117
0.026573543
0.026865730
0.026425575
0.026516669
0.026394221
0.026637137
0.026836407
0.026633647
0.026530940
0.026539585
0.026396773
0.026497294
0.026422398
0.026477398
0.026626356
0.026550366
0.026570523
0.026451617
0.026491617
0.026418075
0.026576720
0.026551304
0.026467085
0.026653178
0.026581929
0.026567137
0.026613595
0.026501512
0.026731200
0.026495523
0.026356096
0.026459482
0.026617554
0.026565627
0.026471096
0.026466356
0.026531044
0.026480523
0.026582866
0.026741355
0.026505940
0.026538075
0.026395940
0.026450315
0.026469221
0.026382815
0.026480992
0.026478075
0.026410784
0.026403856
0.026455367
0.026759012
0.026574533
0.026639897
0.026599846
0.026608335
0.026473648
0.026374378
0.026487502
0.026850938
0.026535939
0.026431357
0.026496721
0.026518544
0.026554534
0.026787814
0.026419170
0.026461669
0.026429794
0.026809116
0.026662815
0.026653023
0.026502867
0.026409169
0.026427606
0.026291409
0.026385264
0.026504274
0.026449586
0.026325472
0.026507086
0.026578700
0.026264222
0.026425783
0.026568596
0.026405471
0.026371357
0.026467919
0.026517450
0.026805053
0.026510263
0.026428180
0.026700001
0.026465888
0.026561044
0.026463648
0.026471617
0.026399691
0.026484534
0.026375628
0.026411409
0.026424899
0.026460992
0.026604221
0.026601305
0.026606773
0.026443388
0.026413180
0.026730262
0.026551043
0.026567554
0.026508076
0.026600314
0.026560575
0.026540003
0.026387138
0.026534065
0.026440263
0.026541981
0.026604013
0.026627555
0.026516200
0.026385055
0.026436722
0.026531201
0.026982501
0.026469221
0.026532554
0.026384222
0.026548440
0.026385785
0.026581929
0.026360732
0.026470054
0.026548336
0.026489742
0.026449846
0.026486878
0.026471409
0.026519690
0.026381097
0.026460784
0.026420784
0.026454951
0.026489013
0.026737189
0.026773803
0.026473388
0.026280889
0.026528804
0.026430523
0.026762970
0.026602867
0.026570731
0.026556305
0.026395889
0.026572763
0.026573232
0.026601981
0.026552242
0.026479325
0.026518909
0.026417346
0.026515055
0.026484534
0.026560003
0.026505576
0.026378336
0.026517294
0.026542347
0.026390733
0.026515107
0.026420576
0.026563440
0.026382555
0.026542971
0.026591982
0.026540940
0.026502920
0.026800523
0.026439378
0.026482920
0.026559951
0.026368597
0.026617294
0.026507346
0.026445055
0.026681981
0.026649950
0.026714846
0.027152344
0.026545419
0.026508961
0.026423389
0.026577451
0.026443440
0.026411201
0.026597867
0.026457763
0.026825470
0.026504377
0.026563908
0.026571045
0.026574951
0.026561253
0.026672814
0.026419587
0.026513232
0.026365993
0.026570524
0.026781721
0.026580159
0.026467346
0.026473128
0.026421826
0.026599638
0.026546617
0.026416149
0.026436097
0.026470263
0.026485888
0.026505211
0.026617711
0.026512191
0.026644794
0.026529846
0.026696929
0.026505576
0.026539691
0.026510992
0.026434065
0.026453753
0.026483128
0.026425524
0.026477191
0.026782450
0.026535263
0.026475315
0.026503232
0.026588492
0.026346566
0.026551565
0.026640210
0.026445107
0.026421982
0.026584222
0.026451201
0.026603023
0.026483909
0.026425837
0.026683752
0.026353076
0.026518597
0.026495993
0.026525784
0.026603284
0.026424795
0.026542503
0.026476982
0.026549482
0.026651669
0.026329900
0.026737867
0.026727814
0.026403441
0.026608180
0.026527815
0.026472138
0.026532086
0.026472660
0.026773179
0.026488180
0.026533649
0.026445524
0.026492711
0.026575888
0.026374326
0.026713179
0.026505368
0.026391045
0.026468232
0.026708701
0.026468962
0.026396671
0.026476357
0.026441045
0.026755680
0.026498076
0.026434743
0.026365629
0.026350264
0.026646826
0.026495368
0.026482035
0.026482868
0.026957137
0.026374326
0.026470680
0.026529430
0.026485003
0.026445003
0.026439743
0.026409847
0.026519535
0.026530315
0.026469795
0.026286619
0.026479118
0.026584534
0.026419431
0.026558180
0.026493545
0.026396879
0.026409066
0.026576044
0.026470993
0.026576773
0.026499378
0.026490107
0.026604169
0.026531617
0.026575211
0.026551669
0.026461670
0.026769950
0.026770784
0.026496514
0.026400784
0.026543649
0.026723700
0.026759898
0.026459743
0.026407451
0.026486514
0.026616618
0.026417087
0.026474743
0.026471930
0.026409847
0.026538961
0.026665055
0.026436931
0.026542399
0.026517035
0.026502243
0.026713596
0.026437816
0.026403285
0.026696565
0.026452243
0.026727450
0.026463077
0.026518128
0.026641826
0.026551410
0.026479951
0.026425837
0.026562399
0.026528857
0.026661461
0.026461410
0.026651878
0.026471410
0.026567190
0.026638127
0.026741669
0.026483441
0.026465524
0.026443180
0.026532191
0.026631774
0.026571357
0.026594743
0.026502868
0.026665628
0.026625680
0.026434274
0.026496358
0.026390524
0.026778752
0.026520472
0.026464014
0.026566149
0.026522243
0.026536409
0.026445993
0.026592920
0.026348910
0.026579951
0.026459483
0.027332709
0.026441410
0.026367921
0.026546722
0.026533129
0.026531305
0.026493441
0.026543233
0.026544014
0.026582399
0.026338754
0.026503805
0.026470420
0.026430420
0.026460108
0.026416827
0.026579795
0.026573337
0.026498910
0.026452764
0.026667815
0.026308494
0.026447608
0.026444014
0.026567555
0.026603493
0.026453702
0.026658701
0.026685107
0.026485264
0.026412296
0.026390681
0.026374691
0.026910315
0.026554274
0.026642555
0.026657347
0.026454847
0.026793544
0.026487035
0.026564222
0.026492504
0.026460420
0.026404222
0.026490316
0.026507556
0.026665419
0.026441410
0.026505368
0.026705940
0.026428494
0.026490472
0.026518493
0.026472660
0.026522400
0.026431514
0.026376202
0.026500994
0.026491514
0.026509535
0.026591306
0.026437764
0.026557920
0.026589274
0.026489326
0.026517504
0.026643805
0.026527920
0.026583597
0.026440316
0.026580108
0.026583701
0.026659170
0.026505212
0.026369015
0.026616826
0.026532139
0.026464743
0.026358598
0.026520680
0.026371566
0.026652034
0.026418493
0.026476983
0.026461410
0.026550993
0.026414743
0.026612295
0.026360369
0.026454587
0.026828804
0.026576098
0.026267244
0.026433545
0.026469951
0.026650680
0.026619378
0.026490420
0.026498701
0.026749326
0.026832399
0.026452556
0.026563649
0.026399639
0.026693232
0.026855888
0.026489379
0.026434118
0.026462035
0.026524639
0.026332973
0.026481254
0.026555212
0.026386202
0.026641358
0.026744430
0.026567451
0.026488650
0.026594691
0.026367139
0.026882138
0.026627608
0.026464223
0.026472764
0.026788023
0.026334796
0.026754847
0.026373025
0.026657920
0.026616149
0.026601722
0.026609065
0.026452087
0.026425056
0.026804690
0.026526462
0.026593388
0.026492816
0.026554170
0.026625003
0.026581931
0.026538337
0.026545524
0.026522035
0.026587348
0.026387296
0.026325838
0.026582868
0.026397087
0.026689482
0.027261512
0.026552296
0.026510264
0.026457660
0.026588389
0.026599639
0.026498285
0.026531722
0.026545785
0.026682555
0.026450421
0.026487400
0.026549327
0.026377556
0.026456202
0.026782763
0.026482400
0.026367348
0.026631358
0.026407608
0.026357348
0.026535056
0.026680003
0.026552191
0.026483754
0.026348286
0.026712347
0.026344171
0.026464119
0.026503806
0.026749535
0.026359952
0.026379015
0.026405265
0.026529535
0.026526410
0.026464691
0.026407191
0.026496774
0.026495733
0.026676461
0.026475265
0.026527192
0.026697972
0.026519014
0.026860524
0.026502348
0.026683180
0.026490421
0.026608441
0.026700212
0.026547400
0.026442139
0.026493806
0.026638389
0.026756774
0.026375786
0.026457712
0.026366827
0.026518598
0.026399067
0.026519535
0.026536254
0.026385109
0.026466983
0.026930002
0.026542504
0.026289953
0.026536411
0.026690992
0.026814117
0.026420265
0.026461827
0.026420837
0.026528077
0.026628180
0.026561566
0.026439118
0.026411359
0.026655160
0.026529171
0.026452661
0.026515941
0.026414588
0.026535681
0.026494692
0.026540993
0.026497868
0.026284797
0.026489275
0.026685993
0.026607712
0.026526046
0.026522712
0.026537817
0.026328755
0.026557816
0.026432712
0.026640160
0.026485681
0.027036720
0.026396046
0.026368754
0.026811253
0.026627660
0.026397817
0.026497712
0.026672139
0.026544587
0.026488702
0.026562191
0.026421411
0.026494952
