0.025837550
0.025919425
0.025951717
0.025649530
0.025856352
0.025720467
0.025846561
0.025818539
0.025880831
0.025832758
0.025847081
0.025943747
0.025733488
0.025942393
0.025838644
0.025802654
0.025810675
0.025779269
0.025773228
0.025914946
0.025748644
0.025800519
0.026011247
0.025917185
0.025790259
0.025812863
0.025886560
0.025960050
0.025898956
0.025835727
0.025756978
0.025969685
0.025873123
0.025857029
0.025741249
0.025874113
0.025875780
0.025768279
0.025904373
0.025854373
0.025834582
0.025718123
0.025760675
0.025867498
0.025742811
0.025826248
0.025882394
0.025825988
0.025760259
0.025820363
0.025962601
0.025766092
0.025835415
0.026010206
0.025805571
0.025760155
0.025822394
0.025814946
0.025807707
0.025919738
0.025771196
0.025724842
0.026038539
0.025878019
0.025646093
0.025734217
0.025733020
0.025932758
0.025738176
0.025853435
0.025873800
0.025994997
0.025787394
0.025816769
0.025741873
0.025751405
0.025776300
0.025933175
0.025835311
0.025799269
0.025877706
0.025892289
0.025913904
0.025778696
0.025750936
0.025743331
0.025821769
0.025749842
0.025713905
0.025708332
0.025763800
0.025771874
0.025851040
0.025808019
0.025936716
0.025863852
0.025780779
0.025898227
0.025960726
0.025793801
0.025904738
0.025863227
0.025740779
0.025924528
0.026005102
0.025866561
0.025715207
0.025713801
0.025748644
0.025753124
0.025831613
0.025797082
0.025876248
0.025857394
0.025782915
0.025869581
0.025781874
0.025847810
0.026023122
0.025884060
0.025763175
0.025840832
0.025904113
0.025741456
0.026028018
0.025915936
0.025761457
0.025680989
0.025825103
0.025827706
0.025838071
0.025768957
0.025807446
0.025759270
0.026019112
0.025787915
0.025707134
0.025847759
0.025847550
0.025762185
0.025706717
0.025747759
0.025863488
0.025724321
0.025784582
0.025825154
0.025779477
0.025940310
0.025917810
0.025826977
0.025763019
0.026013226
0.025764530
0.025809634
0.025740363
0.025771821
0.025769634
0.025777395
0.025607447
0.025850050
0.025665676
0.025942133
0.025733644
0.025758124
0.025748905
0.025829217
0.025953747
0.025994424
0.025897186
0.025832134
0.025954373
0.025790415
0.025799478
0.025876873
0.025729061
0.025990519
0.025813748
0.025920102
0.026015362
0.025743071
0.025809789
0.025721874
0.025894998
0.025730624
0.025867550
0.025687083
0.025786040
0.025701614
0.025821456
0.025895779
0.025858904
0.025899477
0.025787967
0.025947289
0.025724061
0.025813383
0.025884217
0.025730832
0.025774113
0.025742551
0.025689998
0.026010779
0.025880154
0.025904112
0.025802446
0.025730519
0.025742915
0.025766092
0.025877134
0.025896404
0.026020518
0.025991664
0.025903487
0.025938227
0.025921456
0.025750936
0.025786300
0.025791561
0.025776404
0.025819633
0.025647291
0.025882550
0.025738436
0.025624322
0.025982966
0.025806926
0.025797759
0.025836144
0.025752550
0.025817811
0.025799426
0.025998851
0.026060050
0.025881144
0.025719739
0.025727811
0.025895103
0.025893592
0.025768228
0.025770311
0.025768697
0.025740988
0.025816977
0.025748228
0.025756613
0.025974893
0.025798697
0.025736144
0.025909165
0.025805676
0.025801821
0.025789321
0.025971456
0.025850415
0.025862186
0.025821405
0.025893175
0.025973539
0.025780103
0.025919997
0.025853279
0.025735311
0.025823331
0.026049633
0.025716873
0.025798227
0.025706614
0.025899425
0.025740572
0.025955831
0.025743852
0.025806873
0.025820623
0.025773957
0.025765728
0.025831092
0.025751040
0.025867654
0.026424318
0.025981456
0.025920987
0.025770311
0.025997029
0.025823280
0.025742030
0.025827603
0.025730519
0.025788123
0.025908331
0.025800363
0.025851664
0.025998540
0.025760988
0.025797654
0.026030883
0.025879425
0.025948331
0.025815363
0.025818696
0.025810884
0.025762029
0.025784999
0.025770155
0.025750988
0.025806873
0.025756144
0.025758488
0.025790988
0.025764478
0.026134008
0.025769790
0.025829790
0.025855415
0.025728332
0.025662759
0.025785206
0.025914685
0.025779373
0.025801092
0.026015727
0.025776197
0.025900884
0.025725259
0.025768540
0.025793227
0.025781196
0.025763332
0.025874529
0.025887237
0.025848957
0.025872602
0.025793853
0.025934373
0.025719322
0.025865832
0.025746718
0.026007237
0.025795779
0.025719686
0.025814894
0.025835676
0.025822863
0.025646718
0.025701821
0.026000623
0.025706666
0.025759791
0.025852602
0.025831248
0.025812654
0.025731040
0.025787029
0.025935831
0.025797290
0.025791040
0.025872863
0.025733489
0.026034998
0.025788540
0.025849946
0.025786821
0.025912030
0.025817030
0.025791665
0.025955831
0.025677134
0.025784686
0.025789374
0.025782239
0.025828436
0.025730936
0.025762759
0.025937654
0.025783176
0.025659843
0.025716718
0.025808020
0.025764999
0.025769426
0.025864582
0.025892030
0.026002497
0.025813905
0.025907081
0.025833384
0.025869477
0.025892967
0.025759426
0.025893957
0.025908748
0.025737030
0.025725208
0.025934581
0.025768436
0.026018696
0.025814322
0.025800102
0.025845884
0.025833488
0.025849634
0.025826092
0.025711665
0.025803800
0.025740467
0.025727395
0.025805155
0.025763228
0.025781353
0.025834478
0.025791978
0.025797186
0.025850624
0.025895779
0.025763540
0.025770520
0.025790363
0.025878019
0.025967706
0.025895258
0.025747395
0.025809947
0.025764530
0.025943332
0.025772030
0.025732708
0.025749425
0.025825832
0.025710051
0.025837863
0.025912394
0.025719999
0.025777915
0.025792395
0.025689062
0.025991873
0.025808332
0.025741717
0.025769998
0.025775311
0.025752655
0.025847030
0.025751822
0.025740468
0.025740051
0.025783957
0.025813436
0.025845415
0.025783280
0.025814946
0.025988435
0.025810572
0.025887915
0.025996300
0.025852186
0.025798072
0.025777395
0.025735884
0.025790467
0.025751718
0.025789113
0.025864321
0.025795468
0.025798853
0.025799322
0.025894998
0.025822550
0.025799426
0.025998175
0.025749790
0.025768384
0.025890051
0.025928801
0.025817238
0.025874582
0.025736405
0.025736926
0.025835988
0.025813488
0.025881352
0.025744791
0.025804738
0.025856509
0.025907030
0.025697082
0.025766041
0.025802186
0.025760623
0.025686978
0.025961300
0.025771561
0.025859842
0.025939998
0.025823280
0.025750624
0.025984894
0.025912551
0.025723437
0.025748436
0.025713905
0.025826926
0.025707343
0.025787186
0.025806301
0.025854217
0.025773124
0.025819946
0.025687343
0.025793853
0.025755832
0.025798228
0.025779425
0.025777760
0.025735520
0.025743072
0.025812030
0.026098799
0.025795936
0.025799947
0.025797446
0.025818332
0.025787187
0.025816821
0.025724270
0.025833644
0.025935363
0.025965727
0.025773436
0.025870258
0.025770728
0.025799061
0.025833904
0.025941300
0.025898592
0.025907238
0.025781457
0.025873957
0.025922133
0.025610625
0.025848384
0.025867134
0.025793749
0.025961716
0.025815571
0.025885623
0.025836093
0.025881977
0.025782238
0.025736926
0.025804895
0.025995987
0.025768540
0.025897029
0.025761717
0.025742916
0.025973592
0.025764010
0.025887134
0.025820519
0.025750207
0.025793384
0.025860675
0.025755103
0.025974634
0.026122758
0.025794165
0.025812029
0.025767655
0.025946665
0.025844426
0.025988644
0.025788645
0.025896353
0.025798072
0.025809895
0.025842967
0.025751509
0.025729113
0.025889790
0.025759166
0.025825363
0.025725155
0.025949217
0.025722291
0.025811249
0.025743853
0.025728384
0.025929113
0.025853124
0.025792812
0.025913488
0.025848228
0.025957082
0.025762707
0.025975102
0.025768124
0.025878227
0.025724270
0.025828645
0.025751093
0.025720624
0.025749791
0.025729426
0.025978123
0.025989789
0.026027394
0.025881926
0.025730572
0.025829582
0.025756405
0.025801093
0.025853020
0.025906144
0.025783019
0.025770780
0.025901978
0.025986508
0.025844634
0.025705416
0.025818645
0.025777708
0.025784217
0.026009946
0.025707343
0.025831613
0.025804686
0.025932550
0.025799478
0.025828905
0.025986664
0.025772499
0.025758958
0.025723072
0.025878749
0.025703958
0.025788489
0.025748229
0.025742811
0.025889790
0.025842238
0.025745156
0.025705728
0.026001143
0.025792447
0.025648281
0.025901926
0.025793176
0.025828072
0.025841301
0.025784739
0.025726614
0.025815155
0.025802134
0.025784843
0.025794166
0.025777968
0.025790207
0.025732603
0.026053591
0.025757655
0.025710989
0.025759791
0.025920051
0.025720937
0.025743957
0.025961457
0.025771926
0.025804061
0.025818384
0.025763541
0.026038487
0.025614114
0.025845468
0.025936404
0.025945206
0.025735416
0.025962133
0.025786718
0.025931301
0.025979477
0.025769894
0.025929998
0.025713228
0.025858280
0.025726978
0.025742499
0.025831822
0.025928904
0.025727186
0.025907499
0.025785051
0.025807134
0.025792968
0.025726197
0.025918956
0.025645103
0.025825103
0.025718228
0.025665728
0.025733541
0.026091039
0.025733280
0.025807915
0.025783020
0.025745364
0.025843071
0.025812499
0.025801613
0.025605364
0.025774478
0.025885102
0.025769634
0.025778801
0.025819010
0.025791145
0.025793801
0.025919790
0.025781510
0.025842967
0.025791249
0.025898957
0.025918749
0.025739738
0.025760156
0.025746510
0.025622760
0.025776405
0.025772291
0.025816666
0.025837499
0.026043591
0.025890207
0.025790519
0.025737238
0.025724166
0.025788958
0.025969841
0.025836510
0.025727812
0.025783280
0.025770103
0.025794842
0.025733072
0.025874791
0.025826510
0.025739218
0.025742082
0.025881873
0.025769009
0.026003800
0.025869843
0.025764478
0.025964217
0.025768332
0.025749530
0.025734374
0.025906977
0.025769999
0.025788072
0.025957862
0.025769843
0.026072081
0.025830364
0.025987030
0.025776666
0.025844947
0.025737863
0.025958540
0.025974217
0.025819478
0.025791562
0.025940519
0.025679061
0.025750311
0.025919478
0.025773385
0.025819999
0.025882863
0.025878332
0.025813749
0.025869790
0.025803801
0.025815624
0.025754374
0.025789061
0.025761926
0.025814947
0.025804478
0.025857291
0.025850624
0.025661562
0.025784947
0.025855884
0.025749114
0.025764583
0.025863384
0.025744530
0.025887082
0.025779947
0.025796770
0.025663124
0.025820936
0.025726927
0.025730729
0.025856144
0.025732135
0.025766874
0.025965103
0.025756041
0.025758332
0.025810311
0.025710155
0.025820780
0.025776926
0.025743853
0.025844582
0.025819478
0.025683124
0.025809426
0.025671197
0.025820728
0.025898436
0.025986353
0.025778906
0.025850676
0.025778228
0.025750937
0.025799166
0.025767915
0.025805259
0.025691614
0.025863124
0.025718176
0.025782082
0.025936665
0.025744270
0.025847342
0.025832655
0.025969738
0.025699947
0.025970935
0.025822655
0.025901821
0.025780885
0.025836145
0.025865154
0.025848749
0.025769739
0.025882394
0.025933697
0.025751510
0.026033539
0.025780572
0.025800155
0.025848332
0.025854061
0.025711093
0.025758957
0.025722134
0.025767552
0.025660833
0.025849842
0.025918800
0.025841926
0.025757707
0.025760155
0.025877082
0.025738645
0.025962342
0.025921457
0.025791145
0.025742916
0.025882290
0.025838853
0.025961613
0.025799374
0.025755833
0.025787082
0.025749530
0.025932343
0.026012290
0.025777708
0.025776458
0.025910571
0.025776249
0.026052550
0.025791770
0.025870885
0.025787343
0.026012915
0.025734947
0.025856822
0.025919113
0.025872811
0.025722083
0.025733853
0.025718124
0.025883228
0.025775885
0.025875155
0.025737030
0.025781822
0.025788228
0.025792291
0.025934686
0.026107550
0.025735937
0.025889946
0.025705833
0.025903279
0.026686923
0.025828957
0.025752395
0.025830050
0.025720468
0.025676874
0.025903540
0.025922655
0.025706718
0.025777656
0.025729583
0.025933488
0.025699375
0.025935675
0.025861718
0.025761717
0.025951665
0.025818489
0.025934008
0.025689687
0.025721666
0.025799738
0.025875103
0.025891874
0.022140222
0.025844530
0.025859790
0.025776979
0.025945051
0.025703853
0.025776926
0.026033227
0.025747083
0.025813332
0.025786718
0.025748697
0.025969738
0.025681353
0.025883541
0.025852655
0.025691979
0.025927082
0.025845624
0.025923853
0.025793124
0.025762135
0.025729427
0.025848957
0.025756197
0.025804479
0.025910988
0.025739062
0.026022862
0.025909426
0.025940467
0.025715520
0.025799791
0.025758645
0.026009269
0.025776145
0.025855467
0.025897082
0.025829270
0.025839061
0.025724062
0.025880415
0.025743436
0.025833905
0.025853020
0.025767604
0.025709843
0.025744010
0.025674583
0.025912603
0.025915675
0.025788801
0.025753645
0.025838905
0.025795155
0.025905832
0.025909114
0.025828645
0.025774009
0.025765051
0.025844218
0.025710416
0.025892030
0.025788124
0.025692812
0.025779635
0.025807030
