0.007658358
0.007562837
0.007447004
0.007429244
0.007462317
0.007450545
0.007590024
0.007475286
0.007482420
0.007659607
0.007494660
0.007526275
0.007490493
0.007462212
0.007508462
0.007442942
0.007448983
0.007518878
0.007472994
0.007481223
0.007479347
0.007402057
0.007496379
0.007417108
0.007387421
0.007451067
0.007597524
0.007454243
0.007456535
0.007397629
0.007513879
0.007560025
0.007509972
0.007452473
0.007463046
0.007390546
0.007388463
0.007495076
0.007554920
0.007459972
0.007537733
0.007510025
0.007536378
0.007472108
0.007389556
0.007502056
0.007505754
0.007439139
0.007548827
0.007460285
0.007493410
0.007522524
0.007389036
0.007512264
0.007450962
0.007396431
0.007524660
0.007416119
0.007396536
0.007465702
0.007340390
0.007617680
0.007454660
0.007409869
0.007376119
0.007452785
0.007418879
0.007530285
0.007519087
0.007402473
0.007410129
0.007517994
0.007501587
0.007572889
0.007408098
0.007447942
0.007544555
0.007526951
0.007522264
0.007496014
0.007471588
0.007436484
0.007432316
0.007416900
0.007430181
0.007477994
0.007602993
0.007444868
0.007514504
0.007513827
0.007533201
0.007509608
0.007437994
0.007416014
0.007518775
0.007459452
0.007419817
0.007651587
0.007441223
0.007565910
0.007410025
0.007533879
0.007411119
0.007477264
0.007414713
0.007407265
0.007448306
0.007449244
0.007445181
0.007496847
0.007464244
0.007419348
0.007481535
0.007637420
0.007555389
0.007492889
0.007520910
0.007421744
0.007550858
0.007407577
0.007460390
0.007498149
0.007608045
0.007457681
0.007436796
0.007400598
0.007395598
0.007530337
0.007371900
0.007417629
0.007500649
0.007490338
0.007484191
0.007492577
0.007448462
0.007472994
0.007539191
0.007750389
0.007487056
0.007499400
0.007518566
0.007374608
0.007536326
0.007479295
0.007441118
0.007492837
0.007393827
0.007432473
0.007498150
0.007417369
0.007544660
0.007372890
0.007581378
0.007481014
0.007585701
0.007412056
0.007581013
0.007501119
0.007517889
0.007433515
0.007591952
0.007489244
0.007412213
0.007404557
0.007462941
0.007445493
0.007554921
0.007528723
0.007508619
0.007419400
0.007607628
0.007414973
0.007417733
0.007491483
0.007582212
0.007379088
0.007480129
0.007449764
0.007454035
0.007591170
0.007466692
0.007607785
0.007483930
0.007418827
0.007574191
0.007434765
0.007403618
0.007455442
0.007432785
0.007429400
0.007456639
0.007613618
0.007476535
0.007561691
0.007610702
0.007464140
0.007577680
0.007514192
0.007578045
0.007442577
0.007440077
0.007433097
0.007485129
0.007410338
0.007536535
0.007474972
0.007447785
0.007425702
0.007485442
0.007383410
0.007493619
0.007565284
0.007512628
0.007555857
0.007550753
0.007518774
0.007463983
0.007722888
0.007435598
0.007430702
0.007619711
0.007482629
0.007594347
0.007465494
0.007401275
0.007426379
0.007483358
0.007466014
0.007515910
0.007538983
0.007549608
0.007645388
0.007440650
0.007503254
0.007491275
0.007566275
0.007447838
0.007454973
0.007498462
0.007419140
0.007524712
0.007521691
0.007458306
0.007421640
0.007489973
0.007487785
0.007514608
0.007489035
0.007379556
0.007416118
0.007540493
0.007644972
0.007533931
0.007711794
0.007553045
0.007655285
0.007446379
0.007658253
0.007547264
0.007419400
0.007529503
0.003692435
0.007433670
0.007468983
0.007577524
0.007505025
0.007382525
0.007411744
0.007534764
0.007428879
0.007419347
0.007585701
0.007570805
0.007399869
0.007497785
0.007412889
0.007516535
0.007421952
0.007505494
0.007424921
0.007476691
0.007396483
0.007415962
0.007509192
0.007568253
0.007420858
0.007524608
0.007526535
0.007442889
0.007481535
0.007532577
0.007383723
0.007443879
0.007446587
0.007486327
0.007487316
0.007419973
0.007422837
0.007511795
0.007509296
0.007449920
0.007479400
0.007378827
0.007476587
0.007498462
0.007478878
0.007396171
0.007639868
0.007414817
0.007418827
0.007570285
0.007596222
0.007400545
0.007452942
0.007589034
0.007427525
0.007464920
0.007397316
0.007490806
0.007446066
0.007453984
0.007441483
0.007565181
0.007474869
0.007593930
0.007458618
0.007486588
0.007539035
0.007358671
0.007465389
0.007489556
0.007495858
0.007557681
0.007454556
0.007553150
0.007467890
0.007607108
0.007512368
0.007498723
0.007571066
0.007512629
0.007428723
0.007501066
0.007604607
0.007374140
0.007421848
0.007448775
0.007598931
0.007438202
0.007609555
0.007416640
0.007456796
0.007532108
0.007559711
0.007641222
0.007459243
0.007459972
0.007420962
0.007405285
0.007552942
0.007507368
0.007476952
0.007408098
0.007406015
0.007460806
0.007466067
0.007484400
0.007537785
0.007455597
0.007399765
0.007893929
0.007425337
0.007467421
0.007465233
0.007499973
0.007397942
0.007561587
0.007463879
0.007467733
0.007426379
0.007482942
0.007439243
0.007616743
0.007473462
0.007407629
0.007491118
0.007515442
0.007424869
0.007480911
0.007463566
0.007406119
0.007488931
0.007564607
0.007456119
0.007431744
0.007418879
0.007384192
0.007443827
0.007527473
0.007452160
0.007525754
0.007470754
0.007509503
0.007477004
0.007438931
0.007672107
0.007367317
0.007405285
0.007481015
0.007412629
0.007553150
0.007388671
0.007623774
0.007399816
0.007550285
0.007486848
0.007491431
0.007441327
0.007512004
0.007561274
0.007481847
0.007473046
0.007532577
0.007446848
0.007476119
0.007389192
0.007558201
0.007510129
0.007490806
0.007462733
0.007517525
0.007449660
0.007564295
0.007429452
0.007496431
0.007479452
0.007453827
0.007543306
0.007431431
0.007477629
0.007536483
0.007405442
0.007423098
0.007533671
0.007540754
0.007399973
0.007457004
0.007434244
0.007594711
0.007500025
0.007462004
0.007468306
0.007450494
0.007542837
0.007360494
0.007424348
0.007450337
0.007525024
0.007358775
0.007434296
0.007571691
0.007544295
0.007484087
0.007518514
0.007386119
0.007420337
0.007519712
0.007413827
0.007398671
0.007467368
0.007449869
0.007429035
0.007656587
0.007440390
0.007490181
0.007529452
0.007409921
0.007466588
0.007462942
0.007577993
0.007508150
0.007489868
0.007400858
0.007410389
0.007533305
0.007487368
0.007343411
0.007391223
0.007430807
0.007425910
0.007490598
0.007475598
0.007568410
0.007544034
0.007488306
0.007444608
0.007614295
0.007509556
0.007493879
0.007580077
0.007472265
0.007459660
0.007471171
0.007409504
0.007636795
0.007461067
0.007534243
0.007575128
0.007454712
0.007547160
0.007559816
0.007539139
0.007581951
0.007583410
0.007411744
0.007480129
0.007373723
0.007490129
0.007499712
0.007586379
0.007444973
0.007368098
0.007408254
0.007488358
0.007540702
0.007502421
0.007439244
0.007451588
0.007367526
0.007459504
0.007612212
0.007480754
0.007452786
0.007540285
0.007485806
0.007449921
0.007434139
0.007476535
0.007422629
0.007378566
0.007390390
0.007468358
0.007515442
0.007509712
0.007429556
0.007328723
0.007417786
0.007473879
0.007599452
0.007465546
0.007486171
0.007582368
0.007394556
0.007454660
0.007588045
0.007507577
0.007405077
0.007474244
0.007442368
0.007385650
0.007467473
0.007584035
0.007456639
0.007429088
0.007462056
0.007482368
0.007561691
0.007467160
0.007422004
0.007639087
0.007594972
0.007470129
0.007505337
0.007406639
0.007435858
0.007524452
0.007406536
0.007461640
0.007629086
0.007525232
0.007423671
0.007479765
0.007362890
0.007366744
0.007504191
0.007717836
0.007437473
0.007570753
0.007605180
0.007379609
0.007540650
0.007471535
0.007442994
0.007617108
0.007476431
0.007489296
0.007580910
0.007529192
0.007412057
0.007422889
0.007434973
0.007491014
0.007435285
0.007500649
0.007475285
0.007476744
0.007390129
0.007424710
0.007622574
0.007507053
0.007435491
0.007541845
0.007444593
0.007480842
0.007495530
0.007410530
0.007418759
0.007397978
0.007458655
0.007473499
0.007634852
0.007549592
0.007472301
0.007443447
0.007487509
0.007444697
0.007411676
0.007558238
0.007628550
0.007455009
0.007479749
0.007419645
0.007452979
0.007660320
0.007573915
0.007432874
0.007471051
0.007554436
0.007555582
0.007506520
0.007499593
0.007548081
0.007485895
0.007423499
0.007459020
0.007464489
0.007456103
0.007408760
0.007502821
0.007457718
0.007417509
0.007612196
0.007646727
0.007415270
0.007505635
0.007444020
0.007492458
0.007459229
0.007525895
0.007449645
0.007510530
0.007419905
0.007431468
0.007618134
0.007635321
0.007437250
0.007425687
0.007432927
0.007617612
0.007444906
0.007488343
0.007426572
0.007619019
0.007493760
0.007415426
0.007526676
0.007384906
0.007445479
0.007490218
0.007480218
0.007614124
0.007571415
0.007399176
0.007414854
0.007466937
0.007538030
0.007639123
0.007421937
0.007360947
0.007434437
0.007416260
0.007494593
0.007491937
0.007606728
0.007459124
0.007496208
0.007451363
0.007476885
0.007557613
0.007519697
0.007571207
0.007399541
0.007513082
0.007550321
0.007553603
0.007520478
0.007533551
0.007453135
0.007528603
0.007448447
0.007517770
0.007522614
0.007529489
0.007614800
0.007436624
0.007540374
0.007492614
0.007507561
0.007428812
0.007661831
0.007441312
0.007378032
0.007451156
0.007482198
0.007453552
0.007463656
0.007430896
0.007534697
0.007528916
0.007403239
0.007511677
0.007604905
0.007429490
0.007512457
0.007484332
0.007395792
0.007455791
0.007520739
0.007485426
0.007423083
0.007507406
0.007626259
0.007502510
0.007377771
0.007468030
0.007596832
0.007399438
0.007388916
0.007407146
0.007428969
0.007369802
0.007515530
0.007561207
0.007400271
0.007476885
0.007530114
0.007475166
0.007509073
0.007444490
0.007598864
0.007420167
0.007503239
0.007530738
0.007476469
0.007567092
0.007519177
0.007509749
0.007388917
0.007601103
0.007490219
0.007459177
0.007613603
0.007327459
0.007393865
0.007484333
0.007405167
0.007435479
0.007496155
0.007584593
0.007598968
0.007453604
0.007525739
0.007488448
0.007409333
0.007492198
0.007632093
0.007461572
0.007560426
0.007526312
0.007498500
0.007453240
0.007441937
0.007440114
0.007552926
0.007638291
0.007405531
0.007448031
0.007420167
0.007510322
0.007480635
0.007627353
0.007376260
0.007455791
0.007455739
0.007363917
0.007504958
0.007557458
0.007516832
0.007416885
0.007404021
0.007614071
0.007559280
0.007471365
0.007511156
0.007471573
0.007512823
0.007481729
0.007453135
0.007409438
0.007535479
0.007435895
0.007476625
0.007438500
0.007377407
0.007484698
0.007491521
0.007438187
0.007519229
0.007438344
0.007558291
0.007577093
0.007625842
0.007419646
0.007461937
0.007450375
0.007480844
0.007420583
0.007568343
0.007453291
0.007413500
0.007459281
0.007489021
0.007461625
0.007598395
0.007423500
0.007560479
0.007487979
0.007440427
0.007449541
0.007596468
0.007433448
0.007534176
0.007472042
0.007438396
0.007451781
0.007486364
0.007474177
0.007386313
0.007363396
0.007439177
0.007481469
0.007471781
0.007421989
0.007558395
0.007424750
0.007542145
0.007466417
0.007375063
0.007387511
0.007536260
0.007539958
0.007477303
0.007433813
0.007485219
0.007413344
0.007526676
0.007487093
0.007374074
0.007438604
0.007426677
0.007411209
0.007423031
0.007639228
0.007493083
0.007541052
0.007413761
0.007455115
0.007509959
0.007522822
0.007489230
0.007523552
0.007456730
0.007458240
0.007447875
0.007578551
0.007622562
0.007469229
0.007472719
0.007416990
0.007519073
0.007379959
0.007594802
0.007506677
0.007509125
0.007407198
0.007469334
0.007516677
0.007432511
0.007491104
0.007480688
0.007441417
0.007444073
0.007520270
0.007482927
0.007460167
0.007470636
0.007422407
0.007498760
0.007460687
0.007504854
0.007556885
0.007401105
0.007421782
0.007386261
0.007426000
0.007505062
0.007454907
0.007525635
0.007407355
0.007463240
0.007461365
0.007612978
0.007635478
0.007385688
0.007465897
0.007524229
0.007452406
0.007535583
0.007443501
0.007453240
0.007509177
0.007453136
0.007482719
0.007531104
0.007422667
0.007450636
0.007450271
0.007418709
0.007350220
0.007556000
0.007593760
0.007481938
0.007581052
0.007427407
0.007422407
0.007488449
0.007454959
0.007621833
0.007548656
0.007435376
0.007535687
0.007499126
0.007368605
0.007578604
0.007491573
0.007431417
0.007541416
0.007470115
0.007613864
0.007412876
0.007508239
0.007449178
0.007430636
0.007633447
0.007418344
0.007387355
0.007513864
0.007434855
0.007578813
0.007481990
0.007384803
0.007519542
0.007499021
0.007414438
0.007363762
0.007417876
0.007495167
0.007513761
0.007536312
0.007418970
0.007461470
0.007614229
0.007677562
0.007387668
0.007508448
0.007440376
0.007594333
0.007384595
0.007617614
0.007423240
