0.011256513
0.008144027
0.008077152
0.008059444
0.008070329
0.008173037
0.008196734
0.008065590
0.008159808
0.008099340
0.008087673
0.008093923
0.008192620
0.008126527
0.008166995
0.008204131
0.008066684
0.008212620
0.008119287
0.008166214
0.008133506
0.008013037
0.008071631
0.008086579
0.008293141
0.008088402
0.008081891
0.008085433
0.008073246
0.008125381
0.008102152
0.008102569
0.008055590
0.007977882
0.008237360
0.008216318
0.008241995
0.008148298
0.008230745
0.008159703
0.008045381
0.008065902
0.008134235
0.008135693
0.008089288
0.008188662
0.008090590
0.008132829
0.008109183
0.008141006
0.008111318
0.008036527
0.008050173
0.008143402
0.008261787
0.008041736
0.008124808
0.008058089
0.008096422
0.008191526
0.008234599
0.008154808
0.008169548
0.008113714
0.008216474
0.008170485
0.008101995
0.008141319
0.008397880
0.008151579
0.008178089
0.008240016
0.008175329
0.008100746
0.008100746
0.008133923
0.008383974
0.008230954
0.008022881
0.008133090
0.008211996
0.008090798
0.008074913
0.008197985
0.008141788
0.008115485
0.008226370
0.008102881
0.008164704
0.008256943
0.008081214
0.008144131
0.008057152
0.008282933
0.008079235
0.008184443
0.008121631
0.008101528
0.008082881
0.008063923
0.008161475
0.008072829
0.008209965
0.008109444
0.008102621
0.008103089
0.008312568
0.008274131
0.008057621
0.008132256
0.008117204
0.008303089
0.008140433
0.008124600
0.008129027
0.008153038
0.008149184
0.008107985
0.008051996
0.008127934
0.008162152
0.008107985
0.008101631
0.008059704
0.008111579
0.008131943
0.008084965
0.008173767
0.008055538
0.008103142
0.008095173
0.008144861
0.008127933
0.008141163
0.008156475
0.008216371
0.008274652
0.008143975
0.008250277
0.008182673
0.008080798
0.008113558
0.008097673
0.008080381
0.008200121
0.008145225
0.008225276
0.008175798
0.008232985
0.008066579
0.008121788
0.008128610
0.008157048
0.008133142
0.008159861
0.008138090
0.008091006
0.008148246
0.008085173
0.008110903
0.008098194
0.008162360
0.008163298
0.008087621
0.008146580
0.008250589
0.008059809
0.008068246
0.008075642
0.008320068
0.008340485
0.008305746
0.008269235
0.008144861
0.008079028
0.008143350
0.008194808
0.008067101
0.008269026
0.008094496
0.008135954
0.008221371
0.008065591
0.008111944
0.008147100
0.008245433
0.008119861
0.008105903
0.008101476
0.008202412
0.008125069
0.008064705
0.008076788
0.008114809
0.008182621
0.008041163
0.008102152
0.008112621
0.008275798
0.008153715
0.008178037
0.008164652
0.008250433
0.008175278
0.008069549
0.008165433
0.008062518
0.008061371
0.008113923
0.008063611
0.008104496
0.008147933
0.008165485
0.008144548
0.008107986
0.008118924
0.008249704
0.008096475
0.008131684
0.008093611
0.008150694
0.008280589
0.008330745
0.008142152
0.008210798
0.008077101
0.008151215
0.008148038
0.008003351
0.008116684
0.008052569
0.008276163
0.008326319
0.008284861
0.008178090
0.008128611
0.008113871
0.008160955
0.008206891
0.008059601
0.008091319
0.008099184
0.008197464
0.008189132
0.008166110
0.008073924
0.008260225
0.008127674
0.008080591
0.008033820
0.008114653
0.008112882
0.008166788
0.008111059
0.008149184
0.008208142
0.008178558
0.008066840
0.008078820
0.008108923
0.008177882
0.008052466
0.008203663
0.008212881
0.008144445
0.008140642
0.008194027
0.008131841
0.008222778
0.008171163
0.008042309
0.008094548
0.008117361
0.008278141
0.008102100
0.008161163
0.008119131
0.008096215
0.008104861
0.008151372
0.008172933
0.008210382
0.008224965
0.008145642
0.008084184
0.008088923
0.008173403
0.008168194
0.008205694
0.008093559
0.008069548
0.008071632
0.008143559
0.008086163
0.008146944
0.008098819
0.008103195
0.008175902
0.008221788
0.008167465
0.008151319
0.008115382
0.008119496
0.008298194
0.008076216
0.008081528
0.008200278
0.008094184
0.008085070
0.008248350
0.008157152
0.008067986
0.008125799
0.008122674
0.008082830
0.008141632
0.008137934
0.008148507
0.008195017
0.008137466
0.008164236
0.008101736
0.008162153
0.008112362
0.008072206
0.008185903
0.008174236
0.008242673
0.008133246
0.008157934
0.007986164
0.008133455
0.008029965
0.008181163
0.008142830
0.008131111
0.008129600
0.008116996
0.008008664
0.008072466
0.008071424
0.008129288
0.008146893
0.008159757
0.008077101
0.008158507
0.008126996
0.008089653
0.008128612
0.008108142
0.008024029
0.008087205
0.008114810
0.008122934
0.008117986
0.008125955
0.008110174
0.008240486
0.008184445
0.008096997
0.008121788
0.008143560
0.008247153
0.008153403
0.008161215
0.008194184
0.008111736
0.008115434
0.008193299
0.008149757
0.008325225
0.008068872
0.008124861
0.008111476
0.008073715
0.008227674
0.008135643
0.008160486
0.008150278
0.008080122
0.008262101
0.008176476
0.008077622
0.008132882
0.008118403
0.008014706
0.008323194
0.008224704
0.008217673
0.008262256
0.008044289
0.008124341
0.008081841
0.008091268
0.008122778
0.008183820
0.008075747
0.008139237
0.008173924
0.008212882
0.008141476
0.008193403
0.008149757
0.008069185
0.008073925
0.008032726
0.008134497
0.008156112
0.008139809
0.008131319
0.008129862
0.008149393
0.008093299
0.008027623
0.008152726
0.008120070
0.008190173
0.008276684
0.008231059
0.008086112
0.008173299
0.008160278
0.008222413
0.008241319
0.008100018
0.008236527
0.008092987
0.008118403
0.008033560
0.008042726
0.008113038
0.008090382
0.008109081
0.008112049
0.008103924
0.008035279
0.008242465
0.008065747
0.008081320
0.008708921
0.008066685
0.008194185
0.008113976
0.008264652
0.008115486
0.008132310
0.008092050
0.008155174
0.008123143
0.008167413
0.008189496
0.008117570
0.008047622
0.008112362
0.008201893
0.008159132
0.008063456
0.008116685
0.008144133
0.008024185
0.008251632
0.008084549
0.008425538
0.008105956
0.008235955
0.008051424
0.008063248
0.008167518
0.008191529
0.008127674
0.008086893
0.008058195
0.008049497
0.008172257
0.008164914
0.008183663
0.008055227
0.008188143
0.008244028
0.008061528
0.008116477
0.008150226
0.008107153
0.008091633
0.008389705
0.008170591
0.008157883
0.008129809
0.008046217
0.008124236
0.008086893
0.008136216
0.008181164
0.008088455
0.008060643
0.008149289
0.008150643
0.008263143
0.008139081
0.008102101
0.008234497
0.008036737
0.008209601
0.008147310
0.008153715
0.008211424
0.008329184
0.008063873
0.008108821
0.008177465
0.008098352
0.008162258
0.008121789
0.008305643
0.008323976
0.008178195
0.008185538
0.008100122
0.008214757
0.008241372
0.008141112
0.008187154
0.008077778
0.008197309
0.008157206
0.008181007
0.008216164
0.008070539
0.008173299
0.008095383
0.008249862
0.008104810
0.008196476
0.008136998
0.008085174
0.008137310
0.008156893
0.008046320
0.008200331
0.008070747
0.008075956
0.008154029
0.008071685
0.008097883
0.008088664
0.008096164
0.008171164
0.008118143
0.008085591
0.008128716
0.008284549
0.008076737
0.008054967
0.008131789
0.008064914
0.008228872
0.008139966
0.008121425
0.008112883
0.008144705
0.008035487
0.008127153
0.008073248
0.008066633
0.008189445
0.008081321
0.008209654
0.008181112
0.008180279
0.008152362
0.008064914
0.008120591
0.008300018
0.008078247
0.008124915
0.008100643
0.008207050
0.008109810
0.008142258
0.008133352
0.008137675
0.008159914
0.008122101
0.008088300
0.008220903
0.008174966
0.008089550
0.008178195
0.008049446
0.008052571
0.008092154
0.008150227
0.008223403
0.008185435
0.008122467
0.008102935
0.008343820
0.008316163
0.008183925
0.008228716
0.008095904
0.008149758
0.008085852
0.008183299
0.008096893
0.008073248
0.008099341
0.008106685
0.008112622
0.008082207
0.008153977
0.008140331
0.008109862
0.008152987
0.008082988
0.008132258
0.008095123
0.008018561
0.008095487
0.008066946
0.008028873
0.008082779
0.008212622
0.008416111
0.008212413
0.008198716
0.008034498
0.008101477
0.008178768
0.008217882
0.008278559
0.008121425
0.008119602
0.008145904
0.008239498
0.008120019
0.008103820
0.008133143
0.008175904
0.008120851
0.008033091
0.008107571
0.008107519
0.008162466
0.008147571
0.008054134
0.008160435
0.008276684
0.008188977
0.008132102
0.008015228
0.008079706
0.008252883
0.008095643
0.008135227
0.008147154
0.008029134
0.008263559
0.008078092
0.008147727
0.008225799
0.008123196
0.008092154
0.008052519
0.008160956
0.008153925
0.008212206
0.008179654
0.008138404
0.008204133
0.008189810
0.008253352
0.008207102
0.008101894
0.008108873
0.008270070
0.008161529
0.008207102
0.008088977
0.008141633
0.008070176
0.008128300
0.008097519
0.008163091
0.008152154
0.008164237
0.008216112
0.008084602
0.008175748
0.008110853
0.008146269
0.008132988
0.008083300
0.008182571
0.008094862
0.008075696
0.008109915
0.008101060
0.008174654
0.008176529
0.008156685
0.008100853
0.008142102
0.008110643
0.008095331
0.008104081
0.008128664
0.008190800
0.008195383
0.008094290
0.008219706
0.008178821
0.008166633
0.008024238
0.008066738
0.008120905
0.008044967
0.008104341
0.008049290
0.008069967
0.008299289
0.008161112
0.008220279
0.008102779
0.008083560
0.008010592
0.008302310
0.008116477
0.008059082
0.008050124
0.008193508
0.008189863
0.008215644
0.008093717
0.008072207
0.008173560
0.008133248
0.008100644
0.008056269
0.008111894
0.008088404
0.008084550
0.008104654
0.008155852
0.008148300
0.008041270
0.008192779
0.008081530
0.008176946
0.008159029
0.008099810
0.008170747
0.008202050
0.008255539
0.008097103
0.008134185
0.008097259
0.008123404
0.008097571
0.008191269
0.008074863
0.008301372
0.008101477
0.008154341
0.008058977
0.008502570
0.008116217
0.008068561
0.008024134
0.008086894
0.008117988
0.008166737
0.008031165
0.008106738
0.008123404
0.008127155
0.008153040
0.008066478
0.008076009
0.008241737
0.008107676
0.008121426
0.008191842
0.008106477
0.008041529
0.008189290
0.008254601
0.008122571
0.008036270
0.008042467
0.008177518
0.008123769
0.008122050
0.008128404
0.008106998
0.008150279
0.008211841
0.008060280
0.008064238
0.008174550
0.008099394
0.008152259
0.008269862
0.008103040
0.008209289
0.008083040
0.008157155
0.008059967
0.008193821
0.008076113
0.008185436
0.008123092
0.008091321
0.008070280
0.008078196
0.008178092
0.008033197
0.008134029
0.008045801
0.008102363
0.008153561
0.008100124
0.008050541
0.008046998
0.008103145
0.008046113
0.008055280
0.008157832
0.008208560
0.008200592
0.008132728
0.008018717
0.008235383
0.008080957
0.008055124
0.008162936
0.008145592
0.008089394
0.008041790
0.008025176
0.008033353
0.008097154
0.008091061
0.008137832
0.008191425
0.008071113
0.008116373
0.008134134
0.008296633
0.008142415
0.008198508
0.008059081
0.008142311
0.008147727
0.008124029
0.008192258
0.008088249
0.008098665
0.008006895
0.008228768
0.008159863
0.008010124
0.008135956
0.008329706
0.008123353
0.008159654
0.008172467
0.008178092
0.008164967
0.008236478
0.008293248
0.008122676
0.008031530
0.008077259
0.008126322
0.008194081
0.008220123
0.008138457
0.008061061
0.008193040
0.008215019
0.008149810
0.008163925
0.008097363
0.008150540
0.008116009
0.008098353
0.008070541
0.008246373
0.008155488
0.008052260
0.008062103
0.008076895
0.008134811
0.008099655
0.008096791
0.008163300
0.008067207
0.008135488
0.008094916
0.008094551
0.008090801
0.008039551
0.008122728
0.008074291
0.008240540
0.008079395
0.008109603
0.008093874
0.008100228
0.008114290
0.008093978
0.008110905
0.008088874
0.008146790
0.008044603
0.008178508
0.008179550
0.008170957
0.008093093
0.008023822
0.008041322
0.008205748
0.008072520
0.008242831
0.008057780
0.008073249
0.008120748
0.008046895
0.008073718
0.005920132
0.008111113
0.008212832
0.008433612
0.008113561
0.008057311
0.008063614
0.008084863
0.008125124
0.008130280
0.008172207
0.008137207
0.008095644
0.008183405
0.008150176
0.008136322
0.008114759
0.008076635
0.008275539
0.008232467
0.008081009
0.008135228
0.008049655
0.008110280
0.008103822
0.008171999
0.008193197
0.008051114
0.008075176
0.008086113
0.008040228
0.008152259
0.008246321
0.008324706
0.008089342
0.008046426
0.008065124
0.008112623
0.008192363
0.008063717
0.008170593
0.008210956
0.008138040
0.008099864
0.008086999
0.008151426
0.008267310
0.008152779
0.008279551
0.008130592
0.008060958
0.008140384
0.008212415
0.008065384
0.008154863
0.008072155
0.008094030
0.008075124
0.008256008
0.008065124
0.008167102
0.008105853
0.008072259
0.008089655
0.008184550
0.008130228
0.008108717
0.008098145
0.008197103
0.008134707
