0.008844130
0.008821317
0.008986212
0.008979493
0.008865535
0.009019910
0.008807411
0.008796629
0.008966837
0.008914754
0.008885900
0.008841057
0.008966316
0.009039493
0.008969493
0.008950692
0.008863556
0.008919910
0.008880848
0.008873400
0.008883452
0.008903347
0.008846994
0.008884598
0.008807306
0.008865795
0.008873348
0.008948921
0.008865484
0.008843556
0.008859598
0.008867307
0.008946420
0.008912462
0.008904181
0.008835223
0.009075326
0.008834807
0.008785797
0.008828348
0.008843244
0.008851057
0.008853349
0.008947931
0.008934650
0.008877827
0.008890639
0.009067775
0.008857306
0.008964754
0.009008191
0.008987827
0.008878244
0.008863609
0.008853400
0.008852567
0.008826422
0.008891056
0.008879910
0.008804546
0.009053608
0.008928556
0.009025587
0.009008556
0.008868453
0.008869911
0.008973868
0.008810744
0.008781213
0.008809181
0.009044962
0.009040223
0.008817723
0.008813504
0.008844546
0.008824078
0.008854598
0.008868609
0.008980535
0.008895691
0.008845067
0.008861004
0.008860692
0.008802359
0.009086889
0.008961524
0.008957879
0.008887358
0.008854338
0.008885431
0.008914962
0.008816890
0.008838921
0.008826473
0.008899807
0.009122670
0.008860848
0.009030847
0.008818974
0.008904807
0.009086108
0.008806890
0.008801733
0.008984650
0.009478658
0.008839130
0.008867202
0.008825328
0.008826942
0.008876473
0.008833035
0.008845067
0.008841317
0.008814442
0.008944597
0.008835536
0.008796943
0.008807984
0.008928816
0.008881630
0.008840900
0.008883921
0.009028191
0.008854962
0.008843505
0.008886786
0.009063869
0.008916525
0.008865952
0.009028452
0.008952567
0.008853035
0.008796890
0.008838244
0.009210169
0.008865744
0.008908817
0.008891577
0.008850067
0.008810275
0.008943556
0.008886837
0.008937671
0.008854806
0.008868921
0.008937150
0.009009337
0.008816526
0.008860119
0.008839182
0.009050118
0.009009910
0.008833400
0.008970900
0.008874025
0.008851994
0.009221003
0.008938660
0.008843921
0.008897775
0.008918921
0.008870797
0.008830848
0.008828036
0.008836056
0.008818661
0.008880588
0.008883713
0.008780589
0.008874754
0.008854233
0.008841473
0.009064858
0.008865379
0.008913452
0.008821577
0.009045639
0.008914129
0.008855588
0.008852150
0.008859859
0.008945640
0.009081577
0.008959389
0.009112618
0.008832671
0.008881160
0.008909546
0.008849494
0.008935535
0.008953191
0.008851890
0.008831317
0.008866056
0.008973296
0.008941994
0.008861004
0.008855692
0.008971004
0.008870743
0.008945066
0.008877983
0.008817984
0.008876890
0.008829755
0.008869442
0.008857984
0.008969597
0.008795484
0.008836161
0.008815484
0.008948713
0.008948400
0.008804025
0.008968244
0.008920692
0.008850171
0.008931525
0.008919181
0.009493919
0.008842723
0.008893296
0.008816004
0.008867567
0.008880379
0.008999754
0.009064857
0.008872671
0.008848817
0.008930692
0.008963087
0.009063035
0.008938400
0.008891577
0.008807150
0.008857411
0.008868401
0.008873713
0.009078816
0.008880848
0.008786213
0.008847776
0.008796265
0.008824338
0.008819077
0.008873869
0.008854806
0.008978296
0.009064285
0.009009597
0.008969024
0.008856734
0.008928973
0.009010951
0.008906994
0.008881265
0.008870275
0.008858505
0.008832411
0.008931525
0.008818661
0.008813036
0.008872984
0.008881421
0.008920848
0.009097409
0.009038451
0.008899234
0.008876473
0.008906681
0.008898869
0.008875848
0.008869338
0.008823869
0.008849442
0.008903973
0.008864651
0.008945640
0.009015171
0.008945275
0.008860797
0.008874754
0.008917827
0.009040535
0.008929650
0.008798349
0.008863244
0.008900536
0.008969598
0.008815015
0.008914859
0.008874442
0.008872775
0.008920848
0.008835327
0.008876734
0.008863192
0.008832567
0.008822619
0.008878192
0.008949181
0.009009858
0.008877203
0.009003712
0.008938660
0.008889129
0.008911682
0.008848140
0.008800223
0.009116576
0.008936942
0.008882307
0.008769234
0.008886577
0.008922984
0.008987567
0.008827515
0.008888869
0.008840484
0.008842672
0.008958348
0.008833713
0.008896941
0.009089701
0.008879025
0.008893869
0.009094337
0.008821942
0.008890015
0.008878140
0.008902827
0.008825901
0.008887827
0.009013035
0.008862932
0.008853192
0.008884755
0.008830015
0.008895744
0.008838870
0.008881161
0.008861317
0.008818921
0.008874234
0.009047827
0.008840483
0.008931109
0.008892879
0.008883036
0.008828713
0.008860328
0.008872723
0.008888713
0.008857984
0.008982879
0.008938348
0.009053296
0.008869547
0.008832828
0.008846265
0.008827203
0.009040743
0.008818765
0.008802567
0.008840953
0.008875327
0.008893974
0.008949910
0.008906056
0.008832151
0.008810588
0.008843661
0.008813922
0.008826161
0.008900119
0.008829129
0.008824233
0.008857203
0.008818401
0.008813661
0.008886942
0.008808296
0.008862880
0.008863609
0.008830484
0.008896942
0.008876942
0.008847307
0.008924598
0.008842932
0.008863609
0.008824859
0.009046785
0.008963505
0.008799807
0.008878504
0.008950118
0.008809234
0.008818349
0.008806525
0.009011786
0.008898088
0.008831213
0.008851005
0.008813817
0.008869650
0.008978243
0.008863765
0.008839546
0.008809182
0.008869598
0.008806682
0.008973556
0.008839442
0.008881994
0.009014754
0.008817150
0.008978035
0.008882203
0.008898869
0.008962723
0.009067358
0.008851005
0.008894650
0.008894963
0.008872515
0.008888088
0.008866317
0.008807411
0.008848661
0.008877671
0.008844547
0.009054077
0.008895640
0.008861994
0.008848036
0.009037202
0.008852723
0.008774286
0.008785327
0.008841786
0.008867983
0.008859130
0.008870796
0.008808609
0.008848193
0.008896056
0.008862671
0.009107253
0.008839234
0.008839859
0.009063503
0.008850796
0.008841057
0.008869806
0.008867150
0.009061629
0.009036994
0.008851369
0.008883088
0.008902619
0.008876369
0.008839963
0.008857828
0.008970223
0.008983817
0.008919442
0.008851213
0.008895692
0.009059129
0.008880588
0.008894026
0.008882411
0.008880067
0.008916786
0.008819494
0.008818765
0.008913192
0.008957254
0.008837619
0.008818400
0.008894025
0.008894129
0.008839390
0.009015223
0.008897359
0.008830380
0.008809182
0.008886942
0.008864651
0.008820171
0.008873140
0.008979441
0.008865588
0.008807099
0.008880640
0.008826370
0.008900952
0.008881733
0.008850015
0.008814182
0.008976264
0.008850744
0.008868348
0.008829077
0.008930640
0.008997566
0.008959754
0.008896838
0.008896421
0.008954130
0.008839130
0.008870797
0.008816474
0.008811213
0.008877411
0.008828089
0.008878036
0.008818609
0.008930692
0.008782932
0.008847515
0.008790484
0.008809599
0.008828140
0.008947984
0.008793453
0.008856629
0.008914337
0.009111629
0.008983244
0.008788870
0.008847775
0.008875900
0.008949077
0.008841005
0.009037097
0.008899911
0.008857827
0.008862827
0.008901785
0.008876109
0.008963609
0.009019702
0.008813922
0.008893192
0.008783192
0.008823505
0.008847515
0.008867619
0.008834338
0.008858140
0.008901109
0.008844025
0.008857723
0.008865068
0.008810432
0.008869130
0.008957463
0.008825068
0.008838713
0.008856057
0.008855276
0.008862515
0.009075483
0.008849182
0.008801578
0.008831786
0.008885900
0.008861474
0.008834286
0.008834286
0.008979285
0.008755953
0.008968505
0.008878713
0.009099754
0.008923973
0.008866630
0.008846005
0.008893245
0.008950952
0.008807307
0.008864703
0.008898870
0.008798192
0.008837619
0.008915171
0.008792307
0.008844651
0.008833921
0.008858713
0.008760172
0.008883869
0.008845796
0.008860432
0.009063660
0.008793766
0.008872932
0.008871057
0.008904650
0.008835796
0.008861578
0.008847046
0.008805276
0.009143920
0.008790224
0.008849338
0.008823088
0.008832932
0.008906421
0.008871317
0.008822828
0.008834964
0.008876369
0.008816474
0.008890223
0.008864546
0.008883609
0.008790276
0.009058452
0.008828713
0.008856786
0.008868036
0.008968608
0.008830848
0.008834546
0.008913140
0.008866838
0.008854911
0.008842046
0.008834911
0.008814286
0.008954754
0.009020692
0.008824234
0.008890952
0.008927098
0.008886734
0.008794286
0.008954338
0.008881317
0.008909442
0.008830380
0.008976942
0.008802932
0.008828296
0.008800484
0.008839963
0.008876109
0.008817359
0.008831421
0.008803713
0.008876005
0.008840432
0.008956421
0.008833349
0.009062202
0.008836369
0.008870067
0.008852254
0.008960535
0.008861474
0.008806890
0.008932150
0.008872307
0.008881995
0.008846057
0.008828036
0.009029181
0.008887203
0.008874338
0.008796578
0.008986682
0.008882775
0.008906369
0.008857724
0.008912307
0.008813244
0.008827151
0.008852671
0.008835797
0.008846265
0.008844182
0.008937775
0.008862879
0.008826109
0.008822463
0.008850536
0.008916317
0.008841214
0.008973140
0.008961474
0.008795119
0.008845745
0.008889390
0.008965952
0.008828088
0.008837150
0.008891161
0.008846734
0.008844234
0.009074233
0.008903452
0.008864494
0.008890119
0.008813296
0.008860536
0.009004650
0.008903765
0.009045796
0.008917255
0.009005952
0.008873921
0.008928088
0.008924130
0.008810328
0.008807516
0.008952880
0.008890432
0.008901994
0.008864442
0.008935015
0.008816474
0.008837463
0.008882828
0.008795485
0.008832359
0.008976265
0.009100900
0.009032619
0.008850849
0.008815797
0.008953452
0.008951317
0.008801786
0.008893244
0.008904859
0.008816994
0.008809547
0.009106733
0.008831214
0.008936526
0.008843974
0.008930588
0.008876682
0.008828817
0.008947307
0.008835953
0.008867359
0.008962619
0.009018243
0.009043816
0.008965119
0.008970275
0.008884807
0.008824599
0.008916994
0.008853192
0.008883974
0.008906109
0.008880171
0.008819547
0.008891682
0.008784025
0.008857828
0.008791005
0.008883765
0.008867150
0.008830120
0.008988973
0.008939963
0.008805015
0.008869911
0.008903140
0.008824078
0.009085639
0.008774026
0.008839963
0.008881890
0.008785224
0.008889442
0.008864546
0.008817307
0.008799911
0.008889130
0.008793609
0.008869599
0.008873974
0.008878141
0.008911474
0.008877151
0.008818193
0.008859443
0.009088035
0.008857359
0.008829130
0.008878036
0.008791473
0.008998712
0.008992567
0.008861161
0.008980588
0.008840223
0.008890745
0.008996265
0.008780849
0.009075223
0.008827933
0.008847151
0.008826005
0.008782307
0.008831786
0.008809547
0.008801214
0.008854547
0.008810224
0.008849703
0.008887619
0.008961369
0.008821265
0.008871161
0.008832099
0.008840223
0.008823401
0.008789442
0.008825641
0.008954285
0.009008140
0.008822776
0.008866578
0.008823818
0.008815172
0.008814234
0.008863662
0.008820640
0.008865432
0.008960327
0.008920015
0.008881734
0.008841525
0.008837463
0.009095327
0.009017514
0.008924181
0.008882776
0.008827307
0.008880640
0.008833505
0.008802360
0.008929234
0.008888401
0.009048296
0.008853713
0.008880536
0.008874130
0.008815849
0.008854391
0.008873401
0.008848557
0.008825797
0.008877880
0.008865484
0.008847984
0.008809546
0.008972983
0.008896890
0.008810068
0.008934390
0.008828557
0.009127358
0.008855641
0.008957151
0.008849599
0.008945588
0.008944859
0.008911422
0.008887567
0.008972672
0.009029910
0.008957723
0.008866161
0.008891213
0.008830901
0.008843869
0.008855068
0.008839755
0.008851994
0.008801058
0.008747724
0.008800119
0.008876629
0.009072202
0.008896994
0.008949963
0.008877515
0.008874286
0.008915797
0.008955848
0.008854182
0.009044546
0.008995119
0.008866266
0.008826474
0.008838922
0.008840849
0.008852724
0.008924285
0.008845953
0.008805380
0.008903974
0.008868713
0.008919494
0.008940536
0.008939911
0.008962879
0.008891734
0.008890067
0.008939130
0.008834755
0.008869234
0.008852307
0.008832046
0.008866005
0.008915693
0.008936422
0.009161785
0.008846734
0.008818244
0.008893036
0.009100118
0.008848609
0.009035327
0.008720172
0.008811266
0.008893766
0.008877828
0.008820953
0.009071889
0.008829495
0.008955692
0.008840641
0.008788193
0.008835067
0.008826890
0.008917827
0.008946265
0.008872463
0.009112931
0.008840745
0.008885901
0.008827568
0.008838349
0.008896838
0.009031630
0.008988504
0.009047931
0.009102462
0.008815953
0.008841370
0.008815224
0.009062097
0.008905744
0.008886681
0.008850172
0.008882099
0.008846839
0.009522148
0.008888818
0.008815901
0.008884599
0.008919078
0.008804599
0.008833245
0.008836369
0.008844651
0.008873818
0.008860171
0.008844286
0.008826213
0.008833818
0.008881682
0.009115952
0.008890536
0.008859860
0.008851318
0.008904650
0.008824755
0.008879338
0.008953660
0.008796890
0.008845172
0.008866630
0.008828609
0.008839495
0.008904911
0.008822360
0.008811682
0.009052411
0.008841109
