0.012493449
0.009502573
0.009464761
0.009487678
0.009534865
0.009723146
0.009569344
0.009475491
0.009511063
0.009558303
0.009599709
0.009683406
0.009515177
0.009433563
0.009519918
0.009566948
0.009413928
0.009534761
0.009541948
0.009456480
0.009517313
0.009614917
0.009401376
0.009603615
0.009500542
0.009605803
0.009495021
0.009446219
0.009564656
0.009668407
0.009490073
0.009659448
0.009530334
0.009530542
0.009549761
0.009505126
0.009490334
0.009465959
0.009526427
0.009540803
0.009662729
0.009670646
0.009467157
0.009575802
0.009509344
0.009569552
0.009469969
0.009583459
0.009437157
0.009539552
0.009522418
0.009668927
0.009565385
0.009418563
0.009684864
0.009717208
0.009480282
0.009848874
0.009525074
0.009484917
0.009493512
0.009435387
0.009521532
0.009553355
0.009454449
0.009481063
0.009481220
0.009480386
0.009498667
0.009464344
0.009533771
0.009519136
0.009460438
0.009543459
0.009506636
0.009568043
0.009463459
0.009578875
0.009719812
0.009508459
0.009456167
0.009492834
0.009547625
0.009401636
0.009572885
0.009624239
0.009489865
0.009432470
0.009618302
0.009444969
0.009475074
0.009461793
0.009505126
0.009697052
0.009605021
0.009536011
0.009673667
0.009589240
0.009532209
0.009565802
0.009495543
0.009481271
0.009468771
0.009567521
0.009487730
0.009481741
0.009743979
0.009559709
0.009685073
0.009446584
0.009449970
0.009536584
0.009451896
0.009709865
0.009470595
0.009499605
0.009452001
0.009540750
0.009537417
0.009473563
0.009556949
0.009504553
0.009508355
0.009534917
0.009425490
0.009532001
0.009431323
0.009757833
0.009536948
0.009559344
0.009488928
0.009599448
0.009534345
0.009611011
0.009488928
0.009532365
0.009517418
0.009618979
0.009628406
0.009499709
0.009489969
0.009437105
0.009687209
0.009730385
0.009527417
0.009442730
0.009494865
0.009441532
0.009464970
0.009480959
0.009525386
0.009580230
0.009517522
0.009687261
0.009587834
0.009502470
0.009610386
0.009478042
0.009560126
0.009430595
0.009445491
0.009549292
0.009525334
0.009517834
0.009524552
0.009523615
0.009633772
0.009532677
0.009573354
0.009558250
0.009520386
0.009541740
0.009550699
0.009683041
0.009612417
0.009713562
0.009519761
0.009628355
0.009564345
0.009555750
0.009457522
0.009568510
0.009485595
0.009391949
0.009498355
0.009606896
0.009757729
0.009617990
0.009534969
0.009693146
0.009593927
0.009455595
0.009609605
0.009491636
0.009461637
0.009657625
0.009723823
0.009667365
0.009606635
0.009485021
0.009533303
0.009521636
0.009504397
0.009497782
0.009641844
0.009516063
0.009544970
0.009551688
0.009475803
0.009600490
0.009603667
0.009553875
0.009483668
0.009761219
0.009681688
0.009633146
0.009483720
0.009640021
0.009490387
0.009458043
0.009426012
0.009479241
0.009454553
0.009638980
0.009475386
0.009448876
0.009473824
0.009567469
0.009622417
0.009613251
0.009540021
0.009604501
0.009481532
0.009567990
0.009607365
0.009621792
0.009474814
0.009529292
0.009428564
0.009502418
0.009594396
0.009567105
0.009549345
0.009463928
0.009490282
0.009807624
0.009497730
0.009454657
0.009522938
0.009469397
0.009539553
0.009484293
0.009611479
0.009722156
0.009532522
0.009529136
0.009489188
0.009540959
0.009610073
0.009531480
0.009487105
0.009642834
0.009664500
0.009528875
0.009479970
0.009663459
0.009504241
0.009465751
0.009587730
0.009474188
0.009715021
0.009564449
0.009504761
0.009515751
0.009469293
0.009444709
0.009559136
0.009536219
0.009538876
0.009388564
0.009514396
0.009608980
0.009465907
0.009723198
0.009526376
0.009480230
0.009627417
0.009482418
0.009485334
0.009460699
0.009562886
0.009502730
0.009478251
0.009563251
0.009589448
0.009711271
0.009496584
0.009510439
0.009445230
0.009537000
0.009599760
0.009583980
0.009547209
0.009548511
0.009495751
0.009528980
0.009509918
0.009593146
0.009539970
0.009705333
0.009461585
0.009511897
0.009520334
0.009506167
0.009550595
0.009529136
0.009584345
0.009573355
0.009516427
0.009644865
0.009487417
0.009634345
0.009497834
0.009624969
0.009474397
0.009478876
0.009487210
0.009414865
0.009550178
0.009682625
0.009545855
0.009594240
0.009543511
0.009402678
0.009647417
0.009535803
0.009565959
0.009718928
0.009564293
0.009532834
0.009461948
0.009675230
0.009424709
0.009438251
0.009490334
0.009460647
0.009548251
0.009416949
0.009632782
0.009468980
0.009495230
0.009551168
0.009649292
0.009645646
0.009489345
0.009654240
0.009497835
0.009451167
0.009571115
0.009498459
0.009597053
0.009595699
0.009467678
0.009580074
0.009571740
0.009661792
0.009589813
0.009510751
0.009495959
0.009735386
0.009547052
0.009582834
0.009647834
0.009469501
0.009527834
0.009552834
0.009671375
0.009486012
0.009555126
0.009668250
0.009536324
0.009459605
0.009623042
0.009470959
0.009573095
0.009652678
0.009513095
0.009568720
0.009471896
0.009511116
0.009542365
0.009761792
0.009508094
0.009615854
0.009614605
0.009480699
0.009552990
0.009477886
0.009523094
0.009452157
0.009598824
0.009574917
0.009485595
0.009559917
0.009674084
0.009525230
0.009706010
0.009535647
0.009491584
0.009556063
0.009510594
0.009632678
0.009561115
0.009584500
0.009454762
0.009468199
0.009571844
0.009443356
0.009645125
0.009497730
0.009460647
0.009482522
0.009501896
0.009523980
0.009594969
0.009658095
0.009546063
0.009492470
0.009529605
0.009709500
0.009475542
0.009464449
0.009455231
0.009667261
0.009577261
0.009598875
0.009495282
0.009489813
0.009473772
0.009522313
0.009470335
0.009472262
0.009447886
0.009495074
0.009521063
0.009436584
0.009515751
0.009536688
0.009834135
0.009666688
0.009460960
0.009430439
0.009502886
0.009747365
0.009678563
0.009460126
0.009598564
0.009555647
0.009541063
0.009599553
0.009418459
0.009462209
0.009541740
0.009704709
0.009507365
0.009442314
0.009492313
0.009500595
0.009420387
0.009611063
0.009547209
0.009453199
0.009492626
0.009459865
0.009676010
0.009548928
0.009510021
0.009767990
0.009664500
0.009502209
0.009424813
0.009502783
0.009568355
0.009447209
0.009574136
0.009458355
0.009490594
0.009459032
0.009479085
0.009510386
0.009575803
0.009553875
0.009752729
0.009532574
0.009507678
0.009659761
0.009493303
0.009399709
0.009540386
0.009652574
0.009526584
0.009501636
0.009727782
0.009543980
0.009529345
0.009603303
0.009549657
0.009541948
0.009549605
0.009650594
0.009523772
0.009488355
0.009505438
0.009493512
0.009490386
0.009709292
0.009511168
0.009450856
0.009507782
0.009746740
0.009511740
0.009655177
0.009625698
0.009524814
0.009578980
0.009517574
0.009645282
0.009487261
0.009646740
0.009441324
0.009510282
0.009453147
0.009632834
0.009460126
0.009717522
0.009498511
0.009486584
0.009436480
0.009512886
0.009680177
0.009440855
0.009763927
0.009692729
0.009607834
0.009635021
0.009472938
0.009441012
0.009643771
0.009565230
0.009475074
0.009646167
0.009569292
0.009479188
0.009542782
0.009527782
0.009439605
0.009497834
0.009478511
0.009515074
0.009569970
0.009570959
0.009456115
0.009604449
0.009506167
0.009570490
0.009588615
0.009553198
0.009523719
0.009479136
0.009509240
0.009616168
0.009565959
0.009631532
0.009614605
0.009498095
0.009752000
0.009543303
0.009523668
0.009559449
0.009527105
0.009726271
0.009597938
0.009679500
0.009437054
0.009527210
0.009518823
0.009482626
0.009594657
0.009440595
0.009676844
0.009564813
0.009572469
0.009447574
0.009532782
0.009458876
0.009454918
0.009489710
0.009451429
0.009555022
0.009624813
0.009756740
0.009542365
0.009578407
0.009504084
0.009516845
0.009476272
0.009511532
0.009467938
0.009506115
0.009560803
0.009440699
0.009462990
0.009569552
0.009476220
0.009535855
0.009618095
0.009501637
0.009523511
0.009454136
0.009761323
0.009530230
0.009609970
0.009699501
0.009534605
0.009469345
0.009639552
0.009532990
0.009512418
0.009511324
0.009584969
0.009618146
0.009430595
0.009497053
0.009526532
0.009568459
0.009464761
0.009789709
0.009581636
0.009458824
0.009547000
0.009595542
0.009480126
0.009591063
0.009438303
0.009535387
0.009663146
0.009500074
0.009574292
0.009473355
0.009487365
0.009528355
0.009588095
0.009467990
0.009601792
0.009484918
0.009467522
0.009492834
0.009724813
0.009698302
0.009499970
0.009490907
0.009632001
0.009469032
0.009592834
0.009732886
0.009501792
0.009585490
0.009729136
0.009540959
0.009656167
0.009674552
0.009525334
0.009693250
0.009561272
0.009486219
0.009615282
0.009642052
0.009597001
0.009488563
0.009573094
0.009559396
0.009473095
0.009494448
0.009588147
0.009542001
0.009484189
0.009492001
0.009677677
0.009436116
0.009470803
0.009543824
0.009641115
0.009505855
0.009674188
0.009472627
0.009661844
0.009477782
0.009437678
0.009532939
0.009557105
0.009456533
0.009416898
0.009888614
0.009628355
0.009546376
0.009554293
0.009567209
0.009517626
0.009498980
0.009544396
0.009485074
0.009545491
0.009620542
0.009457522
0.009516949
0.009557365
0.009562521
0.009440856
0.009472366
0.009565230
0.009633043
0.009774916
0.009496532
0.009535022
0.009603042
0.009499970
0.009549137
0.009615543
0.009531220
0.009580074
0.009447470
0.009677730
0.009505699
0.009424918
0.009537522
0.009548876
0.009764813
0.009582261
0.009692105
0.009681896
0.009532469
0.009577886
0.009599345
0.009480387
0.009615907
0.009682522
0.009509136
0.009631063
0.009536428
0.009609657
0.009548511
0.009459918
0.009489449
0.009466480
0.009546428
0.009532105
0.009498980
0.009600438
0.009512417
0.009749969
0.009556897
0.009557886
0.009527678
0.009546845
0.009583355
0.009513199
0.009503719
0.009464970
0.009496793
0.009582313
0.009556167
0.009545594
0.009570073
0.009452835
0.009502366
0.009462731
0.009509605
0.009481376
0.009422887
0.009579344
0.009674813
0.009470387
0.009540386
0.009532105
0.009484137
0.009488876
0.009483876
0.009601897
0.009518824
0.009423824
0.009729240
0.009653511
0.009452887
0.009508095
0.009511949
0.009437678
0.009576584
0.009570594
0.009527834
0.009481637
0.009687782
0.009508511
0.009457053
0.009647781
0.009420387
0.009698563
0.009489293
0.009466429
0.009455022
0.009467001
0.009483095
0.009691479
0.009487834
0.009488771
0.009522782
0.009493876
0.009673407
0.009641324
0.009474605
0.009569709
0.009490178
0.009572418
0.009554553
0.009470543
0.009490959
0.009453408
0.009460959
0.009689136
0.009467366
0.009483616
0.009468668
0.009477626
0.010013562
0.009543407
0.009675751
0.009575647
0.009503094
0.009500751
0.009592782
0.009420960
0.009554657
0.009541063
0.009477835
0.009587365
0.009493043
0.009541272
0.009509813
0.009471168
0.009472105
0.009472991
0.009690854
0.009503876
0.009565490
0.009563667
0.009555751
0.009498616
0.009502053
0.009507053
0.009659448
0.009544345
0.009517001
0.009454710
0.009561219
0.009513928
0.009471689
0.009432730
0.009505386
0.009585386
0.009635699
0.009441376
0.009492679
0.009504813
0.009477626
0.009650282
0.009490907
0.009449657
0.009553094
0.009549449
0.009535335
0.009466376
0.009664969
0.009561793
0.009482886
0.009779188
0.009529657
0.009664396
0.009485594
0.009576896
0.009501272
0.009687886
0.009522574
0.009546271
0.009537365
0.009599500
0.009534761
0.009717052
0.009510803
0.009768094
0.009501480
0.009651688
0.009585490
0.009496064
0.009549240
0.009451012
0.009505959
0.009767260
0.009668563
0.009676219
0.009536845
0.009594761
0.009484189
0.009476897
0.009394762
0.009467887
0.009516324
0.009457730
0.009565282
0.009473199
0.009552262
0.009568251
0.009503980
0.009502730
0.009516897
0.009665386
0.009501532
0.009654032
0.009536064
0.009529188
0.009468459
0.009449449
0.009453252
0.009536584
0.009514970
0.009545698
0.009669448
0.009576375
0.009562834
0.009692417
0.009524658
0.009617938
0.009555959
0.009655802
0.009473512
0.009690751
0.009480439
0.009684500
0.009632522
0.009497470
0.009475022
0.009760958
0.009539917
0.009475438
0.009574918
0.009563459
0.009477105
0.009635334
0.009497261
0.009533459
0.009442887
0.009564970
0.009570230
0.009539813
0.009494709
0.009464189
0.009666063
0.009496064
0.009559448
0.009567730
0.009541428
0.009631063
0.009663824
0.009513355
0.009506845
0.009603355
0.009450022
0.009498094
0.009506740
0.009510595
0.009669084
0.009643511
0.009521688
0.009743146
0.009709709
0.009465282
0.009469814
0.009667574
0.009502834
0.009494501
0.009689293
0.009499397
0.009507418
0.009668719
0.009467418
0.009462366
0.009426012
0.009539710
0.009647938
0.009428304
0.009531480
0.009597053
