0.010192364
0.007419085
0.007309246
0.007267009
0.007328881
0.007381587
0.007314840
0.007384212
0.007363015
0.007272186
0.007448949
0.007563536
0.007340223
0.007424178
0.007459229
0.007396627
0.007390846
0.007444925
0.007290609
0.007323264
0.007344096
0.007403261
0.007283959
0.007309323
0.007403799
0.007508275
0.007470359
0.007340068
0.007278976
0.007405169
0.007360952
0.007314444
0.007393451
0.007300761
0.007380602
0.007359613
0.007320604
0.007433517
0.007544466
0.007402283
0.007492957
0.007554205
0.007360617
0.007481760
0.007453337
0.007487711
0.007560053
0.007368287
0.007330476
0.007397622
0.007339655
0.007443350
0.007560794
0.007308458
0.007333677
0.007297845
0.007380238
0.007392894
0.007388780
0.007360239
0.007336032
0.007489309
0.007369885
0.007581183
0.007491810
0.007416509
0.007478851
0.007279846
0.007574578
0.007375572
0.007366624
0.007373499
0.007345531
0.007507506
0.007590421
0.007531933
0.007525953
0.007401580
0.007372414
0.007389394
0.007408091
0.007459973
0.007341642
0.007515389
0.007314247
0.007453255
0.007448888
0.007385765
0.007536438
0.007432847
0.007405035
0.007306234
0.007413584
0.007429573
0.007410459
0.007620872
0.007345668
0.007429945
0.007404633
0.007487340
0.007435414
0.007304009
0.007406616
0.007340578
0.007388025
0.007263287
0.007442972
0.007384848
0.007361573
0.007343761
0.007577612
0.007392771
0.007450114
0.007445953
0.007344132
0.007505744
0.007484754
0.007414652
0.007453818
0.007363355
0.007345439
0.007390334
0.007308772
0.007449656
0.007410391
0.007680233
0.007296434
0.007239612
0.007387266
0.007530082
0.007487270
0.007482010
0.007298991
0.007488000
0.007419615
0.007481077
0.007377953
0.007380714
0.007316027
0.007284777
0.007573841
0.007432436
0.007384103
0.007387957
0.007433321
0.007382232
0.007482648
0.007378950
0.007369316
0.007602127
0.007316243
0.007398329
0.007492078
0.007420621
0.007458172
0.007356038
0.007340105
0.007372083
0.007570207
0.007362031
0.007353333
0.007337608
0.007349482
0.007310577
0.007449013
0.007323181
0.007431409
0.007375839
0.007381881
0.007459069
0.007456881
0.007486776
0.007315374
0.007322926
0.007345270
0.007459904
0.007407612
0.007342252
0.007403032
0.007555011
0.007347147
0.007404439
0.007437250
0.007306994
0.007481316
0.007300587
0.007395899
0.007420326
0.007354861
0.007264393
0.007359079
0.007328871
0.007376110
0.007609184
0.007501893
0.007451060
0.007543143
0.007477518
0.007324187
0.007534343
0.007473146
0.007424708
0.007464499
0.007423146
0.007327054
0.007498252
0.007397054
0.007721845
0.007391272
0.007403254
0.007338774
0.007314035
0.007549087
0.007386952
0.007381118
0.007315912
0.007401224
0.007385339
0.007443828
0.007397005
0.007411121
0.007434559
0.007372528
0.007525861
0.007454768
0.007362685
0.007452946
0.007424612
0.007471435
0.007483311
0.007296123
0.007460395
0.007373104
0.007489145
0.007411750
0.007381385
0.007337949
0.007504459
0.007469980
0.007475709
0.007378782
0.007442325
0.007361284
0.007493575
0.007482793
0.007539556
0.007381327
0.007335705
0.007415756
0.007456381
0.007350497
0.007348622
0.007356124
0.007389300
0.007514195
0.007510966
0.007353259
0.007406750
0.007310084
0.007403313
0.007487843
0.007454667
0.007439458
0.007553469
0.007393523
0.007473574
0.007288264
0.007352482
0.007433056
0.007538836
0.007354307
0.007475087
0.007490764
0.007317850
0.007528838
0.007343996
0.007347798
0.007414412
0.007439829
0.007484934
0.007455194
0.007469570
0.007411237
0.007376914
0.007457228
0.007307021
0.007429676
0.007419207
0.007345927
0.007294783
0.007467906
0.007433427
0.007476448
0.007359574
0.007363845
0.007349576
0.007376502
0.007437023
0.007465409
0.007382179
0.007366192
0.007372754
0.007409785
0.007490878
0.007348380
0.007327079
0.007371297
0.007422339
0.007414058
0.007339475
0.007367704
0.007438382
0.007349632
0.007294112
0.007440934
0.007478903
0.007503643
0.007290520
0.007362342
0.007396717
0.007365779
0.007408021
0.007404479
0.007291354
0.007399635
0.007426979
0.007463541
0.007410886
0.007298492
0.007496823
0.007377293
0.007372293
0.007372294
0.007348076
0.007401825
0.007502606
0.007361617
0.007384588
0.007414743
0.007342348
0.007376202
0.007304848
0.007379848
0.007357817
0.007484066
0.007475421
0.007363443
0.007409900
0.007372767
0.007377037
0.007438756
0.007395214
0.007488599
0.007365998
0.007345372
0.007373445
0.007467924
0.007387143
0.007427038
0.007480321
0.007490945
0.007442039
0.007413758
0.007416884
0.007598602
0.007387770
0.007356676
0.007473551
0.007398134
0.007471364
0.007329490
0.007484385
0.007330948
0.007522301
0.007379333
0.007466470
0.007434022
0.007366418
0.007341783
0.007537772
0.007539647
0.007508033
0.007434595
0.007472773
0.007387825
0.007406837
0.007451680
0.007393086
0.007525221
0.007478086
0.007354336
0.007465066
0.007445431
0.007305015
0.007417307
0.007447931
0.007376057
0.007266891
0.007431995
0.007460744
0.007432203
0.007448921
0.007380277
0.007418662
0.007778504
0.007342568
0.007517099
0.007495277
0.007374548
0.007360903
0.007427517
0.007405069
0.007442049
0.007419393
0.007362362
0.007375434
0.007325019
0.007411685
0.007317519
0.007478612
0.007359499
0.007395227
0.007402936
0.007394967
0.007402832
0.007397936
0.007393873
0.007370020
0.007381374
0.007501999
0.007376844
0.007435854
0.007351062
0.007421531
0.007401584
0.007390386
0.007402626
0.007286220
0.007396115
0.007479448
0.007463667
0.007419918
0.007409396
0.007620229
0.007362315
0.007429345
0.007496220
0.007487626
0.007619449
0.007470699
0.007460023
0.007430231
0.007393148
0.007697938
0.007419762
0.007385337
0.007317264
0.007436117
0.007468148
0.007457107
0.007401535
0.007342889
0.007305025
0.007257681
0.007390025
0.007339243
0.007485024
0.007531535
0.007313202
0.007293254
0.007494296
0.007488932
0.007564764
0.007418463
0.007400963
0.007680857
0.007433985
0.007469557
0.007462943
0.007406276
0.007344193
0.007375860
0.007476172
0.007541381
0.007474714
0.007401849
0.007397162
0.007419246
0.007355704
0.007313726
0.007441330
0.007408933
0.007375861
0.007415445
0.007527215
0.007530080
0.007390027
0.007382997
0.007353257
0.007436799
0.007477216
0.007474299
0.007293049
0.007526331
0.007352216
0.007374717
0.007489820
0.007302894
0.007573362
0.007411800
0.007396383
0.007300238
0.007585758
0.007466227
0.007251593
0.007344977
0.007401957
0.007373207
0.007472998
0.007328936
0.007416541
0.007514509
0.007396905
0.007408103
0.007487738
0.007331384
0.007443936
0.007644926
0.007375238
0.007488103
0.007414041
0.007483676
0.007381645
0.007370500
0.007344406
0.007764978
0.007478625
0.007486906
0.007418469
0.007481541
0.007357219
0.007555344
0.007499355
0.007415969
0.007475136
0.007436958
0.007317741
0.007314772
0.007433209
0.007392323
0.007441491
0.007542844
0.007356126
0.007425918
0.007320554
0.007413053
0.007583209
0.007442585
0.007352064
0.007319408
0.007326231
0.007559199
0.007460137
0.007423887
0.007376804
0.007462637
0.007529043
0.007572794
0.007384669
0.007394773
0.007407898
0.007342325
0.007549252
0.007502012
0.007309617
0.007440450
0.007341232
0.007479253
0.007484669
0.007510138
0.007383367
0.007484356
0.007408107
0.007405399
0.007760606
0.007541492
0.007544461
0.007438993
0.007338628
0.007334722
0.007403108
0.007394618
0.007481128
0.007463004
0.007311910
0.007347379
0.007357848
0.007327379
0.007374149
0.007477431
0.007339306
0.007392900
0.007353577
0.007454723
0.007647066
0.007561546
0.007380661
0.007363942
0.007417952
0.007367796
0.007383889
0.007430453
0.007346286
0.007594775
0.007487119
0.007474932
0.007404724
0.007380870
0.007378838
0.007483369
0.007378473
0.007568682
0.007408838
0.007480088
0.007372589
0.007435244
0.007531182
0.007436391
0.007334568
0.007539619
0.007339620
0.007481183
0.007586911
0.007428110
0.007408057
0.007464933
0.007378787
0.007398161
0.007387276
0.007478682
0.007317849
0.007448214
0.007355349
0.007275819
0.007600037
0.007405974
0.007320298
0.007512172
0.007418110
0.007388162
0.007419308
0.007451860
0.007411964
0.007371705
0.007354986
0.007658318
0.007435922
0.007389464
0.007474569
0.007423735
0.007400246
0.007371861
0.007496131
0.007503528
0.007511079
0.007599413
0.007336913
0.007504361
0.007524569
0.007433684
0.007352330
0.007432746
0.007376601
0.007424778
0.007346549
0.007518736
0.007425246
0.007587486
0.007347850
0.007441601
0.007391237
0.007347018
0.007300664
0.007492798
0.007352174
0.007381966
0.007467746
0.007362591
0.007415663
0.007443581
0.007400038
0.007578423
0.007416184
0.007350142
0.007344934
0.007330299
0.007385507
0.007343997
0.007436237
0.007391758
0.007437331
0.007427122
0.007365039
0.007352852
0.007750559
0.007416289
0.007473841
0.007428164
0.007390299
0.007568789
0.007556185
0.007389779
0.007407487
0.007499466
0.007337435
0.007589779
0.007440560
0.007461706
0.007395612
0.007391863
0.007398060
0.007398373
0.007481758
0.007466550
0.007452904
0.007517383
0.007342644
0.007427435
0.007380300
0.007467592
0.007372175
0.007540820
0.007364728
0.007490456
0.007457748
0.007500404
0.007383113
0.007532175
0.007341654
0.007447019
0.007307697
0.007458582
0.007385405
0.007475665
0.007595509
0.007473634
0.007454415
0.007406655
0.007437487
0.007383894
0.007394832
0.007347749
0.007442019
0.007436030
0.007459572
0.007392644
0.007379675
0.007566551
0.007485873
0.007438946
0.007428686
0.007420874
0.007393425
0.007325145
0.007476446
0.007430561
0.007499623
0.007494103
0.007389988
0.007458426
0.007368634
0.007551291
0.007378426
0.007547279
0.007369311
0.007395093
0.007424311
0.007416760
0.007342072
0.007415405
0.007409519
0.007386290
0.007476186
0.007362749
0.007532228
0.007553478
0.007346343
0.007571551
0.007413843
0.007503530
0.007417957
0.007553478
0.007395458
0.007380353
0.007432853
0.007553374
0.007394937
0.007454780
0.007340510
0.007574207
0.007482333
0.007443687
0.007547228
0.007539468
0.007393843
0.007328583
0.007474936
0.007626759
0.007499156
0.007408271
0.007414312
0.007564416
0.007386239
0.007478895
0.007476239
0.007321031
0.007368895
0.007458114
0.007325042
0.007465718
0.007501291
0.007606343
0.007383896
0.007341865
0.007613531
0.007486396
0.007493010
0.007412541
0.007410979
0.007397489
0.007479312
0.007487021
0.007345875
0.007409573
0.007386500
0.007322646
0.007516448
0.007444625
0.007439000
0.007535093
0.007421395
0.007428791
0.007497020
0.007302230
0.007349052
0.007351239
0.007361084
0.007466656
0.007417802
0.007409312
0.007482697
0.007520302
0.007418063
0.007409885
0.007484000
0.007490823
0.007323636
0.007544729
0.007350406
0.007491240
0.007615510
0.007420771
0.007447907
0.007380198
0.007398531
0.007414364
0.007519937
0.007429833
0.007413896
0.007376865
0.007394365
0.007394938
0.007438323
0.007359469
0.007421292
0.007333583
0.007391136
0.007534156
0.007475823
0.007427490
0.007516917
0.007494313
0.007386240
0.007453479
0.007494521
0.007477021
0.007452230
0.007426708
0.007350303
0.007463532
0.007481500
0.007432334
0.007424104
0.007448323
0.007375511
0.007395980
0.007476292
0.007554261
0.007577229
0.007414938
0.007380875
0.007506084
0.007401240
0.007433063
0.007363583
0.007427490
0.007390407
0.007518167
0.007408479
0.007555354
0.007507906
0.007409470
0.007403688
0.007487802
0.007388949
0.007432907
0.007359105
0.007454156
0.007372386
0.007383011
0.007331657
0.007437855
0.007420928
0.007522906
0.007400511
0.007470563
0.007471865
0.007490407
0.007445146
0.007503799
0.007361613
0.007453695
0.007611246
0.007297654
0.007401977
0.007424581
0.007399842
0.007445675
0.007522237
0.007662808
0.007417707
0.007506769
0.007417550
0.007538123
0.007468124
0.007427655
0.007454635
0.007403072
0.007385260
0.007534165
0.007567655
0.007490989
0.007544269
0.007566509
0.007385261
0.007567967
0.007519479
0.007445625
0.007479740
0.007413751
0.007420990
0.007421719
0.007612812
0.007545521
0.007433699
0.007415574
0.007373804
0.007445939
0.007579480
0.007369221
0.007438231
0.007456356
0.007402138
0.007450991
0.007535470
0.007534897
0.007530730
0.007498805
0.007496825
0.007424691
0.007439169
0.007404326
0.007382138
0.007439847
0.007340681
0.007304275
0.007444066
0.007396358
0.007541148
0.007483337
0.007367764
0.007404535
0.007405369
0.007581513
0.007500993
0.007413077
0.007431827
0.007609847
0.007493077
0.007364433
