0.006723362
0.006849195
0.006783934
0.006700809
0.006783830
0.006747580
0.006767215
0.006816173
0.006765288
0.006743831
0.006756018
0.006902788
0.006739143
0.006902058
0.006829403
0.006877007
0.006863882
0.006734090
0.006749195
0.006831850
0.006856695
0.006677528
0.006798153
0.006670497
0.006785809
0.006831278
0.006754663
0.006816746
0.006782997
0.006671956
0.006744716
0.006757789
0.006792788
0.006802423
0.006832788
0.006795237
0.006782528
0.006746383
0.006875965
0.006848153
0.006918100
0.006787424
0.006941902
0.006727945
0.006742059
0.006946329
0.006746539
0.006811850
0.006722528
0.006734195
0.006881591
0.006701227
0.006855704
0.006806486
0.006858309
0.006907111
0.006768570
0.006808778
0.006791018
0.006705497
0.006814246
0.006787007
0.006797788
0.006686227
0.006907579
0.006845340
0.006866539
0.006736330
0.006748779
0.006880913
0.006780601
0.006654351
0.006689664
0.006750445
0.006753257
0.006818309
0.006794039
0.006859976
0.006735184
0.006763987
0.006735392
0.006855757
0.006770236
0.006757372
0.006694195
0.006710081
0.006788621
0.006829195
0.006799820
0.006695549
0.006712684
0.006819246
0.006767007
0.006955652
0.006759976
0.006796434
0.006769508
0.006920757
0.006809194
0.006897059
0.006839924
0.006729716
0.006938465
0.006909247
0.007003934
0.006777111
0.006828310
0.006802423
0.006832267
0.006735184
0.006818517
0.006773674
0.006893726
0.006717633
0.006780549
0.006836955
0.006684039
0.006757476
0.006757319
0.006859402
0.006817059
0.006918934
0.006667216
0.006733986
0.006736904
0.006798153
0.006842319
0.006810288
0.006806695
0.006725444
0.006940132
0.006815809
0.006894507
0.006773622
0.006738258
0.006739925
0.006838413
0.006773570
0.006857945
0.006985808
0.006834091
0.006760810
0.006813101
0.006776695
0.006696904
0.006922944
0.006921590
0.007020756
0.006809091
0.006849195
0.006735081
0.006932267
0.006871017
0.006746331
0.006872840
0.006833986
0.006723935
0.006828725
0.006831330
0.006749456
0.006816851
0.006886643
0.006830653
0.006860966
0.006688518
0.006775028
0.006835080
0.006940653
0.006713309
0.006911850
0.006835965
0.007174974
0.006758413
0.006712007
0.006780393
0.006731070
0.006888465
0.006743257
0.006760809
0.006845757
0.006806069
0.006768570
0.006713778
0.006824976
0.006758101
0.006831069
0.006822112
0.006779090
0.006873726
0.006708622
0.006737216
0.007075808
0.006729091
0.006861382
0.006854455
0.006743987
0.006787788
0.006733206
0.006939662
0.006710653
0.006845601
0.006804768
0.006807788
0.006785601
0.006794663
0.006852372
0.006732424
0.006764299
0.006846226
0.006762581
0.006747216
0.006718309
0.006887892
0.006846851
0.006699611
0.006747163
0.006787841
0.006904038
0.006861851
0.006707581
0.006801122
0.006759872
0.006846851
0.006887111
0.006688518
0.006752633
0.006988933
0.006738518
0.006890913
0.006726903
0.006832997
0.006877840
0.006706434
0.006930548
0.006898101
0.006712164
0.006829923
0.006784507
0.006740184
0.006750080
0.006939611
0.006663153
0.006765758
0.006869715
0.006796226
0.006793309
0.006783362
0.006867007
0.006771486
0.006693934
0.006847320
0.006716174
0.006764612
0.006712268
0.006833048
0.006729247
0.006653987
0.006741695
0.006877736
0.006711903
0.006790237
0.006826017
0.006834403
0.006740497
0.006743674
0.006892892
0.006709091
0.006885132
0.006781955
0.006784767
0.006821278
0.006926069
0.006711695
0.006873621
0.006797632
0.006747997
0.006824664
0.006827997
0.006905288
0.006711487
0.006791486
0.006846695
0.006757060
0.006822737
0.006737528
0.006765862
0.006629664
0.006919455
0.006782372
0.006759039
0.006945757
0.006800132
0.006870392
0.006694612
0.006750029
0.006830861
0.006828726
0.006768935
0.006749820
0.006827684
0.006823414
0.006735185
0.006829768
0.006803205
0.006934246
0.006870705
0.006901122
0.006787840
0.006925757
0.006893622
0.006680654
0.006848361
0.006760289
0.006732059
0.006750081
0.006845706
0.006947944
0.006740758
0.006984715
0.006753518
0.006803101
0.006770445
0.006693102
0.006845236
0.006961798
0.006798569
0.006771747
0.006798153
0.006816278
0.006699716
0.006869194
0.006745705
0.006969507
0.006879871
0.006842371
0.006934090
0.006842840
0.006756018
0.006765028
0.006883309
0.006710810
0.007059975
0.006742632
0.006853153
0.006764039
0.006693935
0.006774559
0.006853882
0.006699299
0.006823830
0.006753622
0.006835705
0.006897007
0.006666227
0.006930340
0.006686018
0.006929506
0.006747841
0.006889559
0.006677581
0.006772372
0.006935965
0.006707476
0.006748778
0.006888934
0.006794351
0.006660810
0.006695810
0.006830028
0.006785133
0.006783258
0.006826799
0.006857424
0.006757372
0.006892892
0.006780237
0.006843466
0.006891070
0.006742424
0.006922423
0.006880497
0.006754820
0.006934559
0.006762580
0.006771956
0.006792476
0.006739977
0.006765706
0.006799143
0.006808362
0.006833778
0.006715289
0.006806746
0.006787789
0.006713986
0.006681747
0.006941121
0.006875444
0.006727007
0.006753778
0.006939247
0.006785602
0.006719404
0.006901382
0.006740549
0.006757216
0.006832060
0.006843726
0.006963361
0.006920289
0.006683934
0.006770340
0.006727528
0.006818049
0.006739664
0.006963152
0.006936121
0.006714821
0.006732216
0.006857788
0.006884768
0.006955652
0.006698049
0.006835028
0.006939246
0.006756382
0.006849455
0.006750185
0.006721748
0.006854612
0.006731174
0.006863153
0.006860914
0.006723205
0.006799507
0.006746747
0.006981226
0.006827060
0.006793414
0.006921746
0.006919715
0.006834820
0.006753309
0.006927423
0.006832684
0.006928674
0.006804455
0.006894767
0.006897059
0.006685445
0.006883570
0.006831694
0.006850601
0.006751434
0.006767736
0.006822060
0.006848257
0.006869299
0.006714976
0.006942320
0.006773257
0.006776383
0.006714821
0.006719351
0.006883205
0.006735654
0.006711330
0.006734403
0.006891017
0.006720028
0.006855132
0.006848987
0.006757008
0.006762216
0.006830705
0.006719091
0.006829715
0.006827528
0.006819924
0.006739195
0.006838465
0.006790549
0.006715081
0.006767945
0.006730081
0.006766278
0.006855549
0.006817424
0.006721851
0.006917215
0.006706956
0.006822529
0.006819976
0.006817476
0.006666018
0.006753362
0.006852476
0.006796382
0.006946069
0.006856382
0.006699976
0.006743518
0.006718622
0.006875914
0.006658987
0.006774924
0.006836017
0.006960392
0.006827320
0.006800966
0.006797841
0.006701956
0.006873413
0.006706175
0.006705757
0.006716487
0.006902163
0.006756695
0.006770029
0.006927684
0.006833257
0.006858153
0.006801695
0.006894246
0.006750445
0.006760236
0.006680341
0.006731955
0.006734456
0.006871226
0.006776955
0.006826435
0.006850445
0.006857997
0.006819820
0.006717007
0.006707685
0.006857164
0.006793205
0.006854403
0.006737163
0.006774195
0.006818466
0.006700028
0.006769925
0.006807685
0.006875080
0.006756851
0.006894559
0.006678674
0.006878830
0.006790185
0.006830132
0.006742008
0.006955392
0.006845445
0.006822112
0.006801330
0.006717633
0.006759039
0.006901643
0.006693414
0.006980913
0.006743257
0.006877840
0.006769924
0.006745705
0.006829664
0.006740601
0.006802477
0.006676747
0.006781486
0.006904663
0.006730393
0.006687060
0.006933048
0.006773049
0.006918517
0.006797111
0.006808206
0.007003777
0.006867372
0.006770185
0.006766851
0.006769351
0.006840549
0.006701487
0.006689768
0.006747633
0.006835862
0.006906799
0.006736018
0.006891226
0.006807580
0.006920080
0.006743310
0.006729403
0.006881174
0.006778778
0.006744299
0.006685498
0.006908778
0.006858205
0.006861591
0.006826539
0.006773257
0.006765289
0.006715758
0.006759976
0.006694143
0.006896799
0.006858674
0.006920028
0.006776799
0.006899820
0.006840549
0.006906330
0.006798934
0.006735237
0.006985131
0.006665602
0.006909611
0.006708779
0.006731643
0.006958257
0.006730601
0.006630758
0.006828726
0.006777893
0.006731591
0.006732633
0.006781486
0.006750029
0.006713466
0.006775028
0.006858362
0.006867632
0.006785757
0.006720133
0.006741695
0.006902007
0.006785861
0.006817945
0.006658466
0.006694925
0.006781226
0.006771487
0.006856955
0.006947788
0.006703622
0.006718830
0.006729403
0.006858206
0.006734351
0.006849091
0.006712581
0.006753986
0.006805705
0.006799820
0.006768779
0.006752632
0.006761278
0.006742840
0.006788153
0.006867476
0.006847997
0.006839611
0.006878986
0.006777424
0.006887424
0.006833049
0.006972111
0.006777372
0.006822216
0.006733779
0.006857997
0.006755393
0.006727477
0.006825758
0.006901486
0.006742580
0.006841382
0.006819351
0.006860497
0.006813414
0.006730393
0.006947528
0.006734924
0.006955913
0.006729039
0.006816331
0.006715549
0.006729039
0.006843987
0.006690810
0.006668779
0.006869871
0.006836956
0.006970236
0.006824872
0.006756591
0.006665966
0.006720341
0.006704507
0.006760236
0.006719352
0.006732112
0.006698831
0.006958466
0.006800653
0.006789716
0.006803883
0.006824977
0.006837893
0.006867788
0.006946590
0.006713935
0.006874247
0.006891278
0.006698830
0.006709403
0.006951642
0.006983569
0.006713831
0.006842997
0.006769872
0.006835237
0.006735445
0.006777060
0.006779560
0.006656747
0.006752060
0.006730810
0.006737164
0.006758518
0.006775341
0.006779455
0.006871955
0.006860601
0.006877476
0.006756904
0.006893621
0.006677737
0.006805913
0.006748153
0.006767372
0.006715081
0.006673726
0.006836070
0.006700966
0.006904976
0.006741122
0.006763205
0.006864143
0.006729872
0.006715549
0.006890705
0.006774143
0.006838727
0.006817840
0.006781174
0.006692112
0.006717268
0.006757320
0.006759404
0.006852112
0.006726904
0.006825132
0.006750133
0.006850653
0.006743258
0.006757841
0.006796382
0.006800913
0.006759664
0.006844142
0.006742164
0.006867736
0.006739195
0.006952267
0.006656800
0.006654404
0.006764664
0.006813517
0.006950288
0.006894975
0.006722841
0.006912944
0.006759664
0.006703518
0.006643206
0.006831799
0.006807372
0.006844247
0.006740497
0.006853674
0.006797684
0.006709977
0.006777581
0.006685081
0.006679248
0.006817424
0.006832424
0.006748987
0.006863622
0.006767320
0.006757737
0.006734872
0.006858986
0.006750289
0.006882163
0.006912215
0.006770184
0.006876643
0.006825653
0.006845392
0.006993569
0.006796695
0.006824247
0.006696383
0.006768413
0.006733779
0.006899351
0.006713414
0.006724352
0.006821070
0.006841799
0.006673831
0.006836070
0.006866435
0.006780758
0.006766591
0.006774872
0.006782164
0.006767320
0.006903465
0.006755236
0.006871486
0.006783049
0.006759300
0.006693623
0.006847215
0.006701019
0.006728830
0.006821382
0.006720029
0.006757581
0.006792684
0.006721070
0.006737737
0.006745184
0.006837059
0.006900653
0.006859090
0.006800966
0.006795549
0.006739560
0.006817216
0.006782372
0.006816955
0.006743987
0.006838205
0.006815185
0.006715705
0.006949872
0.006808830
0.006883362
0.006883518
0.006958881
0.006828258
0.006737997
0.006865080
0.006697320
0.006764248
0.006787216
0.006742269
0.006794872
0.006740393
0.006936226
0.006808987
0.006742476
0.006830966
0.006661122
0.006799352
0.006754508
0.006891382
0.006738362
0.006837372
0.006728362
0.006893205
0.006742529
0.006765914
0.006768310
0.006852372
0.006804820
0.006749977
0.006876330
0.006885445
0.006895705
0.006734925
0.006928257
0.006774508
0.006803570
0.006733675
0.006739300
0.006672737
0.006868778
0.007007893
0.006882268
0.006785966
0.006718518
0.006713727
0.006723571
0.006777163
0.006713101
0.006814872
0.006969299
0.006778102
0.006903830
0.006711383
0.006850288
0.007011694
0.006778206
0.006811070
0.006883778
0.006815289
0.006757372
0.006830757
0.006720081
0.006712216
0.006829456
0.006857164
0.006696435
0.006676851
0.006936278
0.006757477
0.006693935
0.006733570
0.006811070
0.006811487
0.006721383
0.006706123
0.006701018
0.006837320
0.006800706
0.006894298
0.006825497
0.006771122
0.006965288
0.006789091
0.006821174
0.006715862
0.006887996
0.006759091
0.006793675
0.006838205
0.006840914
0.006711227
0.006904976
0.006759560
0.006758102
0.006685133
0.006864351
0.006850549
0.006886069
0.006717581
0.006794507
0.006664143
0.006866018
0.006897008
0.006845757
0.006929664
0.006872632
0.006854768
0.006748466
0.006812789
0.006985653
0.006721382
0.006772788
0.006729403
0.006761383
0.006725549
0.006808726
0.007071850
0.006727789
0.006789664
0.006729769
0.006755602
0.006806799
0.006772737
0.006857111
0.006824664
0.006682529
0.006872840
0.006760810
0.006735133
0.006793101
0.006699195
0.006916747
0.006771852
