0.009253141
0.009132516
0.008996111
0.009130589
0.009117880
0.009111735
0.009161006
0.009129027
0.009093611
0.009087881
0.009256579
0.009268141
0.009093350
0.009152047
0.009293766
0.009179287
0.009160537
0.009070798
0.009181995
0.009114756
0.009094443
0.009104444
0.009289911
0.009089547
0.009228923
0.009129444
0.009211683
0.009262672
0.009112985
0.009133714
0.009150381
0.009189183
0.009139756
0.009123297
0.009167568
0.009059236
0.009102673
0.009125849
0.009299495
0.009119964
0.009166214
0.009070485
0.009143818
0.009358453
0.009108662
0.009242881
0.009258766
0.009083350
0.009152256
0.009100485
0.009279755
0.009143871
0.009299599
0.009185173
0.009167204
0.009156319
0.009085381
0.009075173
0.009192724
0.009140850
0.009101266
0.009107413
0.009179287
0.009341369
0.009130329
0.009127151
0.009263037
0.009232308
0.009140850
0.009117673
0.009085746
0.009094183
0.009079339
0.009145589
0.009151214
0.009088090
0.009241318
0.009230276
0.009145433
0.009133715
0.009038663
0.009110433
0.009108975
0.009124131
0.009320953
0.009128558
0.009214391
0.009151423
0.009056839
0.009320954
0.009119496
0.009153193
0.009069131
0.009323869
0.009099131
0.009078246
0.009118715
0.009132152
0.009268818
0.009034704
0.009062309
0.009141995
0.009208610
0.009107464
0.009061736
0.009185953
0.009134913
0.009258714
0.009326161
0.009162829
0.009052517
0.009074600
0.009079913
0.009102099
0.009286370
0.009091059
0.009096527
0.009120381
0.009113246
0.009140590
0.009277568
0.009105641
0.009084496
0.009255381
0.009198453
0.009144756
0.009135224
0.009139964
0.009042673
0.009260433
0.009090017
0.009136318
0.009156631
0.009120277
0.009276318
0.009125797
0.009112413
0.009080434
0.009197829
0.009115224
0.009073559
0.009165433
0.009088715
0.009138766
0.009109287
0.009131371
0.009185069
0.009074600
0.009084027
0.009173714
0.009215954
0.009125173
0.009053298
0.009165433
0.009667411
0.009060381
0.009121423
0.009120641
0.009303765
0.009170068
0.009066423
0.009165693
0.009120954
0.009124027
0.009077933
0.009343922
0.009116318
0.009172725
0.009071318
0.009149756
0.009151943
0.009116684
0.009071215
0.009101267
0.009099392
0.009162100
0.009185485
0.009238141
0.009141110
0.009068038
0.009114964
0.009138506
0.009099027
0.009088402
0.009322308
0.009245277
0.009103454
0.009174079
0.009262360
0.009358089
0.009078767
0.009130277
0.009078870
0.009131787
0.009078141
0.009082413
0.009161839
0.009138506
0.009189808
0.009118297
0.009059183
0.009083141
0.009103298
0.009230589
0.009080329
0.009135485
0.009231943
0.009111214
0.009098402
0.009161319
0.009135746
0.009117204
0.009090694
0.009258714
0.009037465
0.009113089
0.009106735
0.009118037
0.009129288
0.009109340
0.009132204
0.009230380
0.009290537
0.009114705
0.009119912
0.009102672
0.009107256
0.009124965
0.009090225
0.009121579
0.009294704
0.009144235
0.009138610
0.009170642
0.009337725
0.009135537
0.009217151
0.009126371
0.009143298
0.009240797
0.009081059
0.009144756
0.009114600
0.009266370
0.009146996
0.009114756
0.009086736
0.009143193
0.009100954
0.009106787
0.009201892
0.009103298
0.009123923
0.009123975
0.009095902
0.009087309
0.009085746
0.009396890
0.009309911
0.009123610
0.009113298
0.009240537
0.009041423
0.009093246
0.009203506
0.009137048
0.009094392
0.009124235
0.009119548
0.009149860
0.009248193
0.009131423
0.009085798
0.009145798
0.009134339
0.009251475
0.009146319
0.009108038
0.009327307
0.009155590
0.009072309
0.009147464
0.009091475
0.009109339
0.009185069
0.009075381
0.009104027
0.009113454
0.009094496
0.009148193
0.009073767
0.009202881
0.009291370
0.009120225
0.009204808
0.009135277
0.009049860
0.009071163
0.009045381
0.009070590
0.009122204
0.009153038
0.009086527
0.009069340
0.009119704
0.009106267
0.009168454
0.009136058
0.009073194
0.009055485
0.009141735
0.009106267
0.009068246
0.009122256
0.009218037
0.009093194
0.009134444
0.009112516
0.009102933
0.009128871
0.009059079
0.009160068
0.009137308
0.009205225
0.009109548
0.009138715
0.009265642
0.009086475
0.009181735
0.009023871
0.009016736
0.009118714
0.009316474
0.009148558
0.009297568
0.009253453
0.009300901
0.009121111
0.009083506
0.009416787
0.009055590
0.009063246
0.009140329
0.009189547
0.009138402
0.009071214
0.009087361
0.009131111
0.009067934
0.009113819
0.009078767
0.009086215
0.009100850
0.009122308
0.009207985
0.009109235
0.009079496
0.009260224
0.009139287
0.009331423
0.009115381
0.009146058
0.009278246
0.009106058
0.009122569
0.009274652
0.009058923
0.009220694
0.009100330
0.009113767
0.009091580
0.009142100
0.009121735
0.009150954
0.009050486
0.009171319
0.009168402
0.009215798
0.009050069
0.009111891
0.009063246
0.009120590
0.009336162
0.009157152
0.009112413
0.009096215
0.009068611
0.009086110
0.009068976
0.009221266
0.009388089
0.009138558
0.009069601
0.009073976
0.009081580
0.009075746
0.009150277
0.009087101
0.009135017
0.009204548
0.009136215
0.009092777
0.009056944
0.009120277
0.009264078
0.009148819
0.009043559
0.009056371
0.009064548
0.009112621
0.009086840
0.009162621
0.009237724
0.009411995
0.009117256
0.009105798
0.009195641
0.009189548
0.009130225
0.009175746
0.009147517
0.009151943
0.009131735
0.009274599
0.009306162
0.009303870
0.009256370
0.009102049
0.009054236
0.009168297
0.009191214
0.009328245
0.009099600
0.009129131
0.009091214
0.009109652
0.009453453
0.009066840
0.009147673
0.009216840
0.009076528
0.009218923
0.009129808
0.009084027
0.009144548
0.009174704
0.009221683
0.009229965
0.009328089
0.009109548
0.009240798
0.009142413
0.009044340
0.009036319
0.009191006
0.009309391
0.009088142
0.009141632
0.009154548
0.009080902
0.009088090
0.009097882
0.009100694
0.009110069
0.009194652
0.009127413
0.009117882
0.009101944
0.009110694
0.009145537
0.009091840
0.009103975
0.009085590
0.009087725
0.009074861
0.009128090
0.009187777
0.009125642
0.009157256
0.009244756
0.009091475
0.009338402
0.009333714
0.009141892
0.009100329
0.009131527
0.009288350
0.009272776
0.009208819
0.009082726
0.009102257
0.009127100
0.009163923
0.009384756
0.009320745
0.009148715
0.009146111
0.009132673
0.009246214
0.009090277
0.009125016
0.009164496
0.009441318
0.009250954
0.009255380
0.009146111
0.009112100
0.009070225
0.009228610
0.009165121
0.009136475
0.009144236
0.009114131
0.009119861
0.009092204
0.009160069
0.009044236
0.009148923
0.009125538
0.009109392
0.009188715
0.009118662
0.009121007
0.009163194
0.009086683
0.009122621
0.009071423
0.009064808
0.009100173
0.009129912
0.009093663
0.009165277
0.009131579
0.009148090
0.009326891
0.009163402
0.009278871
0.009127204
0.009116579
0.009064653
0.009257620
0.009148923
0.009063872
0.009085017
0.009067829
0.009124444
0.009101892
0.009118402
0.009092778
0.009127777
0.009178871
0.009190589
0.009197360
0.009124808
0.009077569
0.009066787
0.009039861
0.009057882
0.009308714
0.009125121
0.009082152
0.009136006
0.009009131
0.009321006
0.009213350
0.009143403
0.009146684
0.009138402
0.009080330
0.009086163
0.009057204
0.009152516
0.009099132
0.009138142
0.009099964
0.009085851
0.009364755
0.009136892
0.009016007
0.009149600
0.009143454
0.009108662
0.009087360
0.009241631
0.009232412
0.009272673
0.009080903
0.009327985
0.009193662
0.009111059
0.009211423
0.009352829
0.009257777
0.009111371
0.009170955
0.009156996
0.009129288
0.009083715
0.009191527
0.009150746
0.009105798
0.009161110
0.009089756
0.009078247
0.009115954
0.009067256
0.009095069
0.009128767
0.009180069
0.009254547
0.009086788
0.009205746
0.009302100
0.009110746
0.009069027
0.009030382
0.009102882
0.009101996
0.009140485
0.009160277
0.009235798
0.009246578
0.009130954
0.009342100
0.009273245
0.009141996
0.009201683
0.009096007
0.009088298
0.009237412
0.009340745
0.009096840
0.009131267
0.009285225
0.009143766
0.009287673
0.009296787
0.009082621
0.009041372
0.009067152
0.009071059
0.009148507
0.009088298
0.009188558
0.009213350
0.009124965
0.009078663
0.009164496
0.009200225
0.009072830
0.009084027
0.009139601
0.009115590
0.009142777
0.009117152
0.009130694
0.009101475
0.009155278
0.009086007
0.009329287
0.009177204
0.009123611
0.009161319
0.009144131
0.009150069
0.009158298
0.009123454
0.009334964
0.009167465
0.009093663
0.009123975
0.009133715
0.009062361
0.009115173
0.009097569
0.009146527
0.009182829
0.009237256
0.009212256
0.009132777
0.009145746
0.009104652
0.009167152
0.009108090
0.009326839
0.009106527
0.009129132
0.009097985
0.009133350
0.009080850
0.009198298
0.009149913
0.009139808
0.009163819
0.009125329
0.009233766
0.009148715
0.009145642
0.009042257
0.009171736
0.009113559
0.009200954
0.009386995
0.009095642
0.009159912
0.009144652
0.009121684
0.009053767
0.009128610
0.009161996
0.009336683
0.009054705
0.009163767
0.009062308
0.009158507
0.009121267
0.009149079
0.009119548
0.009250277
0.009191631
0.009147152
0.009178975
0.009072361
0.009072570
0.009104757
0.009104236
0.009116683
0.009117412
0.009133662
0.009161423
0.009157985
0.009331110
0.009089808
0.009131892
0.009129496
0.009169339
0.009162308
0.009291162
0.009104236
0.009124601
0.009041528
0.009155954
0.009121787
0.009069236
0.009157048
0.009124340
0.009098506
0.009193923
0.009116892
0.009190017
0.009072256
0.009094756
0.009309235
0.009200225
0.009074132
0.009065850
0.009091215
0.009159392
0.009079809
0.009082778
0.009097778
0.009076476
0.009189496
0.009121632
0.009215485
0.009219444
0.009315225
0.009219131
0.009204548
0.009081527
0.009326214
0.009122048
0.009153298
0.009115590
0.009201423
0.009156528
0.009079705
0.009178350
0.009163350
0.009101423
0.009109600
0.009150694
0.009093090
0.009100017
0.009083507
0.009043923
0.009070955
0.009131059
0.009283454
0.009149184
0.009247152
0.009170173
0.009215277
0.009096579
0.009212360
0.009073455
0.009123663
0.009266214
0.009082829
0.009098715
0.009148038
0.009321370
0.009094236
0.009164860
0.009063455
0.009161111
0.009384391
0.009258506
0.009152569
0.009240277
0.009223350
0.009275694
0.009092570
0.009090174
0.009201371
0.009165381
0.009134079
0.009152257
0.009092569
0.009157777
0.009176631
0.009082882
0.009151840
0.009128247
0.009103611
0.009127464
0.009088611
0.009046319
0.009105590
0.005446802
0.009090434
0.009063246
0.009072205
0.009069965
0.009179392
0.009125642
0.009059861
0.009224652
0.009415641
0.009217048
0.009129236
0.009127674
0.009055121
0.009113402
0.009138090
0.009156319
0.009337568
0.009149861
0.009128871
0.009120590
0.009103559
0.009070486
0.009148662
0.009115121
0.009114653
0.009166944
0.009068975
0.009136684
0.009140017
0.009125070
0.009083819
0.009256059
0.009053403
0.009311526
0.009130903
0.009139444
0.009216892
0.009190329
0.009080954
0.009194861
0.009196267
0.009144808
0.009091475
0.009055486
0.009096163
0.009086788
0.009186840
0.009132725
0.009140851
0.009097882
0.009132465
0.009093246
0.009136163
0.009100434
0.009080382
0.009176840
0.009141683
0.009130799
0.009131632
0.009096892
0.009295642
0.009093142
0.009083507
0.009151215
0.009104756
0.009103611
0.009216319
0.009279912
0.009040122
0.009071059
0.009318871
0.009124184
0.009097257
0.009267829
0.009294495
0.009059497
0.009166423
0.009126215
0.009185278
0.009290173
0.009338454
0.009116475
0.009099444
0.009140747
0.009068715
0.009097048
0.009340277
0.009125590
0.009245329
0.009114653
0.009110694
0.009318297
0.009103715
0.009089705
0.009082309
0.009230590
0.009164548
0.009087777
0.009221110
0.009299913
0.009218975
0.009100434
0.009060799
0.009297777
0.009099861
0.009149913
0.009071892
0.009105955
0.009204392
0.009119288
0.009060330
0.009101944
0.009084497
0.009127517
0.009105018
0.009068455
0.009086059
0.009074549
0.009193559
0.009111579
0.009334235
0.009279600
0.009299443
0.009111996
0.009090226
0.009096424
0.009084601
0.009210642
0.009328974
0.009092413
0.009131267
0.009145903
0.009133142
0.009075798
0.009201840
0.009187517
0.009153976
0.009168246
0.009130330
0.009144913
0.009165277
0.009176162
0.009203141
0.009127048
0.009124913
0.009277881
0.009150382
0.009093976
0.009099965
0.009131215
0.009106736
0.009234131
0.009065643
0.009122569
0.009084289
0.009095694
0.009167205
0.009190277
0.009328141
0.009104861
0.009288402
0.009146215
0.009166684
0.009160226
0.009106840
0.009159079
0.009135330
0.009150590
0.009063090
0.009306214
