0.014121242
0.009799646
0.009929333
0.010070217
0.009724750
0.009869020
0.009723657
0.009782303
0.009825375
0.009941520
0.009996051
0.009733449
0.009904854
0.009780167
0.009696469
0.009787563
0.009792198
0.010061155
0.009717927
0.009799750
0.009861521
0.009909385
0.009702615
0.009845010
0.009767875
0.009811625
0.009766782
0.009673501
0.009804906
0.009997406
0.009933812
0.009735271
0.009885063
0.009858448
0.009836105
0.009888552
0.009763552
0.009807250
0.009674177
0.009846260
0.009714855
0.009791157
0.009826625
0.009825635
0.009865376
0.009889073
0.009766001
0.009754803
0.009839958
0.009841053
0.009828761
0.009864542
0.009789855
0.009809125
0.009888084
0.009806052
0.010084488
0.009780584
0.009791000
0.009819906
0.010023656
0.009755063
0.009779334
0.009922355
0.009757928
0.009641887
0.009887199
0.009734594
0.009753188
0.009813813
0.009741053
0.009816261
0.009870583
0.009737042
0.009806574
0.009774074
0.009777043
0.009699283
0.009791574
0.009785116
0.009785636
0.009703189
0.009853031
0.010074073
0.009808761
0.009748449
0.009922927
0.009732616
0.009959177
0.009816887
0.009879438
0.009718293
0.009915115
0.009771469
0.009718657
0.009853293
0.009683137
0.009760168
0.009797980
0.009832199
0.009848762
0.009707199
0.009718033
0.009771105
0.009825428
0.009733189
0.009752667
0.009869699
0.009873188
0.009794699
0.010260843
0.009901001
0.009947928
0.009802407
0.009715689
0.009771626
0.009803761
0.009967823
0.009753189
0.009689075
0.009840949
0.009819490
0.009855220
0.009673449
0.009943605
0.009846626
0.009761158
0.009775584
0.009723866
0.009736262
0.009895792
0.009844751
0.009773605
0.009811418
0.009936366
0.009848293
0.009881418
0.009707043
0.009771783
0.009836209
0.009866105
0.009890428
0.009739908
0.009705741
0.009859856
0.009789855
0.009880063
0.009753242
0.009741158
0.009787252
0.009967250
0.009792824
0.009965271
0.009720585
0.009934178
0.009778658
0.009790637
0.009771939
0.009810272
0.009752981
0.009776783
0.009880116
0.009736315
0.009746367
0.009876574
0.009743919
0.009934074
0.009831314
0.009833762
0.009768814
0.009795533
0.009887980
0.009732513
0.009922511
0.009856939
0.009988970
0.009802668
0.009825637
0.009790742
0.009964491
0.009822252
0.009813502
0.009676210
0.009840377
0.009929543
0.009742877
0.009747356
0.009753086
0.009848658
0.009732513
0.009789440
0.009745325
0.009907147
0.009789752
0.009845637
0.009720585
0.009822200
0.009826992
0.009753815
0.009771523
0.009820325
0.009844960
0.009755846
0.009762929
0.009716210
0.009799908
0.009763502
0.009747825
0.009728554
0.009739439
0.009946783
0.009777044
0.010012824
0.009677044
0.009677565
0.009693815
0.009844335
0.009796367
0.009815846
0.009735638
0.009803866
0.009704023
0.009712930
0.009727305
0.009719909
0.009791523
0.009716263
0.009713919
0.009870741
0.009752356
0.009801471
0.009740638
0.009892617
0.009876470
0.009790638
0.009785534
0.009787356
0.009744128
0.009869335
0.009869648
0.009852200
0.009848971
0.009928919
0.009809023
0.009769127
0.009856939
0.010001054
0.009789180
0.009802929
0.009739961
0.009875273
0.009836419
0.009736002
0.009743763
0.009985585
0.009732253
0.009776627
0.009753398
0.009848867
0.009779388
0.009788763
0.009981053
0.009844179
0.009766628
0.009752565
0.009762825
0.009757982
0.009959231
0.009817981
0.009942409
0.009863190
0.009844388
0.009720482
0.009716159
0.009878033
0.009917356
0.009735169
0.009802617
0.009695065
0.009799024
0.009727982
0.009754388
0.009713555
0.009823450
0.009751420
0.009745743
0.009822305
0.009809336
0.009752565
0.009811054
0.009772305
0.009921887
0.009845221
0.009774857
0.009753243
0.009784649
0.009683191
0.009761836
0.009972409
0.009752618
0.009917512
0.009800273
0.009965481
0.009755639
0.009877461
0.009887878
0.009874075
0.009863346
0.009732149
0.009956523
0.009837670
0.009756576
0.009922096
0.009834961
0.009869961
0.009738920
0.009785274
0.009815794
0.009976940
0.009742722
0.009697878
0.009721264
0.009762983
0.009729754
0.009860743
0.009774909
0.009745951
0.009717827
0.009810430
0.009908502
0.009875169
0.009830430
0.009913034
0.009730691
0.009973972
0.009764858
0.009789805
0.009928867
0.009888920
0.009711577
0.009809388
0.009853971
0.009747306
0.009752254
0.009816108
0.009753295
0.009752618
0.009688921
0.009862878
0.009768400
0.009668139
0.009867982
0.009869023
0.009690170
0.009975950
0.009773711
0.009859493
0.009793399
0.009891888
0.009781889
0.009796732
0.009781941
0.009711472
0.009878034
0.009736524
0.009829701
0.009863920
0.009810430
0.009792097
0.009776732
0.009828764
0.009951263
0.009852930
0.009781212
0.009811211
0.009896576
0.009779858
0.009833138
0.009966784
0.009769857
0.009901471
0.009716993
0.010009753
0.009775535
0.009742618
0.009746941
0.009733504
0.009887618
0.009724389
0.009941576
0.009798607
0.009761003
0.009842097
0.009774128
0.009895066
0.009906368
0.009842046
0.009807878
0.009743400
0.009737983
0.009890638
0.009897774
0.009740327
0.009779077
0.009864493
0.009722826
0.009762358
0.009732670
0.009775379
0.009753399
0.009747670
0.009840118
0.009735952
0.009893347
0.009802983
0.009777671
0.009994701
0.009909701
0.009748244
0.009751941
0.009774806
0.009724181
0.009898503
0.009765067
0.009706682
0.009701213
0.010023243
0.009790222
0.009920327
0.009801368
0.009881733
0.009842045
0.009695223
0.009775639
0.009803400
0.009766681
0.009777462
0.009743504
0.009937201
0.009768452
0.009841628
0.009951367
0.009917982
0.009738712
0.009842254
0.009837931
0.009834441
0.009910482
0.009799285
0.009705275
0.009842827
0.009792045
0.009800536
0.009710587
0.009887671
0.009825900
0.009739078
0.009749233
0.009872566
0.009793244
0.009710536
0.010001316
0.009852515
0.009779962
0.009813191
0.009704598
0.009743348
0.009712515
0.009949962
0.009815535
0.009930483
0.010032982
0.009832410
0.009874285
0.009913556
0.009782411
0.009862983
0.009777098
0.009718869
0.009859442
0.009810171
0.009829390
0.009891785
0.009763244
0.009878295
0.009852307
0.009682254
0.009733401
0.009765692
0.009770692
0.009696786
0.009776265
0.009808608
0.009753453
0.009816889
0.009825067
0.010086993
0.009864754
0.009720900
0.009837514
0.009829286
0.009874337
0.009763400
0.009671995
0.009759182
0.009735692
0.009813609
0.009946993
0.009871785
0.009713870
0.009856526
0.009707099
0.009782880
0.009839234
0.009757984
0.010024806
0.009703141
0.009747203
0.009752828
0.009894598
0.009779182
0.009717307
0.009791734
0.009797462
0.010009858
0.009768661
0.009781265
0.009683713
0.009747099
0.009814858
0.009770848
0.009804129
0.009735172
0.009840015
0.009789755
0.009775327
0.009809442
0.009754702
0.009841056
0.009903035
0.009841421
0.009788870
0.009773245
0.009751161
0.009722412
0.009751317
0.009995848
0.009797463
0.009791630
0.009772516
0.009970327
0.009745380
0.009844806
0.009779078
0.010009390
0.009706162
0.009817828
0.009935640
0.009648349
0.009746578
0.009764391
0.009723505
0.009799963
0.009698557
0.009839494
0.009771838
0.009887463
0.009806422
0.009873817
0.009996264
0.009845640
0.009779546
0.009943401
0.009777150
0.010039963
0.009772307
0.009844598
0.009784495
0.009853036
0.009867776
0.009719912
0.009751109
0.009779547
0.009755849
0.009891526
0.009857463
0.009758817
0.009878922
0.009777932
0.009756891
0.009708870
0.009736734
0.009827880
0.009907724
0.009789026
0.009768401
0.009980380
0.009905120
0.009856474
0.009738610
0.009859234
0.009752308
0.009945223
0.009847984
0.009769859
0.009826578
0.009912932
0.009770588
0.009746631
0.009833973
0.009798870
0.009748609
0.009985119
0.009777203
0.009771630
0.009731943
0.009715901
0.009816526
0.009854390
0.009770067
0.009922202
0.009797151
0.009746526
0.009849911
0.009789338
0.009776214
0.009691735
0.009821109
0.009920068
0.009701057
0.009849599
0.009756370
0.009920692
0.009748818
0.009907672
0.009721318
0.009809547
0.009775485
0.009721735
0.009750120
0.009766109
0.009726057
0.010047411
0.009789755
0.009719443
0.009899546
0.009902411
0.009702620
0.009855276
0.009819183
0.009711006
0.009776370
0.009769547
0.009847047
0.009899860
0.010560430
0.009754808
0.009766631
0.009752777
0.009684443
0.009852984
0.009799964
0.009882151
0.010044494
0.009899912
0.009952203
0.009789079
0.009804391
0.009769808
0.009980901
0.009968401
0.009753870
0.009757672
0.009831266
0.009833818
0.009752985
0.009908349
0.009884860
0.009750485
0.009799860
0.009744236
0.009885120
0.009743610
0.009985484
0.009881474
0.009807203
0.009795224
0.009785798
0.009762048
0.009900693
0.009787881
0.009783558
0.009737621
0.009714599
0.009698402
0.009933193
0.009734704
0.009741683
0.009845173
0.009958713
0.009739131
0.010000849
0.009699235
0.009787725
0.009773246
0.009810849
0.009741475
0.009911838
0.009711839
0.009764027
0.009787308
0.009755590
0.009957776
0.009810745
0.009757933
0.009794443
0.009846526
0.009930120
0.009886526
0.009766943
0.009714548
0.009785902
0.009973974
0.009766944
0.009797100
0.009849703
0.009870850
0.009772516
0.009761840
0.009793246
0.009959287
0.009783194
0.009748454
0.009793662
0.009784756
0.009705433
0.009734809
0.009887308
0.009691580
0.009768402
0.009720225
0.009894391
0.009934131
0.009731735
0.009666267
0.009753403
0.009733663
0.009779131
0.009889391
0.009873610
0.009861267
0.009830641
0.009860485
0.010016683
0.009973974
0.009736215
0.009812621
0.009754652
0.009715173
0.009760538
0.009872465
0.009844131
0.009760538
0.010250797
0.009829026
0.009750538
0.009741892
0.009891006
0.009732309
0.009722361
0.009723975
0.009739444
0.009675121
0.009704444
0.009969860
0.009754548
0.009875797
0.009853507
0.009761475
0.009890329
0.009919235
0.009781215
0.009924131
0.009858089
0.009862777
0.009809756
0.009773663
0.009753246
0.009863245
0.009771528
0.009847308
0.009799287
0.009713871
0.009728350
0.009811215
0.009767464
0.009828975
0.009944860
0.009737205
0.009771059
0.009886787
0.009819392
0.009838506
0.009827204
0.009726997
0.009771059
0.009725329
0.009705695
0.009816267
0.010012985
0.009775329
0.009857725
0.009954078
0.009829444
0.009733143
0.009866944
0.009804601
0.009938193
0.009761996
0.009961475
0.009910433
0.009744183
0.009884288
0.009791475
0.009937048
0.009818611
0.009756580
0.009679497
0.009761735
0.009776788
0.009827048
0.009857777
0.009824704
0.009714028
0.009807673
0.009773819
0.009774705
0.009875017
0.009802882
0.009809184
0.009752777
0.009770903
0.009753820
0.009896943
0.009792465
0.009744288
0.009750955
0.009774079
0.009869444
0.009838610
0.009778611
0.009809392
0.009912256
0.009812049
0.009810382
0.009734653
0.009685590
0.009970746
0.009897308
0.009798768
0.009865330
0.009789236
0.009732882
0.009735121
0.009784340
0.009809601
0.009732101
0.009649914
0.009786424
0.009961475
0.009874548
0.009802674
0.009731788
0.009746424
0.009933558
0.009835017
0.009875121
0.009780850
0.009806006
0.009769601
0.009732518
0.009778663
0.010007569
0.009773090
0.009794236
0.009824965
0.009913611
0.009873871
0.009817413
0.009790487
0.009888715
0.009751528
0.009861840
0.009833350
0.009730643
0.009718351
0.009752726
0.009868194
0.009710330
0.009908923
0.009957204
0.009752518
0.009798455
0.009904548
0.009725903
0.009756476
0.009886007
0.009753247
0.009844131
0.009897726
0.009815069
0.009796476
0.009781580
0.009780017
0.009891944
0.009793924
0.010031840
0.009745590
0.009798924
0.009792986
0.009853924
0.009882725
0.009739757
0.009793247
0.009730955
0.009771163
0.009918975
0.009714810
0.009779549
0.009986371
0.009871215
0.009760643
0.009922204
0.009796424
0.009893924
0.009669445
0.009876580
0.009726580
0.009739601
0.009714185
0.009857048
0.009809965
0.009805278
0.009713038
0.009722205
0.009850226
0.009804757
0.009759965
0.009739497
0.009781789
0.009996007
0.009984340
0.010017308
0.009771736
0.009841163
0.009796632
0.009804757
0.009739601
0.009824132
0.009947048
0.009850122
0.009785695
0.009731945
0.009949705
0.009720435
0.009790538
0.009869341
0.009768976
0.009889028
0.009765331
0.009750018
0.009770591
0.010001528
0.009802986
0.009801372
0.009989496
0.009782726
0.009788664
0.009770851
0.009778663
0.009714029
0.009708924
0.009874444
0.009823404
0.009886059
0.009748612
0.009766893
0.009803820
0.009761424
0.009844341
0.009769237
0.009778507
0.009845903
0.009737830
0.009790174
0.009853299
0.009948975
0.009797779
0.009684133
0.009750800
