1.82
1,794,406
740,488
0.004394568
1.72
1,690,359
732,102
0.004432798
1.78
1,752,271
742,529
0.004351339
1.78
1,749,185
734,828
0.004331600
1.72
1,688,364
728,902
0.004438787
1.78
1,753,413
740,049
0.004349464
1.72
1,692,633
732,429
0.004398684
1.81
1,788,014
748,387
0.004365506
1.80
1,777,239
738,316
0.004386705
1.69
1,661,461
720,168
0.004442486
1.81
1,783,372
741,513
0.004394569
1.72
1,688,611
732,493
0.004453527
1.70
1,670,836
726,722
0.004354204
1.78
1,755,787
742,481
0.004350767
1.83
1,807,647
738,321
0.004453215
1.78
1,756,940
733,644
0.004401340
1.78
1,757,695
733,639
0.004379309
1.72
1,686,117
724,027
0.004369986
1.79
1,764,217
741,434
0.004354518
1.71
1,685,044
729,144
0.004392694
1.71
1,682,055
729,044
0.004422277
1.78
1,757,267
747,479
0.004411965
1.71
1,678,483
727,720
0.004376445
1.80
1,773,831
742,993
0.004399934
1.79
1,765,759
736,909
0.004358476
1.72
1,689,945
727,954
0.004415455
1.78
1,750,122
740,658
0.004356705
1.77
1,739,104
741,033
0.004368684
1.75
1,720,038
725,052
0.004414153
1.80
1,773,327
741,545
0.004398215
1.70
1,676,141
728,533
0.004413163
1.81
1,788,197
746,566
0.004419048
1.78
1,753,675
731,205
0.004377486
1.77
1,745,741
732,888
0.004363215
1.70
1,667,785
725,320
0.004425455
1.76
1,735,852
733,328
0.004398476
1.70
1,674,895
725,973
0.004434726
1.77
1,745,872
738,073
0.004362383
1.70
1,670,602
725,736
0.004428528
1.80
1,774,285
741,016
0.004400872
1.81
1,778,847
737,615
0.004395977
1.70
1,676,123
730,017
0.004415299
1.77
1,745,373
730,686
0.004411706
1.70
1,670,477
721,950
0.004364779
1.77
1,746,211
732,921
0.004325352
1.70
1,677,205
727,394
0.004397695
1.79
1,766,566
738,046
0.004380508
1.79
1,767,147
740,064
0.004434466
1.80
1,769,921
735,248
0.004372591
1.71
1,686,992
729,658
0.004449883
1.72
1,691,351
728,418
0.004460508
1.78
1,751,715
739,317
0.004367331
1.71
1,680,885
728,521
0.004437331
1.79
1,762,691
736,308
0.004404466
1.72
1,689,638
732,336
0.004390300
1.79
1,759,837
734,295
0.004399154
1.82
1,787,438
737,379
0.004445665
1.71
1,681,546
732,134
0.004369414
1.78
1,758,593
735,089
0.004355352
1.70
1,668,964
724,579
0.004428842
1.71
1,678,513
727,780
0.004419050
1.78
1,754,917
740,408
0.004368009
1.70
1,676,302
724,641
0.004406602
1.70
1,674,320
723,178
0.004445196
1.78
1,757,373
737,195
0.004378946
1.73
1,697,360
735,566
0.004490300
1.70
1,670,121
725,193
0.004448529
1.70
1,677,355
725,494
0.004371134
1.76
1,735,782
734,455
0.004324519
1.71
1,676,175
726,150
0.004347071
1.78
1,754,603
741,107
0.004382383
1.72
1,692,923
730,534
0.004386967
1.82
1,797,179
741,503
0.004413686
1.72
1,691,333
731,093
0.004413322
1.79
1,756,453
731,877
0.004350665
1.79
1,766,173
738,065
0.004371550
1.71
1,679,991
731,124
0.004400560
1.72
1,688,507
726,035
0.004369988
1.72
1,689,383
733,062
0.004377488
1.70
1,670,241
723,844
0.004386551
1.80
1,771,743
737,483
0.004408426
1.72
1,692,823
728,408
0.004355093
1.78
1,757,549
741,038
0.004417175
1.71
1,684,379
727,489
0.004424676
1.78
1,753,023
736,037
0.004378165
1.76
1,735,285
740,014
0.004381395
1.74
1,709,389
734,642
0.004398426
1.80
1,773,759
733,167
0.004372697
1.79
1,764,685
734,088
0.004379989
1.70
1,672,461
724,865
0.004454519
1.78
1,750,273
735,293
0.004394572
1.79
1,765,578
737,374
0.004356603
1.71
1,679,789
723,845
0.004361811
1.79
1,765,521
741,026
0.004401447
1.71
1,676,796
726,799
0.004374572
1.71
1,681,684
720,099
0.004376655
1.79
1,769,721
734,705
0.004384572
1.79
1,766,751
742,042
0.004398478
1.73
1,701,993
732,847
0.004428478
1.72
1,697,707
731,618
0.004345822
1.78
1,757,535
736,375
0.004360979
1.81
1,786,203
741,904
0.004386082
1.71
1,688,349
734,196
0.004451604
1.72
1,689,081
729,905
0.004369937
1.81
1,783,685
740,280
0.004415926
1.71
1,680,595
731,163
0.004470458
1.71
1,688,757
728,437
0.004379728
1.80
1,775,079
737,572
0.004387124
1.70
1,673,641
726,852
0.004448114
1.79
1,756,849
740,593
0.004398895
1.71
1,686,007
729,269
0.004473426
1.77
1,745,554
736,804
0.004338635
1.82
1,795,821
743,890
0.004433947
1.80
1,774,323
744,769
0.004390927
1.78
1,749,452
731,384
0.004377906
1.71
1,679,223
725,110
0.004419573
1.76
1,734,813
732,508
0.004325042
1.79
1,767,231
742,538
0.004387229
1.79
1,765,537
742,390
0.004380979
1.78
1,751,849
736,736
0.004339156
1.82
1,795,968
743,471
0.004417333
1.71
1,681,577
729,555
0.004460094
1.79
1,764,441
736,845
0.004371396
1.71
1,690,633
733,762
0.004512072
1.72
1,692,741
729,697
0.004502385
1.74
1,718,377
729,550
0.004459625
1.72
1,690,623
728,882
0.004398166
1.71
1,681,680
726,866
0.004411708
1.81
1,779,353
739,125
0.004359729
1.72
1,691,957
732,995
0.004390771
1.77
1,744,569
735,293
0.004368375
1.80
1,773,356
740,801
0.004343896
1.71
1,684,213
727,034
0.004443271
1.71
1,684,909
730,636
0.004452229
1.72
1,690,160
730,714
0.004370407
1.77
1,742,447
733,294
0.004365771
1.81
1,787,027
740,248
0.004422125
1.71
1,685,025
728,944
0.004389208
1.76
1,737,191
734,001
0.004360146
1.73
1,705,795
736,538
0.004441656
1.78
1,757,373
741,680
0.004382594
1.88
1,854,999
750,904
0.004452490
1.77
1,743,741
734,998
0.004332282
1.82
1,788,747
736,268
0.004413011
1.80
1,776,560
739,425
0.004348844
1.70
1,672,057
728,851
0.004436605
1.72
1,695,197
729,952
0.004345458
1.71
1,686,893
727,982
0.004381761
1.80
1,769,391
738,973
0.004380198
1.77
1,738,583
735,919
0.004387334
1.80
1,774,350
743,476
0.004393948
1.79
1,766,397
735,953
0.004317647
1.81
1,781,839
739,565
0.004385094
1.73
1,696,431
730,225
0.004473375
1.80
1,767,531
732,216
0.004367022
1.79
1,768,401
736,928
0.004354470
1.69
1,671,362
726,039
0.004454417
1.71
1,683,483
729,564
0.004380302
1.80
1,771,019
741,873
0.004373584
1.79
1,759,383
736,333
0.004365563
1.81
1,787,189
745,529
0.004383532
1.80
1,774,831
738,654
0.004407021
1.78
1,750,917
738,513
0.004360720
1.77
1,749,708
730,682
0.004367334
1.71
1,681,495
724,945
0.004412334
1.81
1,779,219
744,141
0.004423792
1.81
1,782,793
744,044
0.004388011
1.70
1,678,840
724,669
0.004470303
1.81
1,778,633
737,474
0.004405147
1.80
1,771,249
741,207
0.004409574
1.77
1,742,217
738,432
0.004344783
1.79
1,758,079
732,678
0.004388324
1.70
1,680,527
727,370
0.004474418
1.81
1,781,999
744,906
0.004399887
1.78
1,752,847
739,246
0.004363168
1.70
1,681,713
727,539
0.004510563
1.79
1,759,405
736,114
0.004361136
1.72
1,687,139
734,570
0.004477595
1.83
1,803,621
742,290
0.004401553
1.70
1,672,879
726,171
0.004398428
1.72
1,696,437
728,570
0.004384470
1.69
1,663,411
725,181
0.004418688
1.79
1,761,489
740,641
0.004366084
1.81
1,783,277
742,634
0.004363637
1.71
1,682,743
727,481
0.004409209
1.72
1,689,777
730,205
0.004380928
1.81
1,787,499
744,575
0.004405980
1.80
1,774,832
743,303
0.004393637
1.79
1,759,497
738,121
0.004386188
1.71
1,687,467
728,571
0.004452438
1.78
1,753,115
739,486
0.004335616
1.82
1,787,577
739,137
0.004389158
1.72
1,695,447
733,903
0.004467699
1.78
1,756,699
738,528
0.004388168
1.72
1,689,697
729,863
0.004472282
1.70
1,675,741
724,640
0.004334053
1.80
1,768,979
737,509
0.004356866
1.71
1,680,869
729,459
0.004452283
1.79
1,768,454
743,341
0.004372439
1.82
1,790,814
738,284
0.004405147
1.78
1,752,253
734,916
0.004353532
1.71
1,682,383
729,378
0.004363272
1.72
1,691,977
728,759
0.004365095
1.80
1,776,249
735,713
0.004387803
1.79
1,767,867
736,756
0.004360512
1.71
1,679,827
733,347
0.004397282
1.72
1,689,189
730,734
0.004347491
1.80
1,777,951
737,199
0.004361709
1.79
1,763,293
739,845
0.004387752
1.81
1,781,131
747,212
0.004394835
1.71
1,682,895
727,440
0.004386710
1.79
1,759,321
735,757
0.004365408
1.69
1,664,389
720,654
0.004398793
1.78
1,749,941
738,165
0.004354731
1.78
1,755,905
734,372
0.004346554
1.79
1,766,403
737,731
0.004366345
1.79
1,768,104
737,847
0.004357960
1.72
1,692,111
728,454
0.004369939
1.72
1,690,400
730,278
0.004404940
1.71
1,682,657
725,647
0.004470564
1.78
1,760,761
738,238
0.004370876
1.71
1,678,653
729,206
0.004418845
1.79
1,761,135
743,283
0.004369731
1.79
1,765,639
738,267
0.004377648
1.70
1,676,667
726,672
0.004453220
1.70
1,675,236
725,241
0.004366450
1.81
1,787,069
739,838
0.004400096
1.77
1,748,375
737,051
0.004335929
1.80
1,768,867
731,137
0.004356606
1.70
1,669,813
724,555
0.004472178
1.80
1,773,191
741,043
0.004427022
1.78
1,758,145
732,824
0.004361190
1.71
1,680,029
727,106
0.004398221
1.79
1,761,459
740,439
0.004388689
1.70
1,678,977
727,271
0.004471867
1.79
1,760,769
738,101
0.004354471
1.79
1,760,727
736,864
0.004365043
1.76
1,740,014
737,377
0.004466033
1.71
1,684,852
727,015
0.004478794
1.81
1,778,311
740,519
0.004394575
1.70
1,674,918
724,002
0.004378221
1.78
1,749,535
738,726
0.004322596
1.72
1,690,785
726,506
0.004404679
1.72
1,694,389
727,162
0.004363481
1.79
1,761,123
734,060
0.004375356
1.80
1,775,271
741,418
0.004387648
1.71
1,692,196
734,015
0.004494783
1.80
1,775,157
736,781
0.004390617
1.78
1,747,918
735,429
0.004366919
1.79
1,760,106
740,850
0.004370357
1.82
1,791,511
742,754
0.004378794
1.71
1,680,329
724,751
0.004448533
1.79
1,768,941
737,685
0.004362752
1.77
1,748,315
731,169
0.004377752
1.79
1,760,865
740,319
0.004372752
1.81
1,779,487
734,038
0.004413950
1.74
1,709,211
735,701
0.004487595
1.80
1,775,147
732,398
0.004368377
1.69
1,659,697
719,793
0.004415200
1.79
1,762,049
737,209
0.004385565
1.71
1,684,401
726,433
0.004413378
1.79
1,759,981
740,612
0.004391659
1.83
1,785,479
745,014
0.004448846
1.77
1,745,237
735,669
0.004354211
1.79
1,765,577
737,636
0.004377804
1.79
1,760,756
739,164
0.004357596
1.69
1,660,753
722,794
0.004425356
1.79
1,764,912
733,883
0.004358377
1.71
1,680,755
725,930
0.004417284
1.71
1,679,381
727,907
0.004441554
1.78
1,753,420
735,007
0.004332284
1.71
1,683,185
728,657
0.004459783
1.70
1,671,813
722,520
0.004459888
1.72
1,691,245
732,168
0.004402075
1.79
1,767,675
735,336
0.004381554
1.69
1,663,789
726,945
0.004359003
1.79
1,769,429
732,644
0.004368951
1.72
1,694,927
732,246
0.004453325
1.79
1,765,309
734,976
0.004372596
1.71
1,681,993
723,738
0.004378638
1.78
1,753,991
739,272
0.004404992
1.71
1,687,431
730,942
0.004381763
1.70
1,675,833
729,267
0.004410930
1.79
1,761,083
733,598
0.004370929
1.79
1,764,427
737,913
0.004357023
1.81
1,783,667
748,712
0.004374732
1.81
1,788,069
748,400
0.004375357
1.70
1,677,323
726,466
0.004387388
1.79
1,758,373
736,668
0.004342388
1.72
1,696,661
730,609
0.004484210
1.78
1,757,905
737,658
0.004352180
1.76
1,737,373
733,941
0.004406190
1.72
1,693,899
727,334
0.004461919
1.80
1,773,239
740,095
0.004353169
1.81
1,786,939
738,474
0.004412128
1.71
1,684,908
726,402
0.004420356
1.70
1,677,369
724,444
0.004459107
1.71
1,684,369
730,341
0.004452388
1.71
1,679,443
721,824
0.004445670
1.77
1,742,465
734,902
0.004362388
1.71
1,679,405
724,224
0.004340461
1.79
1,762,924
742,651
0.004371398
1.80
1,770,569
739,507
0.004379211
1.70
1,668,625
724,449
0.004385252
1.71
1,675,821
722,541
0.004360513
1.79
1,768,053
739,167
0.004381607
1.76
1,735,620
735,466
0.004343274
1.70
1,675,548
725,052
0.004387128
1.80
1,771,397
743,552
0.004395826
1.78
1,749,667
741,532
0.004357388
1.80
1,772,651
742,294
0.004402284
1.73
1,697,591
727,810
0.004469263
1.79
1,761,811
735,293
0.004353170
1.71
1,685,743
729,981
0.004467701
1.79
1,762,719
736,549
0.004382232
1.73
1,706,313
732,750
0.004394212
1.78
1,758,021
733,591
0.004356659
1.78
1,755,601
733,704
0.004369055
1.81
1,780,599
743,837
0.004378847
1.70
1,679,267
724,329
0.004391346
1.78
1,756,735
737,290
0.004350565
1.78
1,756,872
740,896
0.004377284
1.79
1,759,518
739,511
0.004326660
1.70
1,675,685
722,223
0.004444888
1.79
1,762,993
736,864
0.004370409
1.71
1,684,685
725,971
0.004363482
1.85
1,824,203
745,752
0.004436503
1.71
1,683,837
728,312
0.004405044
1.79
1,766,093
736,697
0.004381711
1.73
1,705,081
733,346
0.004441971
1.72
1,694,527
727,627
0.004394837
1.72
1,695,171
728,945
0.004479263
1.69
1,662,026
721,521
0.004409628
1.76
1,737,690
735,733
0.004324367
1.81
1,787,769
744,077
0.004411295
1.70
1,672,968
727,364
0.004380774
1.79
1,767,032
738,060
0.004381190
1.80
1,772,047
744,140
0.004400357
1.72
1,690,685
727,321
0.004462753
1.80
1,769,443
738,748
0.004394680
1.70
1,673,335
727,034
0.004408586
1.80
1,774,034
745,347
0.004394004
1.81
1,781,509
739,013
0.004425514
1.73
1,700,293
733,563
0.004411087
1.71
1,681,677
725,805
0.004409836
1.79
1,768,011
743,927
0.004409680
1.70
1,669,309
728,519
0.004416295
1.71
1,682,348
731,504
0.004458742
1.78
1,756,415
737,856
0.004360983
1.78
1,751,299
737,947
0.004354212
1.80
1,770,895
738,217
0.004370774
1.69
1,668,509
727,273
0.004378691
1.79
1,762,575
739,217
0.004403482
1.71
1,681,679
732,428
0.004422493
1.79
1,767,507
738,005
0.004385670
1.76
1,731,895
733,257
0.004329420
1.71
1,686,629
730,018
0.004427754
1.72
1,693,095
731,835
0.004430149
1.83
1,801,462
744,500
0.004443847
1.78
1,747,897
740,689
0.004373222
1.71
1,683,787
727,865
0.004366920
1.73
1,698,901
735,616
0.004463899
1.79
1,758,539
739,859
0.004414784
1.72
1,687,806
726,962
0.004450514
1.80
1,776,748
742,225
0.004406347
1.71
1,679,063
733,695
0.004400983
1.80
1,774,455
736,937
0.004376972
1.71
1,687,185
727,211
0.004439629
1.78
1,749,027
735,026
0.004367545
1.72
1,691,538
732,070
0.004372805
1.80
1,769,486
744,384
0.004387389
1.70
1,668,769
724,521
0.004365254
1.70
1,676,429
725,608
0.004347181
1.72
1,694,589
733,625
0.004377284
1.80
1,770,454
736,743
0.004375878
1.72
1,689,677
727,225
0.004470722
1.79
1,766,837
741,151
0.004314056
1.71
1,680,336
727,187
0.004443847
1.79
1,764,313
742,580
0.004363431
1.70
1,669,053
727,729
0.004459837
1.72
1,690,879
726,049
0.004394004
1.77
1,743,399
738,875
0.004360306
1.79
1,762,989
731,776
0.004362337
1.71
1,690,213
728,438
0.004527076
1.70
1,670,773
722,984
0.004360201
1.73
1,698,261
730,571
0.004362701
1.72
1,696,601
733,732
0.004465826
1.77
1,741,324
735,511
0.004353118
1.70
1,668,175
722,355
0.004439212
1.71
1,685,499
727,558
0.004408170
1.80
1,777,993
738,723
0.004406764
1.71
1,678,457
726,610
0.004471087
1.80
1,778,172
738,468
0.004358639
1.71
1,681,999
729,578
0.004393326
1.74
1,710,885
741,141
0.004462962
1.76
1,733,245
732,557
0.004367129
1.72
1,689,450
727,945
0.004441191
1.77
1,736,082
735,657
0.004331399
1.81
1,778,979
736,991
0.004387337
1.69
1,666,705
720,166
0.004433951
1.72
1,688,945
728,993
0.004456035
1.78
1,748,079
734,696
0.004335358
1.70
1,670,224
727,795
0.004392753
1.71
1,685,243
724,818
0.004455254
1.78
1,752,869
735,359
0.004350305
1.71
1,680,497
728,752
0.004476660
1.81
1,781,157
737,885
0.004402597
1.71
1,681,051
725,972
0.004472805
1.71
1,679,614
726,250
0.004373378
1.79
1,763,131
738,340
0.004399524
1.78
1,751,700
743,291
0.004370723
1.72
1,692,033
727,049
0.004415046
1.70
1,674,037
726,671
0.004430827
1.80
1,773,033
744,837
0.004378327
1.79
1,762,069
737,931
0.004365410
1.71
1,680,819
726,091
0.004423379
1.79
1,759,321
739,386
0.004384628
1.80
1,776,497
740,981
0.004353171
1.79
1,768,547
737,171
0.004381139
1.78
1,758,300
737,229
0.004386035
1.69
1,667,582
724,249
0.004432337
1.78
1,752,652
740,017
0.004408378
1.81
1,787,190
744,132
0.004390358
1.71
1,685,951
727,312
0.004455306
1.70
1,674,887
726,470
0.004369004
1.79
1,765,153
736,414
0.004368483
1.70
1,667,623
725,896
0.004419212
1.77
1,742,888
735,879
0.004338952
1.71
1,682,391
726,247
0.004444056
1.81
1,770,427
741,649
0.004467962
1.79
1,762,001
733,974
0.004389889
1.71
1,687,633
727,166
0.004390827
1.70
1,675,782
725,357
0.004450670
1.79
1,760,138
743,234
0.004369264
1.72
1,687,772
727,592
0.004449993
1.71
1,679,971
725,315
0.004390514
1.70
1,677,537
724,602
0.004370462
1.79
1,767,049
739,389
0.004356816
1.79
1,761,657
738,070
0.004358535
1.71
1,682,279
722,454
0.004438691
1.77
1,745,967
732,839
0.004361504
1.78
1,752,260
734,737
0.004356556
1.71
1,684,534
730,733
0.004379161
1.71
1,685,005
724,340
0.004354421
1.76
1,731,643
734,709
0.004362077
1.70
1,667,884
726,776
0.004437598
1.80
1,777,697
738,042
0.004375045
1.72
1,693,239
727,121
0.004470462
1.79
1,765,309
736,965
0.004355931
1.71
1,680,961
729,207
0.004420983
1.79
1,764,635
742,836
0.004367598
1.77
1,745,216
731,511
0.004390358
1.70
1,672,022
723,684
0.004441764
1.71
1,681,379
729,268
0.004463483
1.78
1,754,447
731,326
0.004365566
1.79
1,766,111
737,843
0.004381244
1.69
1,659,663
720,873
0.004429317
1.78
1,759,015
739,743
0.004374212
1.81
1,780,955
748,603
0.004453900
1.78
1,752,453
738,255
0.004369681
1.77
1,748,619
735,470
0.004355515
1.73
1,698,111
730,554
0.004384785
1.79
1,762,489
733,970
0.004380879
1.70
1,676,631
725,920
0.004415306
1.78
1,749,970
737,842
0.004377337
1.71
1,683,759
732,544
0.004433639
1.82
1,788,767
745,644
0.004408795
1.70
1,674,197
724,657
0.004381920
1.78
1,755,421
738,303
0.004366348
1.71
1,683,075
729,169
0.004500306
1.79
1,764,681
736,793
0.004404629
1.71
1,677,343
728,225
0.004493326
1.70
1,669,065
726,206
0.004467858
1.70
1,668,645
723,855
0.004453640
1.79
1,765,031
740,788
0.004382077
1.70
1,672,347
724,578
0.004386817
1.71
1,686,171
728,125
0.004402806
1.79
1,766,091
739,752
0.004394629
1.81
1,783,277
739,960
0.004414838
1.70
1,676,429
726,909
0.004453326
1.70
1,678,007
727,533
0.004386400
1.72
1,692,938
728,638
0.004421192
1.79
1,766,225
738,739
0.004365723
1.71
1,684,427
727,366
0.004466869
1.79
1,765,315
736,403
0.004377286
1.79
1,761,875
735,643
0.004410515
1.84
1,811,953
746,804
0.004446920
1.72
1,693,183
728,326
0.004485149
1.77
1,746,271
729,369
0.004389942
1.71
1,687,029
727,324
0.004465931
1.81
1,782,767
742,492
0.004420254
1.79
1,762,931
740,747
0.004374316
1.70
1,676,429
727,568
0.004407545
1.80
1,769,997
744,906
0.004380098
1.80
1,767,821
737,233
0.004373432
1.71
1,686,747
727,112
0.004378848
1.80
1,775,368
736,707
0.004391243
1.70
1,676,673
729,891
0.004383796
1.70
1,675,637
730,192
0.004387911
1.77
1,744,571
739,375
0.004410932
1.82
366,880
166,706
0.004395286
1.85
364,875
166,691
0.001402492
1.81
365,011
166,680
0.000765048
1.82
364,696
166,662
0.000454112
1.81
365,213
166,698
0.000377602
1.72
364,061
166,685
0.004442629
1.69
359,479
166,706
0.002624203
1.72
364,988
166,668
0.004520910
1.72
363,013
166,692
0.004496744
1.70
359,893
166,657
0.004442265
1.84
364,364
166,699
0.004452317
1.70
362,933
166,700
0.000190936
1.70
358,320
166,708
0.002990919
1.71
361,166
166,673
0.004469087
1.71
364,372
166,660
0.004445703
1.73
365,722
166,701
0.004514713
1.70
362,266
166,701
0.004419401
1.71
363,814
166,674
0.004525494
1.72
362,258
166,692
0.004556952
1.72
360,261
166,699
0.004481171
1.83
368,433
166,704
0.004410182
1.81
367,083
166,688
0.000716767
1.71
361,320
166,715
0.004461380
1.85
362,698
166,699
0.000400727
1.81
366,278
166,660
0.000650412
1.71
364,503
166,705
0.004468723
1.71
360,250
166,673
0.004470911
1.69
362,384
166,670
0.000188801
1.83
369,174
166,688
0.001437492
1.81
368,316
166,679
0.001044577
1.82
369,031
166,693
0.004419921
1.70
364,301
166,688
0.004448150
1.67
360,663
166,681
0.002981441
1.72
359,065
166,690
0.004522630
1.71
367,507
166,704
0.000165415
1.82
371,494
166,691
0.000947546
1.80
366,510
166,701
0.000699423
1.78
367,044
166,692
0.000690986
1.82
357,198
166,689
0.001633376
1.82
369,219
166,696
0.004396380
1.84
363,671
166,693
0.000336665
1.73
364,263
166,668
0.004485442
1.73
362,247
166,690
0.004498567
1.71
361,598
166,678
0.004478723
1.69
358,572
166,678
0.002888369
1.81
355,361
166,701
0.001958635
1.70
360,013
166,684
0.002041967
1.70
355,016
166,699
0.002629151
1.74
361,228
166,708
0.002440975
1.83
373,075
166,705
0.004437109
1.79
360,744
166,677
0.001839520
1.71
364,055
166,661
0.004421172
1.69
356,950
166,665
0.002720922
1.68
360,199
166,685
0.002937795
1.70
362,397
166,721
0.003061388
1.69
359,748
166,708
0.003024878
1.70
361,401
166,694
0.004488620
1.72
362,425
166,703
0.004482838
1.71
362,071
166,694
0.004460026
1.81
368,446
166,668
0.004372005
1.84
367,444
166,695
0.000449372
1.72
366,603
166,675
0.004502786
1.71
362,223
166,679
0.004463412
1.72
361,426
166,699
0.004521692
1.83
366,854
166,717
0.001338117
1.84
368,013
166,676
0.001085046
1.82
362,636
166,690
0.000319478
1.84
367,530
166,668
0.001314888
1.82
364,991
166,657
0.000413175
1.82
369,748
166,692
0.004388411
1.70
358,418
166,700
0.002196394
1.80
359,842
166,661
0.001603376
1.83
363,465
166,680
0.000295831
1.81
371,699
166,680
0.000871297
1.82
369,473
166,686
0.000581299
1.69
358,389
166,685
0.002286445
1.71
360,049
166,646
0.004434349
1.72
363,950
166,663
0.004455599
1.71
367,034
166,671
0.004413256
1.84
365,956
166,720
0.000316404
1.80
367,532
166,680
0.000794839
1.82
365,479
166,655
0.000499788
1.72
363,542
166,689
0.004512473
1.72
360,697
166,683
0.004431797
1.81
360,935
166,694
0.001600512
1.83
369,028
166,694
0.001191764
1.80
366,265
166,662
0.000395519
1.72
361,283
166,671
0.004502526
1.84
366,582
166,685
0.004442318
1.82
368,429
166,697
0.000998380
1.84
368,748
166,659
0.001401450
1.69
355,947
166,680
0.002053478
1.71
363,466
166,656
0.004385548
1.83
369,408
166,697
0.000894370
1.81
365,381
166,685
0.000603382
1.81
371,598
166,709
0.000893381
1.72
365,440
166,690
0.004469401
1.72
364,814
166,701
0.004464402
1.82
372,187
166,721
0.004432058
1.71
364,173
166,687
0.004463724
1.72
363,065
166,673
0.004482630
1.81
366,045
166,714
0.000558538
1.81
362,687
166,690
0.000475675
1.72
363,865
166,692
0.004540235
1.69
360,788
166,701
0.003030607
1.72
364,302
166,668
0.004448412
1.69
357,272
166,693
0.002841858
1.71
363,438
166,724
0.004452995
1.83
367,402
166,673
0.004422370
1.80
369,427
166,696
0.000955567
1.82
359,995
166,690
0.000493278
1.84
364,968
166,682
0.001043588
1.79
365,600
166,671
0.000781506
1.70
363,082
166,689
0.004468152
1.72
368,137
166,695
0.004452943
1.70
357,526
166,695
0.002766599
1.68
359,511
166,650
0.002923473
1.70
360,335
166,698
0.002640662
1.83
366,522
166,680
0.004428725
1.84
367,154
166,697
0.001145619
1.80
354,168
166,660
0.001880458
1.84
369,839
166,714
0.000804110
1.72
365,165
166,664
0.004439246
1.71
364,124
166,673
0.004457319
1.70
363,695
166,671
0.000197811
1.81
369,710
166,697
0.000786871
1.72
363,054
166,676
0.004494453
1.73
359,055
166,707
0.004528568
1.83
368,659
166,710
0.004431381
1.73
364,633
166,696
0.004414766
1.72
366,136
166,672
0.004454975
1.72
364,577
166,678
0.004481849
1.84
365,653
166,746
0.001549262
1.80
367,371
166,684
0.000370571
1.71
362,759
166,695
0.004456120
1.73
362,450
166,654
0.004476277
1.82
368,681
166,701
0.000880880
1.79
365,491
166,699
0.000244165
1.82
368,434
166,696
0.004396225
1.69
363,507
166,721
0.002909462
1.70
360,203
166,693
0.002646808
1.84
359,048
166,691
0.001833166
1.82
358,309
166,686
0.001848427
1.81
364,750
166,721
0.000636247
1.71
360,874
166,718
0.002362122
1.82
362,354
166,685
0.001345201
1.73
363,640
166,696
0.004513568
1.69
358,941
166,679
0.003073004
1.81
366,879
166,680
0.004424923
1.85
368,033
166,665
0.001389783
1.82
363,315
166,682
0.000496924
1.81
371,792
166,698
0.001242910
1.73
367,552
166,688
0.004457475
1.68
359,980
166,680
0.003048994
1.70
361,665
166,693
0.003100503
1.82
372,384
166,702
0.000802444
1.80
359,528
166,666
0.000316612
1.82
367,787
166,700
0.000555778
1.83
367,297
166,680
0.004447214
1.85
371,195
166,711
0.000911140
1.72
361,055
166,733
0.004479194
1.72
363,132
166,703
0.004508152
1.74
356,313
166,700
0.003001077
1.71
356,652
166,680
0.002413268
1.81
356,895
166,687
0.001747543
1.81
369,815
166,673
0.001212910
1.82
365,709
166,693
0.000579215
1.73
361,393
166,714
0.004517318
1.83
367,761
166,687
0.004439871
1.71
365,453
166,657
0.004465080
1.81
365,835
166,701
0.001304992
1.83
371,076
166,711
0.001107129
1.83
361,282
166,694
0.001559835
1.80
369,021
166,693
0.000575831
1.72
361,084
166,677
0.004502371
1.72
364,329
166,716
0.004483777
1.71
364,796
166,668
0.004441538
1.69
358,670
166,672
0.002941025
1.81
369,841
166,701
0.004422997
1.83
365,215
166,690
0.000413644
1.73
363,139
166,692
0.004524975
1.70
360,613
166,687
0.004453256
1.84
364,640
166,687
0.000376821
1.73
366,777
166,697
0.004498465
1.84
362,449
166,668
0.000455258
1.82
365,512
166,702
0.000569007
1.69
359,765
166,714
0.002704100
1.71
361,566
166,698
0.004493204
1.81
367,354
166,662
0.004420393
1.80
362,780
166,659
0.000471820
1.70
360,249
166,678
0.004517475
1.73
364,272
166,673
0.004567163
1.72
361,471
166,671
0.004505809
1.71
363,331
166,680
0.004538673
1.70
357,389
166,709
0.002946911
1.78
358,256
166,664
0.001801553
1.83
359,053
166,693
0.001727960
1.82
373,102
166,684
0.000837495
1.83
370,756
166,705
0.004407163
1.69
360,251
166,689
0.002968526
1.71
361,634
166,710
0.004522840
1.81
359,154
166,710
0.001551658
1.83
370,914
166,698
0.001066244
1.85
368,139
166,685
0.001094629
1.71
361,504
166,692
0.004469559
1.71
363,059
166,678
0.004422684
1.69
357,646
166,675
0.002834359
1.75
364,953
166,687
0.002883005
1.82
368,186
166,671
0.004395340
1.72
361,761
166,691
0.004463569
1.73
361,295
166,679
0.004523777
1.70
357,341
166,673
0.003085296
1.72
364,100
166,680
0.004494142
1.71
363,427
166,698
0.004487267
1.72
361,364
166,696
0.004478205
1.72
366,884
166,695
0.004549819
1.69
364,307
166,671
0.000154687
1.72
361,968
166,656
0.004499611
1.84
369,588
166,709
0.004437319
1.71
362,443
166,699
0.004464715
1.67
357,530
166,689
0.002899307
1.70
358,450
166,663
0.002057280
1.70
357,417
166,675
0.002531705
1.84
360,648
166,692
0.001576085
1.83
369,972
166,689
0.001149109
1.70
363,151
166,676
0.004405601
1.71
362,336
166,665
0.004464507
1.72
359,116
166,700
0.004547475
1.85
362,746
166,677
0.000425206
1.73
363,511
166,701
0.004500132
1.84
366,850
166,722
0.001095463
1.81
364,466
166,688
0.000426820
1.72
362,251
166,670
0.004488361
1.72
364,341
166,706
0.004472632
1.72
359,535
166,699
0.004500340
1.69
361,294
166,700
0.002838630
1.71
361,062
166,686
0.004496903
1.83
367,136
166,724
0.004427892
1.83
364,143
166,698
0.000347758
1.69
363,589
166,684
0.000145989
1.79
363,026
166,665
0.000279321
1.83
364,481
166,720
0.000312029
1.82
365,051
166,695
0.000284217
1.83
367,674
166,671
0.000657236
1.71
364,382
166,671
0.004398362
1.73
364,631
166,677
0.004510236
1.84
368,840
166,707
0.001074005
1.83
369,193
166,696
0.004418362
1.81
371,258
166,682
0.001242546
1.84
371,742
166,702
0.000954266
1.79
361,202
166,665
0.000487237
1.69
361,360
166,648
0.000152708
1.73
363,509
166,697
0.004503726
1.69
360,474
166,686
0.002756548
1.72
358,237
166,687
0.002733162
1.71
363,718
166,700
0.004411747
1.70
361,060
166,675
0.004462685
1.82
368,593
166,663
0.004414664
1.82
358,262
166,687
0.001838844
1.70
355,018
166,693
0.002103947
1.70
357,602
166,684
0.002162906
1.84
366,225
166,711
0.001422128
1.85
362,268
166,686
0.001518951
1.73
364,285
166,683
0.004491903
1.72
362,990
166,671
0.004449455
1.81
368,702
166,693
0.000728955
1.70
361,216
166,684
0.004458465
1.83
367,228
166,698
0.004453882
1.82
364,141
166,690
0.000278696
1.71
363,166
166,686
0.004496278
1.72
364,700
166,659
0.004478830
1.83
366,940
166,689
0.000708902
1.83
363,194
166,700
0.000498799
1.69
361,968
166,706
0.000210728
1.71
363,584
166,695
0.004450184
1.82
366,818
166,693
0.001076245
1.82
369,373
166,696
0.001170775
1.82
365,882
166,675
0.004422425
1.71
359,585
166,686
0.004495758
1.68
358,948
166,680
0.002831548
1.71
358,315
166,676
0.002039364
1.83
362,854
166,683
0.000500153
1.85
368,067
166,696
0.000736455
1.84
364,040
166,689
0.000488122
1.83
367,720
166,694
0.001321242
1.83
366,449
166,682
0.000450102
1.85
367,360
166,686
0.001493742
1.83
367,450
166,703
0.004443674
1.71
362,606
166,674
0.004546486
1.84
364,952
166,699
0.000542393
1.81
355,575
166,677
0.001786344
1.81
357,447
166,699
0.001894469
1.80
355,570
166,686
0.001759782
1.68
364,335
166,673
0.000151145
1.70
361,686
166,689
0.000152187
1.71
364,611
166,675
0.004386539
1.73
364,962
166,688
0.004542372
1.71
363,014
166,716
0.004480393
1.72
359,965
166,716
0.004465132
1.69
355,462
166,699
0.002780871
1.72
362,695
166,672
0.004453779
1.70
365,030
166,703
0.000160676
1.69
361,378
166,684
0.004435394
1.82
362,052
166,685
0.000367289
1.71
359,206
166,681
0.004464352
1.69
356,111
166,663
0.002956495
1.81
369,542
166,692
0.004418050
1.83
362,194
166,699
0.001511034
1.82
367,828
166,707
0.000553643
1.72
363,329
166,684
0.004455966
1.81
359,053
166,707
0.001626554
1.82
364,982
166,702
0.001206087
1.82
365,307
166,679
0.000426821
1.73
365,834
166,674
0.004483362
1.72
360,931
166,694
0.004515914
1.70
361,198
166,703
0.002938891
1.83
368,024
166,670
0.004413935
1.73
365,704
166,691
0.004448935
1.83
368,986
166,704
0.000653746
1.72
363,817
166,699
0.004510028
1.71
361,130
166,670
0.004445758
1.74
362,347
166,705
0.004497685
1.82
370,512
166,693
0.000575414
1.69
365,008
166,704
0.000152500
1.72
363,046
166,701
0.004506435
1.83
364,013
166,701
0.000500570
1.81
367,684
166,692
0.004394508
1.72
364,229
166,685
0.004448362
1.72
361,940
166,692
0.004490133
1.71
364,458
166,690
0.002727121
1.71
359,597
166,683
0.002262332
1.69
358,282
166,701
0.002354415
1.82
365,814
166,692
0.001498065
1.83
364,992
166,693
0.000566195
1.71
362,073
166,680
0.004491903
1.71
364,440
166,695
0.004464196
1.82
367,543
166,720
0.004409977
1.84
360,346
166,685
0.000307290
1.83
364,694
166,665
0.000710361
1.82
365,963
166,680
0.000642028
1.82
374,571
166,707
0.000958380
1.84
366,115
166,691
0.000719111
1.84
368,151
166,676
0.000778486
1.84
368,591
166,714
0.000374269
1.71
364,947
166,694
0.004473310
1.72
362,633
166,689
0.004483674
1.85
368,384
166,690
0.004448675
1.73
359,638
166,719
0.004492112
1.72
360,955
166,682
0.004480966
1.72
365,145
166,684
0.004483987
1.69
362,663
166,671
0.000157030
1.80
370,596
166,671
0.000532602
1.71
360,852
166,700
0.004501071
1.72
355,863
166,708
0.002181031
1.80
363,665
166,672
0.000645622
1.69
359,391
166,709
0.002983526
1.83
366,619
166,689
0.004388884
1.82
364,884
166,715
0.001560357
1.71
365,413
166,719
0.004486852
1.73
362,769
166,674
0.004494873
1.72
363,044
166,676
0.004462425
1.72
361,964
166,677
0.004473779
1.71
366,706
166,709
0.004418571
1.72
361,374
166,662
0.004476904
1.71
361,317
166,666
0.004419300
1.68
357,334
166,689
0.002741184
1.84
367,652
166,711
0.004407478
1.71
362,086
166,708
0.004432478
1.69
356,310
166,701
0.002736705
1.71
358,080
166,685
0.002929308
1.71
364,164
166,692
0.004403259
1.73
362,207
166,682
0.004488050
1.72
360,394
166,689
0.004477425
1.73
362,741
166,705
0.004493988
1.73
361,431
166,711
0.004469144
1.71
360,608
166,668
0.004492425
1.82
363,541
166,675
0.004427790
1.84
369,005
166,693
0.000556924
1.72
362,882
166,664
0.004487529
1.69
356,686
166,687
0.002828944
1.74
360,749
166,722
0.002304572
1.82
360,942
166,689
0.001575408
1.81
370,967
166,695
0.000885308
1.71
363,753
166,695
0.004459144
1.79
369,601
166,685
0.000549112
1.82
365,733
166,696
0.000338227
1.81
364,513
166,671
0.004406748
1.86
367,676
166,695
0.001449316
1.74
364,990
166,681
0.004476957
1.69
363,104
166,690
0.000189947
1.83
361,314
166,700
0.000400780
1.71
360,352
166,678
0.004450290
1.80
363,804
166,702
0.000330831
1.71
364,151
166,661
0.004516436
1.69
357,712
166,691
0.002945402
1.72
358,352
166,700
0.002498686
1.82
372,266
166,693
0.004408571
1.73
365,712
166,674
0.004499456
1.70
360,649
166,685
0.004459301
1.80
372,107
166,689
0.000834006
1.71
362,286
166,692
0.004514039
1.71
363,131
166,692
0.004538988
1.73
360,810
166,687
0.004472217
1.68
359,323
166,702
0.003033422
1.71
362,133
166,698
0.004523363
1.73
362,631
166,683
0.004473675
1.82
369,064
166,691
0.004421175
1.82
367,131
166,666
0.000696611
1.71
361,627
166,670
0.004467009
1.73
364,963
166,701
0.004483050
1.69
357,567
166,675
0.002996183
1.68
358,507
166,662
0.003023787
1.69
359,881
166,690
0.002520820
1.72
365,073
166,667
0.004487685
1.72
361,858
166,666
0.004499769
1.84
368,847
166,688
0.001396660
1.83
365,273
166,687
0.004433155
1.71
362,822
166,695
0.004458780
1.70
365,090
166,718
0.004529509
1.69
358,696
166,699
0.002793215
1.69
356,754
166,690
0.002006396
1.83
360,139
166,693
0.001720772
1.70
355,646
166,693
0.002396290
1.70
358,507
166,697
0.002283478
1.73
361,763
166,720
0.004501644
1.71
365,672
166,669
0.004539977
1.82
368,445
166,680
0.004416541
1.70
364,777
166,693
0.004488988
1.71
357,098
166,692
0.002566445
1.82
367,374
166,666
0.001471243
1.81
371,291
166,695
0.000960880
1.72
364,721
166,690
0.004466697
1.84
365,525
166,679
0.000379269
1.84
365,368
166,658
0.000603538
1.74
365,845
166,690
0.004523675
1.73
361,744
166,651
0.004489092
1.82
367,355
166,685
0.004392322
1.72
366,054
166,653
0.004453415
1.81
359,573
166,652
0.000446977
1.83
365,081
166,696
0.000374373
1.83
368,024
166,680
0.000532810
1.84
361,657
166,667
0.000433696
1.71
361,896
166,674
0.004478102
1.71
361,685
166,672
0.004548623
1.80
365,198
166,708
0.000475310
1.80
361,558
166,679
0.000293071
1.83
367,127
166,688
0.004445239
1.69
365,306
166,678
0.000158593
1.74
359,739
166,673
0.004514144
1.69
357,717
166,686
0.002833788
1.70
358,172
166,702
0.002753112
1.71
362,097
166,696
0.004521123
1.73
367,027
166,687
0.004486540
1.69
359,005
166,707
0.003027068
1.69
358,157
166,706
0.002257749
1.83
365,389
166,708
0.001459629
1.82
371,089
166,685
0.004415395
1.82
370,490
166,696
0.001432753
1.82
357,537
166,728
0.001959209
1.79
358,180
166,691
0.001896345
1.84
368,882
166,709
0.001321452
1.85
357,454
166,688
0.001694055
1.84
366,177
166,683
0.001062911
1.80
365,312
166,677
0.000329269
1.70
365,085
166,668
0.000168437
1.83
367,133
166,688
0.004437270
1.73
363,973
166,691
0.004504822
1.71
358,409
166,694
0.002337749
1.83
365,520
166,649
0.000746559
1.85
366,226
166,701
0.000501820
1.70
360,480
166,692
0.004457531
1.81
368,680
166,706
0.001045151
1.69
366,187
166,702
0.000165207
1.72
362,420
166,666
0.004443781
1.70
363,794
166,695
0.004501280
1.83
371,817
166,659
0.004434978
1.69
359,664
166,704
0.002519363
1.72
359,969
166,677
0.004490499
1.79
365,812
166,691
0.000502654
1.81
365,559
166,689
0.000485518
1.72
361,829
166,671
0.004512478
1.71
359,910
166,694
0.002025511
1.83
358,988
166,654
0.001780460
1.83
366,388
166,711
0.001002079
1.71
361,651
166,674
0.004432270
1.83
368,056
166,717
0.004434770
1.81
368,706
166,691
0.000586039
1.71
361,922
166,680
0.004521280
1.72
363,263
166,671
0.004497739
1.72
364,635
166,677
0.004490447
1.71
363,585
166,676
0.004485708
1.73
367,087
166,694
0.004484613
1.83
366,831
166,695
0.000581924
1.78
365,770
166,680
0.000229478
1.80
362,840
166,683
0.000329633
1.83
367,341
166,705
0.004444666
1.72
363,056
166,705
0.004495603
1.72
362,653
166,689
0.004454197
1.71
360,840
166,680
0.004460134
1.71
361,769
166,686
0.004549665
1.83
370,425
166,686
0.004409566
1.81
367,572
166,690
0.000433436
1.72
363,882
166,698
0.004483315
1.69
358,622
166,666
0.003199414
1.70
362,984
166,680
0.004432065
1.69
361,024
166,679
0.002988529
1.82
357,170
166,687
0.001934628
1.82
364,295
166,694
0.000751038
1.80
364,962
166,673
0.000495415
1.68
366,107
166,705
0.000189583
1.84
372,652
166,663
0.004392638
1.82
366,723
166,667
0.000659008
1.82
364,976
166,733
0.001116141
1.81
373,933
166,686
0.000602133
1.84
367,210
166,701
0.000446144
1.71
368,908
166,715
0.004462482
1.70
359,489
166,676
0.002461500
1.82
356,447
166,674
0.001611973
1.83
359,223
166,691
0.001792440
1.84
367,348
166,702
0.000875570
1.82
368,145
166,702
0.004381700
1.84
367,406
166,713
0.000556873
1.72
364,200
166,680
0.004468784
1.71
361,506
166,689
0.004437534
1.68
360,290
166,683
0.002915353
1.68
356,977
166,693
0.002660354
1.71
358,540
166,694
0.004437638
1.70
358,503
166,669
0.002816343
1.83
354,255
166,685
0.001891815
1.69
362,400
166,706
0.002340355
1.84
367,316
166,683
0.004408159
1.83
364,540
166,694
0.000649998
1.69
363,662
166,671
0.000160312
1.69
364,073
166,688
0.004471335
1.83
369,732
166,672
0.000793330
1.70
362,789
166,680
0.004423836
1.69
362,270
166,691
0.003023217
1.68
364,002
166,679
0.000197864
1.81
364,995
166,676
0.000741090
1.70
359,329
166,673
0.004476544
1.82
368,352
166,715
0.004385711
1.70
361,200
166,689
0.004355191
1.72
364,547
166,661
0.004448211
1.72
361,985
166,689
0.004444357
1.73
363,522
166,683
0.004474877
1.84
368,538
166,700
0.001382859
1.82
367,168
166,673
0.001134058
1.69
366,616
166,670
0.000168853
1.71
363,383
166,684
0.004443159
1.71
364,221
166,674
0.004518732
1.82
368,150
166,695
0.004422898
1.77
364,621
166,667
0.000220832
1.82
365,613
166,681
0.000282082
1.71
363,898
166,683
0.004453158
1.83
362,022
166,713
0.000323280
1.80
367,719
166,683
0.000787288
1.81
364,549
166,674
0.000715935
1.71
357,619
166,676
0.004411024
1.70
362,777
166,685
0.004470346
1.72
361,311
166,716
0.004447117
1.82
367,127
166,715
0.004381753
1.71
359,498
166,691
0.004429200
1.71
361,883
166,678
0.004454618
1.82
365,210
166,707
0.000474738
1.70
361,523
166,687
0.004495190
1.79
367,854
166,717
0.000641195
1.80
369,880
166,707
0.000809163
1.73
369,649
166,689
0.004459878
1.71
362,187
166,690
0.004450294
1.71
361,977
166,707
0.004433784
1.81
366,452
166,713
0.004367221
1.72
363,207
166,692
0.004436753
1.72
363,246
166,685
0.004514617
1.72
363,668
166,700
0.004444044
1.74
362,995
166,693
0.004507169
1.68
361,891
166,663
0.000150780
1.71
363,251
166,680
0.004441804
1.68
363,676
166,690
0.000150780
1.71
362,525
166,694
0.004428107
1.84
360,647
166,702
0.001761243
1.81
362,661
166,672
0.004369930
1.72
360,025
166,689
0.004453836
1.68
361,668
166,696
0.002962852
1.83
368,940
166,687
0.000584841
1.82
362,605
166,704
0.000311145
1.81
363,918
166,674
0.000478435
1.70
361,243
166,691
0.004424878
1.70
361,688
166,680
0.004507169
1.69
357,575
166,699
0.002848634
1.68
357,808
166,702
0.002456709
1.81
367,547
166,711
0.004397430
1.68
365,873
166,688
0.000189322
1.80
364,025
166,693
0.000470467
1.83
369,179
166,695
0.000748539
1.72
361,454
166,715
0.004466023
1.69
361,081
166,690
0.004496596
1.69
366,117
166,695
0.002876551
1.69
355,663
166,659
0.002498063
1.80
367,508
166,677
0.000516352
1.80
366,773
166,677
0.000564165
1.82
367,021
166,655
0.004388940
1.82
364,609
166,676
0.001338275
1.68
362,519
166,676
0.000168437
1.71
362,378
166,699
0.004441857
1.81
364,369
166,654
0.000274270
1.82
369,232
166,727
0.001245047
1.81
368,371
166,692
0.000790153
1.69
358,304
166,689
0.003014154
1.69
357,964
166,657
0.002200147
1.82
366,595
166,674
0.001343536
1.82
366,299
166,682
0.004413680
1.67
355,843
166,665
0.002863738
1.68
357,376
166,685
0.002699364
1.69
357,553
166,692
0.002692437
1.84
360,533
166,725
0.001754732
1.81
364,654
166,699
0.000787132
1.71
364,512
166,683
0.004371597
1.70
360,429
166,670
0.004431128
1.70
360,905
166,704
0.004443731
1.72
363,763
166,685
0.004463836
1.81
364,131
166,693
0.004365555
1.68
361,052
166,672
0.000153697
1.73
366,333
166,689
0.004474096
1.68
360,492
166,701
0.002991081
1.69
358,561
166,685
0.002966915
1.67
364,347
166,698
0.000152291
1.71
366,155
166,695
0.004397743
1.80
365,970
166,703
0.000325832
1.83
367,089
166,697
0.000746612
1.71
362,374
166,701
0.004455398
1.83
369,432
166,723
0.004398055
1.82
366,365
166,715
0.000313385
1.70
361,471
166,695
0.004432013
1.71
361,618
166,679
0.004444409
1.71
361,485
166,679
0.004525346
1.79
366,815
166,685
0.000557758
1.82
366,845
166,671
0.000614164
1.70
363,173
166,670
0.004373160
1.82
361,724
166,686
0.000550675
1.81
357,446
166,695
0.001655150
1.83
369,951
166,700
0.004404982
1.86
370,083
166,696
0.000771976
1.80
365,827
166,697
0.000362707
1.78
363,165
166,710
0.000473488
1.84
368,515
166,689
0.000582810
1.71
362,576
166,673
0.004453420
1.72
363,054
166,686
0.004469409
1.67
363,200
166,645
0.000171718
1.71
365,024
166,715
0.004445503
1.72
362,339
166,672
0.004475086
1.83
371,091
166,656
0.004411127
1.81
369,047
166,677
0.000598175
1.83
362,902
166,714
0.001441401
1.80
369,888
166,689
0.000558226
1.80
367,364
166,703
0.000720935
1.71
362,017
166,679
0.004463940
1.70
368,025
166,679
0.000158125
1.80
363,764
166,712
0.001479316
1.81
367,213
166,667
0.000691820
1.82
365,066
166,694
0.001041662
1.82
364,981
166,697
0.004388680
1.72
363,473
166,673
0.004422950
1.70
363,936
166,644
0.004390503
1.69
361,311
166,685
0.002932331
1.72
363,444
166,695
0.004465711
1.68
360,592
166,660
0.002997592
1.69
361,246
166,677
0.002701447
1.81
358,612
166,699
0.001619838
1.87
367,646
166,655
0.000684737
1.79
370,131
166,679
0.000590154
1.84
370,890
166,699
0.000751820
1.72
361,695
166,659
0.004492221
1.69
361,358
166,663
0.004482117
1.83
366,606
166,690
0.000513487
1.86
370,866
166,679
0.000861611
1.82
357,834
166,651
0.001943273
1.79
362,601
166,675
0.000497185
1.68
367,932
166,695
0.000150417
1.80
364,335
166,675
0.000279530
1.78
361,355
166,670
0.000287446
1.80
366,992
166,676
0.004369826
1.84
366,875
166,675
0.000670570
1.68
362,790
166,655
0.000195729
1.69
363,915
166,670
0.000165260
1.86
370,770
166,697
0.001379109
1.71
364,269
166,663
0.004385867
1.72
364,383
166,684
0.004451023
1.71
363,537
166,679
0.004377951
1.70
364,695
166,697
0.004402639
1.71
362,295
166,672
0.004462638
1.82
369,034
166,690
0.004388367
1.71
361,450
166,693
0.004421857
1.71
369,315
166,705
0.004447899
1.70
360,743
166,666
0.002316240
1.72
363,960
166,690
0.004473523
1.71
363,952
166,695
0.004504565
1.72
362,706
166,682
0.004528576
1.70
362,097
166,671
0.004501388
1.70
365,820
166,696
0.004395868
1.69
360,051
166,689
0.004428211
1.81
367,996
166,668
0.004361909
1.80
370,004
166,682
0.000579164
1.71
359,261
166,696
0.004475294
1.70
362,815
166,700
0.004410972
1.71
362,415
166,707
0.004381544
1.84
369,892
166,689
0.001298380
1.83
356,555
166,696
0.001983169
1.79
359,683
166,689
0.000513696
1.83
369,631
166,688
0.000903538
1.71
363,529
166,677
0.004430346
1.82
368,510
166,708
0.004403524
1.71
361,905
166,671
0.004448367
1.69
359,246
166,706
0.002673375
1.69
361,543
166,670
0.004449253
1.72
363,469
166,690
0.004451701
1.68
361,650
166,645
0.000162552
1.71
364,627
166,705
0.004431285
1.68
359,549
166,693
0.002570562
1.79
362,561
166,693
0.000482915
1.80
364,693
166,678
0.000330884
1.82
372,111
166,703
0.004425920
1.79
367,869
166,680
0.000533280
1.81
363,282
166,655
0.000452082
1.82
361,364
166,698
0.001664577
1.83
369,504
166,703
0.001232338
1.80
362,527
166,674
0.000477863
1.68
363,866
166,672
0.000156301
1.69
365,713
166,688
0.000157603
1.73
362,592
166,699
0.004418420
1.81
364,674
166,694
0.001475411
1.82
370,050
166,701
0.004396128
1.71
363,868
166,708
0.004427117
1.70
359,694
166,683
0.002384157
1.68
358,843
166,668
0.002863582
1.72
363,734
166,708
0.004465606
1.69
357,812
166,684
0.002027908
1.83
367,893
166,704
0.000714945
1.72
361,205
166,710
0.004404826
1.71
364,184
166,711
0.004430763
1.68
355,703
166,673
0.002772802
1.81
365,614
166,672
0.004401493
1.82
362,143
166,673
0.000408436
1.72
363,676
166,688
0.004457430
1.69
359,024
166,684
0.002004211
1.81
367,546
166,671
0.000995309
1.82
364,162
166,694
0.000422029
1.72
365,396
166,681
0.004426857
1.71
361,129
166,698
0.004461805
1.72
362,462
166,697
0.004446753
1.72
359,131
166,710
0.004463367
1.81
368,529
166,687
0.004366858
1.82
364,372
166,678
0.000417863
1.70
360,946
166,657
0.004420867
1.69
360,120
166,689
0.002810458
1.68
362,467
166,696
0.002552229
1.67
359,248
166,686
0.002852071
1.68
356,321
166,708
0.002166970
1.69
360,008
166,714
0.003048685
1.79
361,981
166,686
0.000248437
1.72
361,309
166,647
0.004395659
1.80
365,725
166,680
0.004366128
1.81
359,683
166,661
0.001626504
1.72
365,696
166,687
0.004434878
1.71
363,663
166,653
0.004450034
1.72
363,397
166,695
0.004441909
1.72
361,226
166,682
0.004447429
1.69
366,853
166,674
0.000160364
1.82
368,772
166,667
0.000977236
1.83
363,599
166,685
0.000342654
1.71
364,299
166,690
0.004387378
1.83
371,121
166,698
0.004391076
1.69
359,730
166,691
0.002922072
1.84
357,994
166,677
0.001643170
1.80
357,953
166,684
0.001915773
1.72
363,245
166,697
0.004464409
1.71
360,703
166,671
0.004433211
1.72
362,554
166,715
0.004447690
1.68
366,546
166,685
0.000148332
1.80
365,115
166,688
0.000400468
1.80
365,949
166,681
0.000799112
1.83
370,175
166,681
0.004415711
1.70
364,517
166,700
0.004408159
1.83
362,031
166,704
0.000514060
1.71
364,629
166,693
0.004436337
1.80
364,532
166,664
0.000742393
1.82
367,783
166,680
0.000567029
1.85
363,268
166,704
0.000388435
1.71
366,415
166,666
0.004480294
1.72
361,211
166,677
0.004448367
1.71
365,713
166,698
0.004393889
1.82
365,777
166,690
0.004373367
1.81
361,805
166,660
0.001951972
1.81
367,305
166,677
0.000291249
1.72
364,647
166,685
0.004438940
1.70
363,110
166,658
0.004487377
1.71
368,020
166,705
0.004505867
1.70
357,800
166,697
0.004436857
1.71
360,995
166,670
0.004384514
1.71
365,233
166,695
0.004458316
1.70
361,692
166,687
0.004435034
1.82
367,112
166,688
0.004396337
1.70
365,565
166,672
0.004420971
1.72
363,465
166,680
0.004454096
1.68
357,370
166,676
0.002743531
1.83
370,601
166,706
0.001438692
1.82
360,121
166,660
0.001799003
1.85
363,503
166,700
0.001517754
1.80
363,431
166,667
0.000303332
1.82
371,376
166,691
0.001147651
1.70
362,749
166,672
0.004429721
1.82
368,748
166,694
0.004403003
1.69
363,463
166,680
0.000171666
1.71
363,077
166,681
0.004428680
1.68
362,910
166,684
0.003000405
1.81
361,732
166,658
0.000330363
1.83
360,754
166,670
0.000436092
1.72
362,350
166,688
0.004446232
1.71
362,294
166,691
0.004441232
1.72
359,830
166,682
0.004439305
1.70
363,592
166,702
0.004507638
1.82
363,709
166,658
0.004395399
1.72
362,808
166,682
0.004428107
1.68
356,332
166,695
0.002883530
1.72
363,298
166,684
0.004461284
1.84
369,433
166,697
0.001130829
1.70
360,304
166,667
0.004415503
1.71
362,646
166,707
0.004418419
1.70
358,857
166,665
0.004427795
1.70
363,557
166,660
0.004388472
1.70
361,739
166,683
0.004452950
1.83
367,831
166,665
0.004407118
1.68
362,809
166,683
0.000155989
1.69
362,415
166,669
0.000153437
1.81
367,743
166,704
0.000732862
1.70
361,646
166,686
0.004497898
1.72
364,499
166,700
0.004467170
1.71
362,105
166,673
0.004473420
1.71
362,969
166,697
0.004428941
1.72
361,825
166,686
0.004486961
1.71
363,815
166,671
0.004468940
1.82
366,577
166,695
0.004346545
1.80
366,482
166,691
0.001103173
1.71
363,802
166,697
0.004450347
1.84
363,250
166,711
0.000358488
1.82
366,962
166,668
0.000626716
1.81
366,348
166,683
0.000796768
1.71
363,097
166,667
0.004444409
1.81
369,466
166,695
0.000813383
1.71
363,441
166,677
0.004406076
1.71
363,559
166,684
0.004427013
1.81
367,079
166,698
0.004380815
1.71
361,362
166,686
0.004446961
1.72
366,073
166,689
0.004471336
1.71
364,191
166,710
0.004460034
1.72
365,177
166,678
0.004543315
1.68
358,674
166,688
0.002922852
1.70
362,107
166,684
0.004487065
1.72
359,615
166,680
0.004447638
1.72
360,209
166,691
0.004465398
1.71
362,123
166,692
0.004465867
1.82
368,898
166,677
0.004414878
1.71
360,396
166,701
0.004453784
1.80
364,270
166,679
0.000533279
1.72
362,570
166,669
0.004464721
1.70
359,591
166,675
0.004464670
1.70
359,397
166,687
0.004479669
1.71
367,602
166,687
0.004441649
1.82
372,803
166,691
0.000918069
1.83
370,126
166,705
0.001019683
1.68
362,923
166,665
0.000194791
1.82
366,914
166,681
0.004385608
1.80
369,436
166,673
0.000819840
1.81
366,980
166,675
0.000746195
1.72
362,508
166,709
0.004454409
1.71
359,643
166,705
0.004459774
1.72
360,260
166,689
0.004467170
1.83
363,356
166,690
0.000375311
1.71
362,281
166,680
0.004448888
1.82
358,217
166,700
0.001625879
1.69
367,155
166,707
0.000198437
1.82
368,032
166,702
0.004384879
1.70
366,217
166,689
0.004453784
1.71
364,819
166,692
0.004444253
1.69
357,996
166,689
0.002887384
1.69
358,445
166,687
0.002693687
1.80
371,853
166,673
0.001248693
1.82
366,473
166,735
0.000594685
1.71
363,354
166,699
0.004441232
1.71
361,714
166,657
0.004448680
1.71
364,056
166,710
0.004394983
1.81
366,256
166,695
0.004379254
1.84
365,763
166,706
0.000686404
1.72
363,790
166,665
0.004453628
1.70
362,670
166,683
0.004417430
1.71
365,468
166,690
0.004433316
1.72
364,201
166,711
0.004418680
1.72
364,057
166,661
0.004454513
1.68
361,818
166,694
0.002932696
1.68
364,914
166,679
0.000169218
1.70
358,781
166,706
0.004380399
1.82
368,844
166,689
0.004399462
1.71
362,477
166,687
0.004446440
1.80
360,791
166,724
0.000449998
1.68
358,543
166,694
0.002906759
1.70
357,802
166,712
0.002981186
1.71
361,660
166,687
0.004450294
1.71
359,439
166,694
0.004479097
1.68
357,434
166,671
0.002960249
1.72
366,013
166,697
0.004424514
1.82
357,224
166,689
0.001828065
1.83
367,460
166,687
0.004406493
1.80
365,634
166,706
0.000387967
1.84
371,121
166,680
0.001255151
1.81
367,842
166,680
0.001290151
1.83
366,989
166,690
0.000692757
1.70
363,144
166,681
0.004366597
1.72
360,610
166,671
0.004471752
1.70
359,828
166,694
0.004421076
1.79
367,423
166,688
0.000609790
1.70
364,703
166,690
0.004415295
1.82
365,022
166,726
0.004373264
1.80
366,290
166,685
0.000468176
1.84
362,542
166,671
0.000417706
1.82
364,516
166,697
0.000789789
1.81
362,921
166,665
0.000548748
1.70
361,853
166,665
0.004498419
1.81
367,347
166,693
0.001243224
1.71
362,334
166,700
0.002067023
1.70
363,723
166,677
0.004436857
1.82
370,982
166,701
0.000956975
1.82
366,098
166,672
0.004378368
1.68
361,155
166,684
0.000160468
1.71
360,907
166,680
0.004443524
1.71
363,539
166,677
0.004469982
1.72
361,237
166,683
0.004378732
1.84
373,217
166,685
0.000906246
1.68
365,633
166,681
0.000155052
1.83
366,380
166,666
0.000299269
1.71
363,077
166,666
0.004470815
1.70
363,337
166,687
0.000169948
1.84
369,624
166,711
0.004394357
1.70
361,418
166,645
0.004435763
1.72
363,399
166,691
0.004465971
1.72
365,221
166,678
0.004448784
1.72
364,602
166,659
0.004452535
1.70
362,536
166,689
0.004428680
1.72
362,773
166,717
0.004439930
1.80
365,042
166,701
0.000306718
1.84
363,209
166,692
0.000496300
1.72
365,934
166,642
0.004374774
1.84
373,252
166,692
0.004468575
1.84
366,816
166,707
0.001228641
1.83
360,212
166,708
0.001782545
1.86
359,405
166,680
0.001737754
1.84
364,354
166,693
0.000418592
1.69
360,525
166,688
0.002958217
1.69
365,595
166,661
0.000152707
1.82
364,566
166,684
0.000778226
1.70
364,770
166,668
0.004421857
1.70
357,615
166,684
0.003003217
1.83
367,848
166,697
0.004403159
1.82
364,588
166,670
0.000777862
1.72
362,536
166,709
0.004459409
1.71
360,844
166,682
0.004457170
1.70
364,243
166,683
0.004447117
1.71
361,951
166,681
0.004457898
1.72
364,823
166,691
0.004438003
1.72
360,077
166,685
0.004452847
1.73
363,729
166,696
0.004481596
1.72
362,109
166,674
0.004483992
1.83
368,851
166,671
0.004395712
1.71
363,161
166,693
0.004403159
1.71
362,081
166,682
0.004457847
1.72
364,999
166,698
0.004436285
1.71
361,365
166,677
0.004473159
1.72
365,807
166,702
0.004450347
1.71
357,968
166,704
0.002535459
1.81
368,670
166,710
0.001453848
1.69
357,647
166,676
0.002291865
1.80
357,443
166,691
0.001827440
1.83
372,401
166,683
0.004386753
1.71
362,203
166,687
0.004426596
1.71
364,123
166,685
0.004381493
1.69
359,297
166,679
0.002310512
1.72
361,254
166,674
0.004425607
1.81
363,712
166,662
0.000381874
1.81
365,302
166,683
0.000451248
1.71
361,117
166,709
0.004424514
1.72
362,157
166,698
0.004428263
1.79
365,892
166,697
0.000544894
1.83
367,723
166,698
0.004398732
1.83
367,436
166,708
0.001162495
1.84
369,428
166,667
0.000795206
1.83
362,665
166,680
0.000426561
1.83
364,262
166,719
0.000365624
1.69
357,406
166,667
0.002520251
1.79
363,096
166,680
0.000262811
1.67
362,569
166,684
0.000191510
1.72
362,694
166,704
0.004429878
1.69
355,614
166,684
0.002970926
