2.92
1,713,122
804,797
0.009403767
2.48
1,468,935
728,043
0.006125394
2.58
1,529,195
740,376
0.006297580
2.53
1,504,851
735,229
0.006317945
2.62
1,550,491
743,564
0.006307529
2.56
1,518,029
732,203
0.006167582
2.55
1,510,135
732,547
0.006258154
2.48
1,466,761
730,601
0.006206227
2.50
1,476,885
735,666
0.006230342
2.56
1,513,255
736,185
0.006367216
2.58
1,529,131
738,745
0.006227008
2.50
1,479,141
729,977
0.006208102
2.64
1,547,812
748,179
0.006395445
2.57
1,522,839
741,940
0.006243363
2.46
1,454,855
725,241
0.006207008
2.59
1,532,647
738,506
0.006244820
2.58
1,528,483
740,357
0.006360653
2.57
1,521,291
739,707
0.006233154
2.66
1,559,776
741,758
0.006482215
2.55
1,511,529
740,083
0.006287841
2.60
1,537,924
742,464
0.006285289
2.58
1,534,737
740,015
0.006418674
2.56
1,518,337
739,451
0.006324300
2.47
1,459,628
727,655
0.006210186
2.57
1,520,004
740,442
0.006345810
2.60
1,542,161
739,035
0.006283571
2.55
1,511,917
737,045
0.006318570
2.58
1,529,853
739,823
0.006308049
2.57
1,523,199
737,175
0.006374611
2.53
1,496,361
732,337
0.006234925
2.60
1,538,314
741,946
0.006277581
2.58
1,528,535
740,153
0.006370861
2.48
1,467,198
728,320
0.006232269
2.49
1,470,833
727,862
0.006240393
2.56
1,516,599
737,781
0.006317477
2.59
1,533,675
740,335
0.006249560
2.58
1,526,319
741,419
0.006350497
2.55
1,508,357
734,683
0.006196748
2.57
1,521,916
740,247
0.006220914
2.47
1,462,081
724,550
0.006234612
2.61
1,545,337
744,647
0.006280602
2.49
1,476,549
731,533
0.006257008
2.55
1,508,857
736,486
0.006200133
2.49
1,475,268
729,234
0.006222113
2.47
1,459,601
727,778
0.006396695
2.61
1,543,620
744,146
0.006295289
2.64
1,544,735
743,901
0.006481955
2.53
1,499,007
731,663
0.006273675
2.56
1,515,941
742,734
0.006221123
2.59
1,536,011
743,608
0.006350081
2.61
1,542,452
738,501
0.006302320
2.45
1,451,630
724,351
0.006196748
2.54
1,503,954
735,745
0.006202581
2.57
1,523,703
739,585
0.006267581
2.59
1,535,855
745,938
0.006314247
2.59
1,536,747
740,283
0.006264508
2.48
1,465,389
733,035
0.006236070
2.46
1,456,027
726,901
0.006257112
2.59
1,533,789
742,327
0.006314924
2.57
1,522,366
737,546
0.006345809
2.58
1,528,488
742,503
0.006281123
2.54
1,506,904
734,916
0.006187269
2.56
1,519,521
741,985
0.006244039
2.48
1,468,823
729,846
0.006314925
2.49
1,472,705
735,808
0.006221747
2.62
1,551,527
745,402
0.006263362
2.57
1,520,109
742,018
0.006241279
2.57
1,519,399
740,000
0.006336591
2.59
1,534,153
744,468
0.006255758
2.59
1,534,667
738,255
0.006289873
2.57
1,522,693
744,409
0.006277735
2.57
1,519,937
738,032
0.006204975
2.56
1,517,287
740,756
0.006356991
2.55
1,512,463
736,087
0.006310793
2.47
1,462,619
732,399
0.006218034
2.58
1,531,311
738,188
0.006225846
2.48
1,470,363
732,609
0.006294127
2.56
1,516,756
738,267
0.006281471
2.46
1,456,001
721,398
0.006249492
2.56
1,517,653
735,912
0.006339700
2.59
1,536,675
741,167
0.006263085
2.56
1,515,989
735,358
0.006209804
2.56
1,516,835
738,835
0.006199232
2.64
1,563,661
751,585
0.006394855
2.47
1,463,480
730,986
0.006297772
2.60
1,539,177
740,731
0.006241523
2.62
1,535,109
735,645
0.006418449
2.58
1,527,373
740,955
0.006366419
2.48
1,470,201
729,390
0.006202930
2.54
1,505,437
735,990
0.006283763
2.57
1,521,277
736,407
0.006219336
2.54
1,504,817
734,984
0.006245325
2.56
1,515,561
738,799
0.006182357
2.57
1,522,929
742,395
0.006197305
2.47
1,459,008
731,760
0.006215743
2.58
1,530,625
738,231
0.006241211
2.58
1,524,403
738,820
0.006359127
2.45
1,448,627
725,462
0.006240742
2.63
1,545,244
744,811
0.006403241
2.64
1,547,667
743,910
0.006446574
2.60
1,540,435
741,632
0.006272096
2.47
1,460,653
726,959
0.006325064
2.56
1,518,067
739,156
0.006334648
2.58
1,527,181
741,098
0.006352877
2.57
1,520,389
738,497
0.006202982
2.60
1,539,669
740,102
0.006276888
2.58
1,527,080
736,459
0.006208763
2.56
1,514,233
737,658
0.006279127
2.55
1,510,676
741,029
0.006168607
2.57
1,524,917
740,904
0.006320325
2.58
1,526,214
735,229
0.006259440
2.56
1,516,863
740,831
0.006313711
2.55
1,510,153
739,484
0.006348658
2.47
1,461,375
727,564
0.006242774
2.62
1,537,600
744,012
0.006437720
2.58
1,529,020
735,882
0.006221055
2.58
1,529,363
743,342
0.006260898
2.64
1,551,194
744,798
0.006429699
2.56
1,518,672
737,274
0.006334232
2.48
1,467,383
729,006
0.006235534
2.60
1,539,496
743,065
0.006255221
2.57
1,523,595
737,221
0.006351470
2.54
1,504,887
730,536
0.006219701
2.57
1,520,937
740,761
0.006305690
2.56
1,514,327
739,551
0.006275742
2.60
1,540,003
739,338
0.006275013
2.55
1,508,278
734,398
0.006262669
2.65
1,553,418
745,515
0.006466470
2.47
1,459,575
731,277
0.006265690
2.57
1,521,573
736,698
0.006210951
2.60
1,538,447
740,050
0.006272930
2.60
1,539,810
742,734
0.006335742
2.56
1,519,034
735,957
0.006221002
2.56
1,517,421
739,007
0.006225170
2.55
1,512,015
732,048
0.006376054
2.59
1,532,973
736,459
0.006259544
2.55
1,508,021
733,839
0.006233815
2.45
1,448,490
725,287
0.006233867
2.56
1,514,480
737,627
0.006343033
2.55
1,511,931
736,325
0.006298554
2.59
1,534,379
738,494
0.006259648
2.47
1,458,899
727,629
0.006190899
2.57
1,519,303
738,317
0.006340117
2.60
1,538,847
742,791
0.006341315
2.48
1,470,746
729,644
0.006230638
2.61
1,548,196
740,519
0.006308711
2.49
1,472,047
733,445
0.006233919
2.58
1,529,029
743,319
0.006266316
2.48
1,468,037
726,207
0.006224909
2.50
1,481,034
730,121
0.006242721
2.58
1,529,499
739,498
0.006264231
2.49
1,472,254
728,030
0.006241679
2.56
1,517,749
736,359
0.006205691
2.46
1,457,752
717,902
0.006316627
2.59
1,532,013
741,478
0.006347513
2.59
1,536,460
737,301
0.006280847
2.48
1,466,009
727,004
0.006230274
2.60
1,537,697
744,330
0.006343502
2.58
1,533,759
745,104
0.006489387
2.59
1,531,099
741,964
0.006336731
2.60
1,540,819
739,044
0.006256732
2.55
1,510,101
735,044
0.006179857
2.56
1,514,773
740,368
0.006291940
2.57
1,520,745
743,217
0.006236003
2.56
1,513,989
735,511
0.006358919
2.59
1,534,491
739,602
0.006253711
2.48
1,469,967
732,341
0.006254076
2.59
1,536,053
743,692
0.006349648
2.58
1,526,086
740,861
0.006316159
2.58
1,529,637
744,320
0.006290899
2.60
1,539,621
740,685
0.006254857
2.58
1,527,833
739,382
0.006252722
2.47
1,460,029
728,325
0.006199076
2.48
1,470,407
726,245
0.006238920
2.49
1,474,975
732,596
0.006261680
2.59
1,534,885
738,452
0.006270691
2.46
1,456,609
727,641
0.006203972
2.50
1,478,054
732,131
0.006311680
2.50
1,479,833
730,994
0.006308242
2.57
1,523,467
740,731
0.006237566
2.59
1,537,025
739,475
0.006240794
2.58
1,524,825
740,736
0.006228034
2.59
1,533,391
741,030
0.006309752
2.61
1,528,973
740,349
0.006461366
2.49
1,469,143
726,751
0.006207305
2.60
1,542,089
739,743
0.006280326
2.56
1,515,127
735,597
0.006302982
2.56
1,516,693
738,033
0.006291576
2.54
1,508,395
736,290
0.006396732
2.57
1,521,762
737,320
0.006317357
2.60
1,538,653
742,657
0.006255430
2.46
1,456,514
725,604
0.006191941
2.49
1,471,271
731,765
0.006232618
2.59
1,536,257
744,211
0.006279023
2.56
1,513,749
737,062
0.006298763
2.60
1,542,439
741,030
0.006275065
2.58
1,527,117
739,088
0.006327721
2.48
1,465,574
723,922
0.006220430
2.47
1,464,541
727,633
0.006243555
2.57
1,523,367
740,326
0.006251785
2.66
1,577,923
734,984
0.006339023
2.56
1,514,175
736,159
0.006203035
2.56
1,516,651
740,868
0.006364127
2.57
1,522,751
737,056
0.006308451
2.53
1,496,546
728,789
0.006250430
2.59
1,535,685
739,835
0.006272773
2.57
1,520,379
741,418
0.006217305
2.55
1,511,583
735,377
0.006264232
2.47
1,462,937
726,567
0.006248139
2.56
1,515,949
738,748
0.006307514
2.59
1,531,395
743,313
0.006500481
2.48
1,465,187
726,670
0.006226681
2.54
1,506,853
732,649
0.006321472
2.59
1,532,365
741,051
0.006422981
2.62
1,551,549
748,693
0.006392669
2.60
1,537,721
739,323
0.006248347
2.47
1,464,531
730,881
0.006290326
2.48
1,468,421
729,985
0.006234493
2.50
1,476,973
733,209
0.006258451
2.56
1,520,655
736,550
0.006434022
2.61
1,547,293
741,318
0.006281159
2.51
1,484,550
732,904
0.006287513
2.58
1,530,620
744,424
0.006266629
2.59
1,533,781
742,677
0.006357721
2.58
1,526,595
739,100
0.006386106
2.58
1,529,581
739,107
0.006274493
2.57
1,521,199
744,970
0.006296107
2.59
1,530,699
739,604
0.006366263
2.58
1,524,765
740,067
0.006349492
2.54
1,507,123
738,550
0.006306367
2.59
1,531,999
741,557
0.006285534
2.58
1,526,426
741,344
0.006237045
2.57
1,520,097
736,223
0.006337305
2.57
1,519,528
738,062
0.006356003
2.56
1,517,905
735,585
0.006415169
2.60
1,538,243
734,778
0.006250951
2.47
1,464,420
725,626
0.006251785
2.48
1,469,517
730,081
0.006238660
2.48
1,467,469
732,478
0.006363242
2.55
1,512,787
737,504
0.006399700
2.58
1,528,005
736,657
0.006251159
2.57
1,521,328
735,864
0.006364596
2.60
1,536,949
743,768
0.006406002
2.57
1,522,179
741,288
0.006367461
2.49
1,475,665
729,128
0.006219076
2.58
1,530,614
737,631
0.006269024
2.58
1,529,165
740,829
0.006325795
2.46
1,457,108
726,769
0.006247774
2.48
1,465,035
728,573
0.006261733
2.55
1,507,421
734,687
0.006259024
2.59
1,536,251
738,612
0.006275847
2.58
1,527,694
736,474
0.006232775
2.56
1,520,103
739,508
0.006424753
2.64
1,553,467
744,595
0.006450273
2.50
1,481,081
734,169
0.006262774
2.61
1,547,473
741,819
0.006277410
2.48
1,470,184
730,206
0.006270535
2.48
1,469,445
726,972
0.006311003
2.58
1,529,801
741,895
0.006417461
2.47
1,459,585
723,456
0.006185639
2.60
1,542,701
739,758
0.006310951
2.59
1,532,295
742,117
0.006227254
2.66
1,573,345
756,939
0.006396992
2.58
1,531,481
741,290
0.006452773
2.55
1,517,335
735,602
0.006381263
2.60
1,539,937
740,203
0.006279962
2.59
1,533,943
744,677
0.006387773
2.56
1,512,923
736,617
0.006187931
2.56
1,519,551
740,147
0.006288503
2.48
1,465,597
729,037
0.006233608
2.59
1,531,911
739,246
0.006257410
2.56
1,518,177
739,293
0.006215275
2.62
1,550,949
747,227
0.006408763
2.57
1,524,021
734,159
0.006374076
2.47
1,460,349
729,736
0.006250795
2.60
1,540,013
742,722
0.006287045
2.48
1,469,838
731,130
0.006240379
2.59
1,530,946
742,695
0.006326732
2.60
1,541,497
745,460
0.006411055
2.55
1,513,751
733,832
0.006389648
2.58
1,528,582
736,877
0.006262045
2.56
1,516,231
737,118
0.006233399
2.57
1,527,145
743,816
0.006414909
2.46
1,454,559
725,288
0.006218817
2.55
1,513,141
732,709
0.006270430
2.59
1,534,299
739,804
0.006257879
2.57
1,523,941
746,857
0.006223660
2.55
1,512,609
736,547
0.006384076
2.58
1,525,369
740,970
0.006250222
2.60
1,538,817
741,464
0.006377252
2.60
1,538,831
742,043
0.006254180
2.48
1,468,203
729,206
0.006254024
2.56
1,518,351
736,254
0.006364857
2.46
1,456,767
727,896
0.006282201
2.47
1,459,563
726,672
0.006225326
2.58
1,527,135
737,917
0.006234962
2.56
1,515,881
737,100
0.006239910
2.46
1,455,925
728,037
0.006202567
2.49
1,473,477
729,750
0.006264649
2.57
1,522,007
740,071
0.006321368
2.59
1,533,041
738,608
0.006263764
2.62
1,535,654
736,322
0.006428399
2.58
1,528,159
740,629
0.006239129
2.58
1,531,215
742,574
0.006233869
2.57
1,522,121
736,580
0.006200952
2.61
1,543,511
742,444
0.006295430
2.62
1,548,191
747,167
0.006402357
2.57
1,520,662
738,461
0.006341576
2.48
1,469,235
726,780
0.006287982
2.59
1,537,070
745,027
0.006292671
2.60
1,543,443
744,511
0.006297774
2.49
1,475,851
730,035
0.006251525
2.63
1,556,217
746,448
0.006341681
2.48
1,469,651
728,336
0.006287462
2.55
1,510,412
740,417
0.006207514
2.59
1,532,413
737,623
0.006265796
2.46
1,456,655
722,688
0.006359701
2.55
1,515,409
737,122
0.006424024
2.59
1,530,949
742,270
0.006324858
2.59
1,531,911
740,261
0.006411732
2.61
1,547,333
742,713
0.006313451
2.67
1,565,131
746,506
0.006496367
2.48
1,465,483
727,586
0.006321733
2.48
1,466,729
727,737
0.006253140
2.47
1,463,060
729,722
0.006257410
2.59
1,531,929
736,760
0.006266733
2.56
1,518,719
738,366
0.006310900
2.57
1,524,739
740,216
0.006320118
2.48
1,467,232
728,865
0.006246733
2.57
1,523,531
741,082
0.006244702
2.61
1,543,909
742,115
0.006282514
2.48
1,467,963
728,019
0.006221056
2.57
1,521,533
738,437
0.006352670
2.56
1,517,985
737,166
0.006323035
2.57
1,523,471
739,365
0.006341680
2.56
1,514,821
732,006
0.006226577
2.55
1,510,061
737,901
0.006215171
2.58
1,511,022
732,220
0.006465690
2.47
1,463,473
730,181
0.006243348
2.55
1,511,353
735,106
0.006421420
2.59
1,534,781
739,244
0.006284650
2.47
1,463,073
726,431
0.006248973
2.49
1,472,687
734,284
0.006259129
2.55
1,510,220
734,587
0.006280951
2.59
1,531,521
741,554
0.006383034
2.57
1,525,229
737,752
0.006262775
2.49
1,476,241
736,553
0.006265067
2.47
1,461,949
726,559
0.006346941
2.62
1,551,737
745,571
0.006367670
2.45
1,451,429
723,018
0.006237150
2.59
1,533,259
739,268
0.006291785
2.47
1,459,023
728,562
0.006296680
2.49
1,472,222
729,908
0.006230691
2.57
1,519,737
741,456
0.006349336
2.48
1,468,707
730,879
0.006236316
2.61
1,544,901
745,099
0.006285431
2.58
1,525,557
739,293
0.006342878
2.50
1,476,925
732,476
0.006269129
2.56
1,513,055
738,998
0.006275796
2.49
1,475,230
732,265
0.006273244
2.61
1,546,967
740,893
0.006311524
2.58
1,526,459
739,793
0.006339597
2.47
1,463,073
730,599
0.006267983
2.56
1,519,977
737,123
0.006418294
2.50
1,477,767
730,223
0.006383607
2.58
1,529,753
737,342
0.006274077
2.47
1,459,422
728,564
0.006341889
2.58
1,527,603
742,089
0.006320327
2.57
1,518,929
732,987
0.006347982
2.49
1,474,515
729,949
0.006288713
2.59
1,533,892
741,216
0.006276890
2.47
1,460,517
727,831
0.006225483
2.48
1,469,159
730,309
0.006246421
2.66
1,561,553
749,279
0.006454337
2.59
1,532,037
743,248
0.006377931
2.60
1,540,607
737,495
0.006330900
2.68
1,573,786
753,331
0.006483919
2.47
1,461,797
727,397
0.006251213
2.47
1,460,625
729,589
0.006339962
2.57
1,520,332
741,640
0.006229078
2.57
1,521,757
736,782
0.006253139
2.48
1,466,653
728,835
0.006264807
2.59
1,531,385
742,859
0.006378972
2.51
1,482,433
736,070
0.006208088
2.57
1,519,084
739,421
0.006251212
2.59
1,534,843
740,736
0.006280327
2.59
1,534,855
745,690
0.006285118
2.56
1,518,059
737,542
0.006369284
2.57
1,522,591
735,832
0.006409180
2.50
1,480,971
731,407
0.006385639
2.59
1,532,757
741,132
0.006247306
2.58
1,526,539
738,814
0.006419336
2.46
1,458,535
728,674
0.006254025
2.63
1,555,079
753,943
0.006392930
2.49
1,475,981
732,916
0.006232984
2.58
1,527,761
734,776
0.006255744
2.54
1,501,671
731,550
0.006192411
2.47
1,462,835
728,083
0.006260275
2.48
1,467,565
731,630
0.006336524
2.56
1,513,350
736,702
0.006233088
2.59
1,533,154
740,711
0.006274285
2.57
1,523,603
738,573
0.006251682
2.48
1,468,937
729,849
0.006209233
2.59
1,533,880
741,822
0.006270223
2.49
1,472,591
733,041
0.006344597
2.59
1,535,063
736,977
0.006284338
2.48
1,465,338
731,454
0.006240379
2.65
1,552,933
746,181
0.006471419
2.60
1,538,761
744,920
0.006334546
2.56
1,514,096
737,392
0.006227046
2.62
1,551,986
742,705
0.006363399
2.57
1,521,879
743,625
0.006316421
2.55
1,511,895
737,234
0.006312306
2.48
1,464,765
729,801
0.006264442
2.48
1,467,922
729,996
0.006225015
2.59
1,535,634
739,899
0.006288713
2.51
1,485,839
730,861
0.006351681
2.55
1,511,825
735,810
0.006295535
2.65
1,555,060
746,656
0.006508919
2.50
1,477,909
733,514
0.006281108
2.64
1,565,949
747,072
0.006354442
2.57
1,521,494
738,291
0.006236317
2.57
1,522,011
738,282
0.006409076
2.49
1,470,965
731,452
0.006293347
2.59
1,530,725
740,676
0.006354493
2.61
1,546,758
743,217
0.006313920
2.47
1,463,966
727,503
0.006295691
2.56
1,520,739
739,471
0.006395900
2.57
1,520,215
735,748
0.006381525
2.46
1,457,377
724,197
0.006229234
2.62
1,550,275
742,888
0.006336004
2.48
1,463,863
729,321
0.006207671
2.65
1,555,144
743,960
0.006445535
2.56
1,516,461
738,509
0.006219806
2.55
1,508,825
730,736
0.006214025
2.60
1,542,001
741,952
0.006297358
2.55
1,516,797
733,098
0.006432670
2.62
1,548,345
747,833
0.006429858
2.48
1,467,409
731,688
0.006236213
2.64
1,550,338
739,978
0.006499649
2.58
1,529,547
739,928
0.006293400
2.56
1,518,245
740,784
0.006190693
2.47
1,461,707
729,311
0.006227463
2.61
1,547,015
747,218
0.006372879
2.50
1,475,684
728,398
0.006248400
2.59
1,534,282
741,611
0.006286889
2.60
1,542,985
748,268
0.006363712
2.55
1,511,699
736,070
0.006284286
2.63
1,555,635
746,629
0.006363973
2.50
1,478,771
735,612
0.006250744
2.59
1,535,664
739,634
0.006302463
2.57
1,521,147
741,203
0.006314129
2.59
1,533,605
741,380
0.006348399
2.58
1,527,965
740,072
0.006232046
2.51
1,483,491
735,333
0.006264182
2.60
1,542,434
740,922
0.006312098
2.60
1,540,227
741,720
0.006373608
2.63
1,557,117
748,822
0.006396472
2.49
1,474,673
731,959
0.006377775
2.58
1,530,771
741,664
0.006243140
2.60
1,542,908
737,799
0.006282463
2.64
1,546,898
747,054
0.006465639
2.47
1,462,405
725,667
0.006274286
2.59
1,534,839
742,435
0.006455899
2.59
1,531,279
740,942
0.006344493
2.59
1,532,177
740,245
0.006263557
2.48
1,465,675
727,530
0.006325014
2.48
1,469,085
730,317
0.006194182
2.60
1,536,747
743,921
0.006388296
2.49
1,470,600
730,806
0.006283556
2.60
1,538,505
742,290
0.006303191
2.56
1,518,895
739,395
0.006251682
2.61
1,547,233
745,405
0.006424180
2.48
1,470,991
732,818
0.006241942
2.47
1,460,737
725,077
0.006212098
2.60
1,538,891
737,011
0.006299390
2.57
1,519,983
739,003
0.006370067
2.57
1,521,941
738,903
0.006382671
2.48
1,470,499
731,755
0.006313191
2.64
1,561,992
749,791
0.006383243
2.59
1,532,255
740,044
0.006284025
2.49
1,471,549
732,187
0.006269494
2.58
1,527,399
739,127
0.006225744
2.58
1,528,939
738,458
0.006377254
2.65
1,545,552
744,865
0.006501732
2.60
1,542,704
742,921
0.006291525
2.57
1,519,307
736,308
0.006251369
2.56
1,513,291
740,131
0.006328504
2.49
1,474,573
731,837
0.006235275
2.54
1,507,147
731,641
0.006180380
2.59
1,533,366
736,604
0.006287150
2.59
1,530,567
738,494
0.006381577
2.58
1,529,177
741,745
0.006381524
2.59
1,534,008
740,733
0.006386629
2.56
1,514,806
737,218
0.006232359
2.58
1,528,185
739,958
0.006271004
2.47
1,464,277
726,128
0.006210640
2.55
1,513,595
738,326
0.006233349
2.58
1,531,261
738,762
0.006341004
2.56
1,516,909
733,553
0.006361213
