1.45
1,991,338
725,334
0.003700813
1.54
2,123,393
739,019
0.003788573
1.46
2,000,090
727,395
0.003890708
1.45
2,009,398
733,520
0.003899302
1.45
1,994,213
727,888
0.003790656
1.45
2,000,005
725,260
0.003822739
1.45
1,995,403
729,613
0.003909302
1.46
2,010,639
729,684
0.003855604
1.45
1,989,349
727,327
0.003743573
1.45
1,999,045
722,851
0.003748521
1.46
2,011,351
729,174
0.003796229
1.46
2,000,876
728,168
0.003852114
1.46
2,026,566
731,929
0.003912948
1.45
1,995,063
726,703
0.003696699
1.53
2,100,817
737,060
0.003768104
1.53
2,106,797
730,853
0.003807844
1.45
2,000,161
723,827
0.003806177
1.53
2,110,394
736,801
0.003760345
1.49
2,041,265
736,435
0.003855031
1.46
2,009,254
732,410
0.003708938
1.55
2,140,065
738,971
0.003787948
1.46
2,006,451
724,443
0.003787688
1.46
2,014,337
727,035
0.003809459
1.54
2,123,909
740,162
0.003779876
1.45
1,993,363
720,330
0.003832740
1.45
1,991,059
721,813
0.003842479
1.46
2,011,471
727,511
0.003763157
1.55
2,134,109
737,408
0.003777428
1.59
2,173,251
743,531
0.003884719
1.47
2,015,969
726,217
0.003830240
1.55
2,134,740
738,571
0.003791907
1.54
2,116,965
736,749
0.003792219
1.54
2,126,605
736,655
0.003772220
1.55
2,137,103
741,077
0.003786439
1.46
2,003,166
731,094
0.003692377
1.53
2,115,719
744,925
0.003769980
1.47
2,019,737
726,115
0.003869147
1.46
2,009,923
728,215
0.003851958
1.45
1,990,395
727,071
0.003718418
1.47
2,016,904
721,641
0.003770501
1.45
1,991,418
725,314
0.003856386
1.46
2,007,473
725,173
0.003842115
1.47
2,030,205
727,512
0.004243363
1.46
2,009,363
730,522
0.003842272
1.47
2,028,329
733,768
0.003836334
1.45
1,995,919
725,666
0.003839928
1.44
1,987,319
728,578
0.003675398
1.52
2,093,123
737,971
0.003740502
1.45
1,998,625
727,006
0.003698783
1.44
1,995,969
728,476
0.003885917
1.46
2,007,157
727,105
0.003848470
1.47
2,018,571
725,573
0.003847063
1.47
2,019,617
733,032
0.003796230
1.48
2,028,779
731,287
0.003858782
1.46
2,003,235
726,865
0.003776803
1.45
1,993,263
724,436
0.003742637
1.56
2,144,277
733,150
0.003789356
1.47
2,014,425
726,270
0.003789043
1.45
1,992,953
727,824
0.003700190
1.45
1,992,775
728,581
0.003706492
1.54
2,118,925
738,563
0.003797950
1.45
1,992,162
725,033
0.003837428
1.45
1,999,049
729,457
0.003845762
1.44
1,991,919
721,784
0.003878991
1.54
2,126,202
738,372
0.003766803
1.50
2,070,053
736,661
0.003719721
1.46
2,003,435
729,932
0.003835710
1.45
1,988,135
726,594
0.003826856
1.45
1,988,199
723,961
0.003708419
1.44
1,981,271
721,085
0.003826387
1.45
1,995,153
725,846
0.003815137
1.45
1,995,947
725,087
0.003757064
1.51
2,082,143
731,401
0.003760397
1.45
1,989,693
723,633
0.003807272
1.54
2,117,535
740,202
0.003791648
1.47
2,017,665
728,944
0.003848731
1.52
2,097,284
737,843
0.003764512
1.45
1,991,315
723,079
0.003872949
1.46
2,003,491
732,640
0.003721336
1.46
2,005,313
729,431
0.003835033
1.46
2,005,411
723,453
0.003855033
1.45
1,993,077
724,458
0.003792898
1.55
2,131,907
739,676
0.003778679
1.45
1,993,289
723,906
0.003795554
1.55
2,133,672
734,338
0.003805711
1.54
2,113,899
737,882
0.003801440
1.45
1,998,627
728,008
0.003839200
1.46
2,009,478
727,265
0.003807220
1.46
2,002,337
726,310
0.003844408
1.46
2,011,077
728,039
0.003895085
1.47
2,022,351
733,460
0.003897376
1.47
2,016,069
732,174
0.003738836
1.46
2,015,294
727,081
0.003788783
1.56
2,143,509
729,124
0.003781700
1.54
2,124,947
737,783
0.003780814
1.48
2,029,091
729,559
0.003802793
1.45
1,999,015
726,853
0.003718628
1.45
2,004,751
723,621
0.003896856
1.44
1,979,179
727,703
0.003728575
1.47
2,017,305
728,599
0.003771960
1.46
2,012,657
723,257
0.003828679
1.52
2,094,171
736,260
0.003775554
1.45
1,994,893
726,089
0.003834252
1.46
2,016,285
727,561
0.003920866
1.46
1,999,737
722,600
0.003835918
1.44
1,974,397
722,772
0.003698211
1.53
2,100,797
738,485
0.003749305
1.46
2,005,889
732,885
0.003850971
1.46
2,010,377
728,788
0.003883887
1.45
1,990,807
721,041
0.003848263
1.52
2,086,255
735,935
0.003730139
1.55
2,130,027
740,123
0.003794774
1.46
1,999,685
723,474
0.003832065
1.43
1,960,993
721,272
0.003683888
1.45
1,998,522
727,455
0.003702639
1.45
1,998,933
727,234
0.003780607
1.47
2,020,420
731,638
0.003820242
1.46
2,004,681
724,530
0.003842690
1.46
2,004,309
729,693
0.003779305
1.46
2,002,233
724,934
0.003793472
1.45
1,997,818
724,365
0.003859981
1.54
2,125,230
741,400
0.003788315
1.47
2,026,932
733,371
0.003789096
1.54
2,121,011
743,191
0.003772221
1.46
2,006,791
730,167
0.003803575
1.45
1,987,945
724,907
0.003827742
1.46
2,008,783
729,953
0.003875451
1.45
2,009,297
726,917
0.003901439
1.47
2,016,293
729,570
0.003833836
1.47
2,025,731
735,093
0.003873836
1.45
1,990,459
726,863
0.003706805
1.44
1,983,437
723,494
0.003815451
1.45
1,986,580
726,961
0.003838524
1.45
1,988,377
723,454
0.003821075
1.45
1,992,619
729,111
0.003701962
1.56
2,150,197
732,133
0.003799201
1.53
2,100,615
736,208
0.003754514
1.44
1,982,109
721,381
0.003856337
1.44
1,984,489
726,634
0.003852534
1.52
2,090,475
731,876
0.003759774
1.47
2,015,199
725,494
0.003775764
1.47
2,023,065
728,427
0.003865555
1.43
1,960,215
717,495
0.003752899
1.46
2,006,511
725,146
0.003736024
1.46
2,016,822
727,158
0.003929512
1.44
1,982,223
724,824
0.003765868
1.46
2,012,251
727,397
0.003770972
1.47
2,024,865
729,589
0.003809722
1.45
2,000,043
725,983
0.003762743
1.54
2,121,324
735,823
0.003786441
1.45
1,997,482
726,201
0.003861857
1.44
1,988,718
721,063
0.003916805
1.44
1,979,843
723,809
0.003694462
1.44
1,985,453
723,618
0.003698577
1.53
2,107,120
734,762
0.003761233
1.52
2,102,849
732,557
0.003754097
1.55
2,137,611
735,288
0.003761753
1.52
2,095,411
731,996
0.003774462
1.46
2,009,774
730,394
0.003778889
1.45
1,996,841
726,651
0.003810399
1.46
2,009,171
732,010
0.003846492
1.45
1,994,469
724,931
0.003765608
1.45
1,997,775
730,931
0.003834305
1.45
1,990,081
729,528
0.003709045
1.55
2,130,975
744,544
0.003794618
1.47
2,024,328
731,711
0.003860503
1.45
1,991,877
729,307
0.003814201
1.45
1,994,695
726,703
0.003760139
1.56
2,144,795
738,652
0.003800816
1.57
2,159,814
733,847
0.003766129
1.52
2,088,183
736,388
0.003760712
1.56
2,157,738
745,209
0.003818473
1.54
2,119,609
737,392
0.003770139
1.45
1,990,667
725,919
0.003722587
1.46
2,004,451
722,973
0.003820348
1.44
1,979,189
724,203
0.003771805
1.44
1,996,881
726,449
0.003867638
1.45
1,988,185
724,337
0.003788160
1.46
2,001,477
725,007
0.003847170
1.45
1,990,113
726,755
0.003764567
1.45
2,007,649
723,428
0.003900920
1.43
1,969,400
721,770
0.003749306
1.44
1,982,675
726,730
0.003816181
1.46
2,016,055
730,024
0.003781337
1.54
2,125,577
733,058
0.003784827
1.53
2,109,295
732,037
0.003758785
1.52
2,095,569
737,121
0.003781077
1.44
1,982,059
722,610
0.003859202
1.49
2,049,549
733,393
0.003821441
1.46
2,003,624
729,943
0.003812014
1.45
2,008,884
724,741
0.003892118
1.44
1,995,997
725,114
0.003856701
1.43
1,974,391
721,767
0.003751546
1.46
2,008,281
733,046
0.003780088
1.53
2,111,459
742,623
0.003787379
1.46
2,007,093
730,073
0.003870347
1.45
1,995,745
722,235
0.003771493
1.55
2,133,111
737,855
0.003809722
1.54
2,117,687
741,867
0.003791597
1.54
2,124,739
741,654
0.003817744
1.45
1,999,543
726,459
0.003728734
1.45
2,012,996
726,933
0.003907587
1.47
2,015,111
733,683
0.003877847
1.46
2,008,513
725,517
0.003782639
1.52
2,099,681
737,414
0.003745765
1.54
2,126,691
731,665
0.003771962
1.46
2,012,885
730,466
0.003789046
1.45
1,987,923
724,739
0.003852223
1.45
1,996,989
722,839
0.003771181
1.45
1,989,735
721,800
0.003830764
1.46
2,010,249
728,102
0.003721442
1.55
2,135,147
746,794
0.003798941
1.47
2,014,633
728,463
0.003840035
1.46
2,001,327
729,103
0.003856598
1.46
2,004,973
732,392
0.003774046
1.47
2,016,802
727,564
0.003861337
1.46
2,002,201
729,719
0.003861598
1.45
2,009,245
723,962
0.003901545
1.45
1,994,983
727,981
0.003750765
1.47
2,019,515
732,378
0.003809619
1.44
1,984,887
726,131
0.003700661
1.43
1,981,474
719,399
0.003845139
1.45
1,996,187
728,781
0.003800244
1.46
2,006,201
726,934
0.003785974
1.52
2,090,475
734,885
0.003734099
1.56
2,146,737
735,501
0.003788577
1.47
2,022,859
732,241
0.003791703
1.46
2,008,933
725,890
0.003854879
1.53
2,105,918
735,681
0.003768421
1.44
1,986,106
723,781
0.003724671
1.46
2,011,207
731,101
0.003761025
1.54
2,122,113
739,706
0.003778317
1.45
1,997,941
728,856
0.003860660
1.45
1,990,653
727,260
0.003815557
1.46
2,011,933
730,693
0.003853786
1.46
2,014,590
732,767
0.003947170
1.47
2,013,739
729,263
0.003885609
1.45
1,995,670
728,383
0.003779254
1.46
2,006,055
734,982
0.003738318
1.53
2,114,062
743,614
0.003790609
1.45
2,007,519
726,058
0.003927744
1.55
2,133,996
732,948
0.003773942
1.55
2,132,544
735,975
0.003783734
1.58
2,177,439
736,895
0.003834255
1.45
2,003,241
728,855
0.003876286
1.46
2,013,579
723,939
0.003827588
1.45
2,001,167
728,702
0.003922848
1.46
2,006,585
728,564
0.003800713
1.43
1,972,313
725,142
0.003712016
1.47
2,017,343
727,990
0.003785244
1.45
1,999,991
729,286
0.003834567
1.55
2,138,095
748,129
0.003790192
1.57
2,169,581
739,304
0.003809099
1.53
2,111,187
735,602
0.003799463
1.45
1,994,171
719,552
0.003733161
1.54
2,124,399
735,674
0.003811546
1.54
2,117,027
739,268
0.003822536
1.47
2,017,825
726,373
0.003778995
1.46
2,016,859
730,943
0.003706807
1.45
1,988,045
727,882
0.003793422
1.46
2,005,091
728,107
0.003830401
1.44
1,990,613
722,709
0.003909984
1.46
2,004,973
730,337
0.003768421
1.46
2,012,761
729,174
0.003802797
1.45
1,987,001
722,841
0.003870504
1.44
1,988,125
720,929
0.003874880
1.46
2,014,183
730,655
0.003878213
1.45
1,995,935
729,465
0.003686703
1.46
2,004,817
724,380
0.003851807
1.45
1,991,849
724,829
0.003759672
1.45
1,998,535
727,218
0.003866703
1.55
2,137,373
739,556
0.003791651
1.46
2,002,814
728,233
0.003848786
1.46
2,011,509
723,247
0.003785453
1.43
1,973,487
728,300
0.003743995
1.46
2,004,062
729,270
0.003776860
1.45
1,991,767
725,129
0.003703110
1.45
1,990,033
723,479
0.003823734
1.47
2,026,997
736,638
0.003865349
1.46
2,004,794
725,288
0.003864255
1.48
2,033,257
731,630
0.003985296
1.46
2,011,639
730,227
0.003867276
1.45
1,999,123
724,075
0.003782745
1.45
1,995,471
728,280
0.003775297
1.54
2,117,713
733,087
0.003728839
1.54
2,119,617
738,416
0.003799776
1.46
2,000,361
729,964
0.003724360
1.46
2,007,429
723,242
0.003834099
1.45
1,994,707
723,734
0.003852953
1.45
1,992,455
721,449
0.003836234
1.45
2,000,457
732,356
0.003707641
1.46
2,009,931
729,504
0.003784620
1.46
2,003,113
726,470
0.003839463
1.46
2,004,925
726,303
0.003863682
1.45
1,992,790
726,107
0.003790506
1.46
2,004,761
721,358
0.003763682
1.47
2,018,909
731,135
0.003724360
1.52
2,096,802
739,324
0.003777276
1.46
2,004,631
730,300
0.003747849
1.45
1,997,675
729,117
0.003831964
1.46
2,005,869
727,751
0.003703110
1.45
2,002,933
727,276
0.003816287
1.46
2,005,964
728,209
0.003796547
1.45
1,993,625
724,703
0.003861078
1.46
2,003,560
726,910
0.003761235
1.44
1,988,699
725,815
0.003715923
1.46
2,010,887
728,269
0.003853214
1.45
2,004,327
726,512
0.003900401
1.51
2,084,235
735,491
0.003714934
1.53
2,110,154
739,573
0.003784516
1.44
1,981,641
726,699
0.003861495
1.44
1,985,787
723,358
0.003736235
1.46
2,008,977
730,090
0.003770662
1.52
2,096,337
737,004
0.003737016
1.45
2,004,976
723,212
0.003969620
1.45
2,000,481
727,313
0.003866859
1.45
1,995,499
726,969
0.003860193
1.45
2,007,771
726,053
0.003889255
1.45
1,999,567
726,922
0.003899672
1.46
2,005,263
722,338
0.003893474
1.46
2,010,697
727,207
0.003848631
1.47
2,017,950
726,613
0.003879412
1.45
1,988,285
725,790
0.003746027
1.47
2,023,641
728,686
0.003870557
1.44
1,977,071
723,966
0.003669465
1.44
1,980,291
724,549
0.003833162
1.45
1,992,103
726,166
0.003771651
1.45
1,999,495
722,579
0.003860766
1.46
2,005,587
727,297
0.003849204
1.45
1,999,267
722,700
0.003893526
1.54
2,120,415
738,188
0.003766808
1.45
2,000,469
725,787
0.003870193
1.47
2,030,024
732,167
0.003917745
1.46
2,008,101
729,534
0.003730194
1.46
1,999,029
724,472
0.003763215
1.53
2,102,175
734,311
0.003773840
1.47
2,022,756
727,254
0.003807745
1.45
1,999,691
727,693
0.003772902
1.53
2,109,349
740,863
0.003802225
1.53
2,113,913
739,560
0.003777485
1.47
2,015,131
722,944
0.003833266
1.57
2,148,542
741,099
0.003894308
1.45
1,988,101
729,447
0.003826287
1.45
1,993,829
718,402
0.003716339
1.55
2,129,903
737,229
0.003772694
1.45
1,995,790
724,574
0.003820298
1.46
2,000,915
731,498
0.003816496
1.45
1,994,691
728,062
0.003777381
1.44
2,002,001
726,782
0.003888162
1.44
1,994,149
718,522
0.003919933
1.46
2,003,897
726,294
0.003826288
1.46
2,007,160
723,159
0.003841131
1.45
1,999,471
727,496
0.003845245
1.43
1,968,505
721,938
0.003694934
1.44
1,976,901
725,231
0.003771131
1.44
1,977,311
728,735
0.003820350
1.45
1,994,393
722,934
0.003777433
1.44
1,978,169
721,257
0.003813787
1.46
2,007,572
731,292
0.003777173
1.53
2,103,815
740,504
0.003760402
1.46
2,003,500
731,096
0.003797902
1.46
2,014,403
730,551
0.003791861
1.56
2,127,602
743,265
0.003839100
1.45
1,999,173
723,632
0.003885298
1.47
2,017,001
727,195
0.003861704
1.46
2,006,147
726,580
0.003876236
1.53
2,105,453
729,706
0.004013474
1.54
2,122,835
735,386
0.003781913
1.56
2,148,777
733,533
0.003780246
1.45
1,987,771
725,324
0.003888891
1.44
1,985,555
729,482
0.003861600
1.44
1,983,201
725,682
0.003831392
1.45
1,988,049
726,848
0.003720246
1.46
2,008,725
726,592
0.003799412
1.46
2,008,081
727,736
0.003759256
1.56
2,141,333
736,048
0.003810350
1.46
2,012,557
729,978
0.003884934
1.46
2,012,301
726,983
0.003794621
1.47
2,023,863
730,772
0.003799621
1.46
2,000,425
728,767
0.003829308
1.46
2,000,697
726,508
0.003769413
1.46
2,014,140
727,474
0.003841757
1.54
2,118,473
746,478
0.003769361
1.53
2,102,473
733,395
0.003717226
1.54
2,119,177
738,475
0.003789412
1.53
2,111,635
739,589
0.003816809
1.51
2,074,941
735,119
0.003768840
1.53
2,100,083
738,104
0.003761653
1.45
1,993,425
720,100
0.003760143
1.56
2,144,169
733,439
0.003783684
1.55
2,129,455
744,225
0.003787538
1.46
2,002,307
726,749
0.003741809
1.57
2,161,397
746,711
0.003848371
1.45
1,999,483
724,981
0.003865506
1.46
2,001,028
726,410
0.003828319
1.46
2,006,206
728,259
0.003819204
1.55
2,127,043
739,582
0.003788997
1.52
2,097,486
733,710
0.003739413
1.45
2,007,087
725,192
0.003879309
1.47
2,020,843
729,733
0.003862798
1.47
2,016,025
726,565
0.003768215
1.45
1,997,725
729,034
0.003818735
1.55
2,136,711
741,138
0.003777434
1.45
2,001,207
729,622
0.003907746
1.46
2,017,325
730,491
0.003947902
1.44
1,992,235
725,005
0.003894986
1.46
2,002,059
725,861
0.003894569
1.47
2,026,613
729,291
0.003917537
1.46
2,012,760
728,158
0.003880558
1.45
1,997,585
731,027
0.003728423
1.47
2,018,726
732,509
0.003877902
1.46
2,003,123
730,585
0.003701653
1.55
2,138,785
735,643
0.003795142
1.54
2,120,557
737,026
0.003770819
1.55
2,136,567
741,814
0.003790194
1.44
1,986,592
727,095
0.003864517
1.45
1,998,739
723,364
0.003800351
1.56
2,152,825
733,872
0.003832747
1.44
1,981,271
720,660
0.003744830
1.54
2,121,851
743,335
0.003790038
1.45
1,992,525
729,061
0.003719309
1.46
2,011,039
726,360
0.003801601
1.46
2,006,642
726,268
0.003796862
1.47
2,022,653
726,336
0.003832799
1.45
2,011,334
724,189
0.003881808
1.46
2,000,809
726,165
0.003860403
1.46
2,013,463
727,659
0.003779413
1.54
2,117,153
737,849
0.003739309
1.54
2,121,297
747,075
0.003789830
1.45
2,010,977
726,844
0.003847434
1.56
2,144,077
733,953
0.003816913
1.46
2,011,153
725,952
0.003848476
1.46
2,012,201
725,733
0.003780663
1.47
2,020,471
729,490
0.003884205
1.45
2,010,699
732,380
0.003914204
1.52
2,091,818
731,028
0.003736132
1.53
2,107,514
737,765
0.003776862
1.55
2,129,293
736,403
0.003762643
1.52
2,088,950
736,735
0.003761288
1.45
1,990,581
725,821
0.003728528
1.52
2,087,297
733,285
0.003726288
1.56
2,150,587
749,822
0.003812903
1.55
2,135,041
740,364
0.003761341
1.49
2,033,700
725,814
0.003797278
1.45
1,997,719
724,662
0.003837695
1.44
1,984,233
728,610
0.003731966
1.45
1,989,481
725,959
0.003719674
1.56
2,155,099
733,907
0.003816185
1.58
2,179,983
740,672
0.003822174
1.46
2,004,958
729,903
0.003735195
1.46
2,008,775
729,672
0.003772227
1.51
2,083,695
734,190
0.003774987
1.55
2,128,391
734,728
0.003799101
1.55
2,129,445
737,701
0.003786497
1.60
2,183,502
747,993
0.003948371
1.45
1,996,447
724,992
0.003834622
1.46
2,001,365
729,793
0.003814882
1.47
2,027,790
730,796
0.003789154
1.45
2,006,831
729,528
0.003908528
1.54
2,126,297
740,018
0.003781289
1.55
2,143,493
735,719
0.003801914
1.54
2,125,422
740,038
0.003784518
1.45
1,993,519
726,007
0.003798477
1.58
2,184,283
739,145
0.003885872
1.46
2,005,569
719,997
0.003852434
1.46
2,012,047
729,770
0.003834309
1.48
2,036,952
735,467
0.003802695
1.45
1,993,431
725,173
0.003695664
1.45
2,000,499
725,862
0.003820872
1.56
2,155,121
737,457
0.003777955
1.45
1,987,359
721,432
0.003795560
1.45
1,996,299
726,708
0.003809153
1.55
2,137,915
738,052
0.003793320
1.54
2,117,648
733,689
0.003781393
1.45
2,009,175
726,838
0.003881236
1.47
2,018,139
728,520
0.003876549
1.45
2,001,425
728,837
0.003886184
1.44
1,981,635
725,416
0.003712800
1.44
1,986,555
721,283
0.003863163
1.46
2,005,083
726,746
0.003817122
1.46
2,007,148
726,823
0.003761654
1.45
2,001,782
730,958
0.003897956
1.46
2,013,030
729,991
0.003875247
1.46
2,014,251
731,271
0.003847747
1.46
2,013,539
723,093
0.003860299
1.43
1,982,604
725,837
0.003906340
1.44
1,983,191
719,633
0.003691654
1.52
2,096,705
737,442
0.003760873
1.47
2,014,343
727,612
0.003901758
1.47
2,017,761
732,080
0.003811445
1.44
1,978,497
718,725
0.003799050
1.45
1,996,577
722,993
0.003850299
1.46
2,003,071
728,633
0.003856549
1.47
2,021,337
730,538
0.003847903
1.46
2,011,631
726,143
0.003858060
1.45
2,001,313
725,820
0.003817695
1.46
2,005,131
726,015
0.003724727
1.46
2,014,049
734,010
0.003870300
1.46
2,003,861
728,346
0.003867227
1.46
2,005,829
726,348
0.003789206
