1.71
2,352,387
730,370
0.004137118
1.59
2,190,123
716,820
0.004155451
1.72
2,357,947
735,011
0.004150764
1.71
2,359,513
732,288
0.004151181
1.70
2,342,753
740,166
0.004171962
1.61
2,207,477
725,990
0.004239982
1.70
2,334,847
743,656
0.004151806
1.63
2,232,573
729,790
0.004264304
1.71
2,358,337
735,055
0.004161233
1.71
2,352,105
735,782
0.004157222
1.69
2,329,779
733,532
0.004141076
1.60
2,192,403
718,615
0.004163472
1.70
2,344,315
739,491
0.004145711
1.72
2,363,385
736,264
0.004152378
1.71
2,356,903
741,701
0.004196857
1.63
2,226,207
732,231
0.004168055
1.71
2,351,223
728,578
0.004158420
1.73
2,381,077
740,268
0.004150868
1.61
2,213,817
726,881
0.004141284
1.70
2,342,939
735,571
0.004147690
1.60
2,190,567
719,847
0.004171858
1.61
2,212,157
724,558
0.004173628
1.68
2,315,510
739,116
0.004124670
1.71
2,358,199
740,225
0.004139046
1.73
2,386,379
734,258
0.004196180
1.73
2,383,915
734,568
0.004161858
1.71
2,361,783
740,619
0.004151650
1.59
2,195,729
724,004
0.004198003
1.72
2,364,499
730,754
0.004141650
1.70
2,340,828
734,888
0.004146076
1.61
2,205,590
728,311
0.004252326
1.73
2,342,024
744,460
0.004195555
1.71
2,348,682
736,716
0.004158368
1.70
2,344,759
736,783
0.004181128
1.72
2,365,411
744,789
0.004174202
1.76
2,381,736
743,050
0.004238420
1.63
2,235,053
725,208
0.004223003
1.72
2,377,437
739,027
0.004148369
1.70
2,336,751
737,243
0.004156181
1.61
2,219,464
728,193
0.004162638
1.72
2,371,073
737,504
0.004172378
1.71
2,349,797
734,812
0.004143108
1.60
2,205,044
730,016
0.004223784
1.62
2,219,251
729,796
0.004230608
1.73
2,386,963
737,774
0.004184930
1.70
2,345,526
735,514
0.004167431
1.73
2,339,935
739,169
0.004200452
1.70
2,325,145
731,189
0.004124826
1.72
2,365,215
743,608
0.004180920
1.71
2,347,365
737,932
0.004154514
1.72
2,367,718
743,211
0.004120191
1.70
2,334,639
731,432
0.004115451
1.72
2,370,335
737,921
0.004160973
1.73
2,376,423
740,092
0.004176285
1.62
2,226,111
728,118
0.004182170
1.62
2,222,041
728,723
0.004198108
1.71
2,353,211
736,935
0.004167483
1.71
2,347,487
734,675
0.004123577
1.63
2,233,027
731,445
0.004157483
1.69
2,327,282
734,521
0.004162327
1.74
2,347,700
740,280
0.004223316
1.60
2,194,576
723,574
0.004249618
1.70
2,342,775
734,004
0.004137639
1.73
2,388,626
742,291
0.004193577
1.70
2,344,059
736,083
0.004145348
1.68
2,312,575
737,122
0.004090817
1.69
2,324,485
732,532
0.004159723
1.58
2,168,985
724,229
0.000211093
1.69
2,318,796
735,631
0.004148004
1.64
2,256,627
732,479
0.004293368
1.62
2,225,123
733,222
0.004161650
1.73
2,386,817
752,702
0.004177743
1.70
2,342,283
737,529
0.004174514
1.74
2,359,951
741,538
0.004221077
1.61
2,216,699
730,503
0.004232899
1.73
2,383,885
739,913
0.004207691
1.60
2,193,623
722,309
0.004232118
1.62
2,220,511
726,178
0.004176494
1.71
2,348,355
737,569
0.004153941
1.74
2,349,354
740,546
0.000616664
1.70
2,347,193
735,471
0.004132535
1.70
2,339,097
734,656
0.004228629
1.70
2,340,617
739,735
0.004135192
1.60
2,193,527
725,991
0.004191180
1.71
2,353,769
735,194
0.004168264
1.75
2,406,345
737,116
0.004193056
1.70
2,345,557
740,239
0.004179358
1.64
2,260,999
735,886
0.004167483
1.79
2,434,428
744,337
0.004295035
1.72
2,372,671
732,307
0.004169462
1.71
2,346,931
737,533
0.004191857
1.63
2,225,407
725,478
0.004128421
1.62
2,218,491
727,653
0.004273940
1.75
2,406,799
745,169
0.004215817
1.72
2,367,293
746,300
0.004152848
1.73
2,375,341
736,791
0.004197848
1.74
2,388,119
739,740
0.004168785
1.74
2,391,925
743,995
0.004191597
1.70
2,339,347
732,147
0.004171181
1.69
2,327,879
733,638
0.004159462
1.60
2,198,773
722,778
0.004183576
1.71
2,352,367
733,982
0.004140295
1.72
2,362,684
743,479
0.004177431
1.70
2,333,433
743,857
0.004164254
1.73
2,375,731
740,960
0.004198785
1.60
2,189,457
722,577
0.004232014
1.72
2,370,139
741,393
0.004174514
1.58
2,184,321
727,050
0.004300972
1.68
2,317,547
729,893
0.004136390
1.61
2,208,693
727,389
0.004265451
1.60
2,201,156
734,091
0.004190556
1.61
2,212,881
730,093
0.004141806
1.71
2,359,477
737,048
0.004163525
1.71
2,354,130
737,170
0.004156910
1.72
2,369,415
742,285
0.004180400
1.72
2,375,154
737,181
0.004152223
1.70
2,333,733
734,652
0.004156597
1.72
2,358,965
738,013
0.004161494
1.59
2,180,330
727,375
0.004152223
1.72
2,362,351
744,313
0.004225920
1.73
2,376,783
745,526
0.004177588
1.71
2,352,135
741,740
0.004177796
1.73
2,377,114
741,258
0.004126494
1.70
2,335,607
738,515
0.004169307
1.73
2,380,343
739,612
0.004163160
1.72
2,367,091
730,630
0.004189722
1.70
2,342,920
740,241
0.004159306
1.72
2,360,679
740,758
0.004146702
1.64
2,255,309
729,825
0.004155140
1.70
2,340,569
739,218
0.004159306
1.70
2,346,541
741,143
0.004171545
1.63
2,241,293
728,323
0.004163004
1.75
2,407,867
746,096
0.004201754
1.71
2,358,335
739,239
0.004148733
1.71
2,356,385
731,309
0.004169567
1.70
2,336,947
740,810
0.004161233
1.73
2,382,133
741,424
0.004195139
1.71
2,355,859
741,857
0.004180660
1.62
2,227,413
730,992
0.004293993
1.70
2,337,208
734,123
0.004109254
1.61
2,213,429
728,511
0.004201493
1.71
2,345,941
733,226
0.004136910
1.72
2,369,803
742,027
0.004185608
1.71
2,355,185
741,886
0.004159879
1.72
2,369,433
739,958
0.004176754
1.72
2,371,916
744,184
0.004182744
1.70
2,338,143
739,792
0.004190400
1.70
2,340,745
737,822
0.004170972
1.77
2,405,983
744,461
0.004256702
1.75
2,416,399
740,944
0.004214150
1.62
2,217,135
728,892
0.004239514
1.72
2,359,705
741,667
0.004179827
1.69
2,334,017
735,864
0.004137848
1.64
2,248,785
732,322
0.004266753
1.71
2,349,725
738,388
0.004179671
1.75
2,403,103
739,273
0.004204566
1.71
2,361,869
738,355
0.004158838
1.61
2,206,045
723,212
0.004287483
1.71
2,358,347
740,746
0.004152014
1.61
2,204,993
723,912
0.004169567
1.73
2,382,307
736,254
0.004183942
1.71
2,354,541
735,152
0.004157275
1.62
2,224,682
727,434
0.004186285
1.71
2,353,708
735,313
0.004185764
1.70
2,342,044
733,717
0.004172119
1.74
2,346,471
738,855
0.000455727
1.72
2,366,711
739,612
0.004170765
1.72
2,377,543
743,050
0.004148890
1.60
2,204,851
723,780
0.004204983
1.61
2,208,531
726,174
0.004146234
1.72
2,369,396
736,582
0.004204254
1.70
2,344,803
739,336
0.004147015
1.61
2,205,889
720,645
0.004173056
1.70
2,338,859
736,409
0.004095869
1.72
2,374,859
742,130
0.004173838
1.72
2,372,707
739,347
0.004171077
1.71
2,348,287
737,830
0.004176181
1.72
2,366,665
737,242
0.004184566
1.61
2,214,045
734,985
0.004179358
1.74
2,384,390
740,134
0.004180087
1.69
2,332,431
738,380
0.004156962
1.62
2,223,895
730,691
0.004134150
1.72
2,371,795
729,695
0.004154046
1.75
2,376,825
746,192
0.004232014
1.72
2,372,229
742,533
0.004183837
1.71
2,347,101
739,680
0.004127379
1.73
2,384,939
746,546
0.004214514
1.75
2,362,800
735,371
0.004200556
1.61
2,212,303
725,904
0.004194931
1.64
2,234,283
725,594
0.004177431
1.74
2,393,612
744,879
0.004198369
1.70
2,343,592
740,734
0.004160452
1.71
2,357,165
734,494
0.004145400
1.72
2,367,923
743,820
0.004172171
1.72
2,371,413
741,233
0.004165609
1.69
2,324,223
735,173
0.004147223
1.69
2,321,431
732,792
0.004175505
1.69
2,328,329
730,863
0.004132536
1.61
2,207,337
733,248
0.004242223
1.74
2,400,584
742,842
0.004195921
1.59
2,189,999
721,739
0.004217275
1.64
2,234,741
719,705
0.004198108
1.73
2,385,607
741,093
0.004215712
1.71
2,358,299
737,612
0.004126234
1.63
2,223,015
724,819
0.004210608
1.72
2,365,653
742,667
0.004187224
1.79
2,463,575
745,310
0.004233369
1.73
2,377,765
739,125
0.004200505
1.75
2,410,179
740,569
0.004193786
1.69
2,320,003
733,268
0.004147327
1.72
2,362,617
743,234
0.004193316
1.59
2,191,541
726,563
0.004190713
1.73
2,376,219
745,031
0.004206181
1.73
2,386,429
734,170
0.004173369
1.71
2,349,087
734,788
0.004157328
1.72
2,366,662
741,212
0.004209046
1.75
2,408,943
735,322
0.004205087
1.71
2,351,207
736,608
0.004107849
1.72
2,371,005
742,040
0.004196702
1.75
2,415,699
740,813
0.004198421
1.73
2,377,707
738,347
0.004156858
1.75
2,412,915
737,538
0.004195869
1.70
2,331,819
739,739
0.004147379
1.61
2,206,823
725,956
0.004192952
1.73
2,379,937
733,479
0.004183004
1.72
2,367,535
740,533
0.004167432
1.61
2,221,869
731,467
0.004219567
1.61
2,209,841
726,977
0.004265400
1.71
2,352,199
734,486
0.004175556
1.72
2,368,495
738,724
0.004156442
1.72
2,372,612
740,344
0.004184515
1.60
2,192,539
727,148
0.004277015
1.74
2,349,596
740,027
0.004217380
1.61
2,206,151
721,084
0.004166963
1.74
2,396,521
745,365
0.004212849
1.58
2,190,527
724,289
0.004278785
1.61
2,209,493
728,313
0.004238265
1.69
2,328,677
738,777
0.004174150
1.72
2,365,397
740,613
0.004169879
1.61
2,207,707
728,125
0.004223681
1.75
2,405,429
742,679
0.004211546
1.75
2,415,533
740,636
0.004194463
1.60
2,203,021
721,887
0.004156546
1.71
2,359,791
739,599
0.004150400
1.72
2,365,823
735,643
0.004162588
1.73
2,333,684
739,371
0.000311457
1.61
2,222,777
728,917
0.004280244
1.74
2,394,305
745,513
0.004140349
1.72
2,364,649
735,592
0.004166130
1.62
2,227,098
728,635
0.004194879
1.71
2,348,059
737,326
0.004166807
1.71
2,352,413
738,349
0.004167431
1.59
2,189,637
724,083
0.004206338
1.72
2,370,067
733,803
0.004170504
1.71
2,351,853
741,689
0.004153213
1.62
2,219,591
733,488
0.004261702
1.72
2,365,223
732,618
0.004161806
1.62
2,224,333
727,811
0.004175973
1.71
2,350,444
737,120
0.004167172
1.73
2,347,804
740,361
0.004218994
1.60
2,195,061
725,122
0.004182692
1.73
2,387,578
739,736
0.004172224
1.74
2,399,585
758,912
0.004156963
1.61
2,219,981
731,098
0.004243733
1.60
2,196,453
724,950
0.004133786
1.72
2,372,055
734,572
0.004167588
1.60
2,197,137
726,930
0.004249827
1.76
2,380,220
743,268
0.004231077
1.64
2,246,023
734,133
0.004290035
1.61
2,211,023
728,454
0.004147432
1.61
2,208,494
732,478
0.004167172
1.60
2,199,637
729,251
0.004166078
1.71
2,352,712
736,531
0.004156078
1.58
2,177,959
724,072
0.004118630
1.76
2,431,779
750,333
0.004202953
1.70
2,334,973
744,525
0.004187067
1.71
2,353,603
744,339
0.004178577
1.59
2,182,543
723,034
0.004143734
1.70
2,345,655
739,807
0.004227171
1.60
2,212,387
729,387
0.004267015
1.61
2,210,901
726,620
0.004118786
1.60
2,191,166
726,157
0.004150505
1.75
2,403,729
741,379
0.004195401
1.71
2,354,457
734,735
0.004145036
1.61
2,207,019
725,358
0.004273629
1.74
2,358,940
737,649
0.004222535
1.60
2,197,365
728,460
0.004167536
1.61
2,211,477
724,570
0.004255400
1.72
2,362,591
738,961
0.004144411
1.73
2,339,596
739,550
0.000378749
1.60
2,203,589
727,423
0.004220713
1.64
2,259,299
736,301
0.004263890
1.73
2,376,449
738,641
0.004160401
1.59
2,185,268
724,709
0.004223838
1.62
2,221,811
729,036
0.004251182
1.59
2,189,110
724,554
0.004150349
1.62
2,221,123
731,170
0.004127589
1.61
2,213,935
728,343
0.004184255
1.63
2,235,193
728,668
0.004193786
1.70
2,339,903
740,457
0.004165713
1.71
2,357,595
734,781
0.004155349
1.71
2,345,220
735,718
0.004168890
1.73
2,379,055
740,777
0.004186077
1.71
2,353,739
739,353
0.004186182
1.73
2,377,704
734,117
0.004181234
1.74
2,391,749
738,070
0.004176650
1.73
2,373,769
740,700
0.004188213
1.60
2,200,505
729,751
0.004223786
1.61
2,209,221
725,546
0.004151338
1.71
2,348,145
731,627
0.004153473
1.70
2,336,257
736,956
0.004162068
1.72
2,366,549
734,001
0.004214619
1.72
2,365,820
737,270
0.004166026
1.71
2,352,665
734,481
0.004183525
1.62
2,223,091
731,710
0.004267275
1.68
2,317,112
738,380
0.004133578
1.71
2,345,573
733,855
0.004147900
1.72
2,373,809
736,631
0.004178630
1.70
2,339,847
739,391
0.004168318
1.74
2,390,189
732,269
0.004170817
1.60
2,202,229
723,642
0.004100401
1.60
2,195,735
725,302
0.004209046
1.62
2,229,927
729,035
0.004185818
1.60
2,203,665
727,904
0.004240973
1.62
2,225,747
727,667
0.004232900
1.60
2,197,899
728,061
0.004208526
1.71
2,356,941
740,885
0.004130922
1.61
2,204,509
726,750
0.004264203
1.61
2,209,085
720,911
0.004148317
1.69
2,322,737
739,007
0.004120714
1.73
2,376,437
735,890
0.004136859
1.71
2,351,101
735,952
0.004186703
1.62
2,222,139
727,916
0.004228682
1.59
2,204,887
725,463
0.004293525
1.60
2,198,819
729,728
0.004131338
1.71
2,352,745
738,155
0.004166182
1.58
2,177,575
722,165
0.004264567
1.75
2,363,254
742,354
0.000574894
1.74
2,374,964
748,937
0.004265609
1.73
2,383,197
741,447
0.004171338
1.72
2,374,651
738,405
0.004180766
1.71
2,352,668
734,238
0.004122745
1.61
2,217,057
729,804
0.004155973
1.73
2,380,934
739,382
0.004166078
1.71
2,350,095
738,715
0.004158109
1.63
2,224,603
727,345
0.004146808
1.74
2,403,571
740,105
0.004210869
1.72
2,372,127
739,828
0.004162692
1.73
2,378,677
741,250
0.004155505
1.68
2,316,111
734,931
0.004131547
1.62
2,226,401
734,282
0.004160401
1.60
2,202,171
728,274
0.004135609
1.72
2,361,539
736,807
0.004139047
1.73
2,381,815
739,268
0.004168630
1.72
2,362,381
748,582
0.004177693
1.71
2,355,603
748,979
0.004149984
1.61
2,215,074
728,235
0.004230609
1.69
2,313,851
732,218
0.004121859
1.70
2,339,345
736,625
0.004153943
1.74
2,391,415
740,732
0.004179463
1.71
2,355,171
736,301
0.004180661
1.60
2,195,401
724,529
0.004137849
1.72
2,367,431
742,865
0.004148370
1.59
2,189,912
729,573
0.004163734
1.67
2,293,597
733,069
0.004146547
1.73
2,342,285
737,390
0.001246870
1.72
2,366,263
735,033
0.004156599
1.61
2,215,511
727,150
0.004176911
1.75
2,407,397
742,058
0.004188422
1.61
2,209,169
727,526
0.004137537
1.70
2,338,558
741,236
0.004125297
1.71
2,356,375
739,709
0.004161599
1.59
2,185,427
725,089
0.004232328
1.69
2,324,457
737,189
0.004144932
1.71
2,350,367
740,108
0.004147536
1.68
2,315,381
739,060
0.004150037
1.71
2,349,685
736,754
0.004170817
1.77
2,443,125
745,121
0.004216911
1.76
2,381,887
747,089
0.004242953
1.61
2,211,201
726,973
0.004207016
1.71
2,351,997
737,772
0.004137849
1.70
2,340,887
739,920
0.004203839
1.61
2,205,525
731,389
0.004263161
1.61
2,214,753
730,041
0.004257068
1.61
2,213,941
725,396
0.004162901
1.70
2,343,333
736,303
0.004171182
1.60
2,196,337
724,313
0.004248526
1.63
2,234,536
729,405
0.004221599
1.72
2,369,985
734,401
0.004176547
1.71
2,347,911
738,303
0.004139724
1.59
2,184,095
725,393
0.004151859
1.73
2,374,381
746,729
0.004200297
1.69
2,320,699
738,520
0.004175349
1.60
2,196,511
724,520
0.004188526
1.73
2,375,933
741,521
0.004203578
1.74
2,401,787
742,220
0.004170713
1.76
2,423,853
745,932
0.004227693
1.75
2,401,888
749,335
0.004220714
1.73
2,385,215
742,833
0.004155922
1.60
2,198,021
731,742
0.004218057
1.61
2,216,749
730,865
0.004157068
1.60
2,202,519
722,842
0.004273995
1.73
2,380,608
750,181
0.004205089
1.69
2,326,257
742,025
0.004131131
1.68
2,317,052
735,533
0.004172588
1.70
2,336,179
739,308
0.004174099
1.68
2,311,033
736,912
0.004130036
1.71
2,350,784
737,258
0.004160609
1.61
2,211,237
723,595
0.004179047
1.72
2,359,279
737,750
0.004164204
1.74
2,391,959
744,315
0.004178317
1.73
2,336,765
745,636
0.000380155
1.72
2,368,688
735,224
0.004188422
1.70
2,342,375
736,179
0.004169984
1.62
2,228,013
731,931
0.004192276
1.74
2,390,339
741,722
0.004206494
1.73
2,388,177
739,511
0.004160505
1.63
2,227,427
723,163
0.004186912
1.70
2,346,827
735,396
0.004154777
1.72
2,361,351
740,240
0.004164620
1.73
2,372,374
742,812
0.004161183
1.60
2,197,931
727,016
0.004144776
1.73
2,373,873
741,492
0.004178839
1.60
2,193,751
727,007
0.004208109
1.75
2,406,373
742,559
0.004181755
1.73
2,380,055
741,843
0.004153161
1.71
2,354,825
728,952
0.004158995
1.72
2,360,131
739,494
0.004156495
1.63
2,231,769
726,156
0.004158318
1.61
2,211,353
725,744
0.004220766
1.62
2,220,813
729,748
0.004191807
1.71
2,352,013
740,052
0.004143005
1.69
2,333,603
736,036
0.004164724
1.59
2,192,671
720,320
0.004188526
1.69
2,326,043
739,230
0.004120141
1.60
2,198,329
722,905
0.004142276
1.73
2,384,784
741,394
0.004178682
1.71
2,349,131
736,103
0.004167224
1.61
2,211,281
729,495
0.004255817
1.72
2,357,879
736,492
0.004180713
1.62
2,225,284
724,621
0.004166026
1.60
2,203,737
722,961
0.004239411
1.72
2,361,934
741,469
0.004146807
1.61
2,211,665
728,088
0.004168162
1.71
2,357,560
737,170
0.004148526
1.74
2,353,022
743,205
0.004244776
1.63
2,239,943
736,811
0.004266234
1.71
2,349,189
737,095
0.004158630
1.63
2,231,875
733,148
0.004217693
1.56
2,151,215
724,191
0.000167500
1.69
2,323,163
738,941
0.004160350
1.71
2,357,721
740,424
0.004132537
1.74
2,398,749
748,950
0.004194515
1.72
2,363,135
739,010
0.004169463
1.69
2,331,553
743,392
0.004109151
1.60
2,202,395
730,810
0.004253162
1.61
2,217,447
726,193
0.004249099
1.60
2,203,980
726,122
0.004161443
1.72
2,361,383
739,768
0.004158214
1.72
2,358,715
740,430
0.004246860
1.71
2,359,897
737,960
0.004129621
1.72
2,363,541
736,324
0.004196026
1.75
2,373,733
744,403
0.004279619
1.71
2,348,209
740,304
0.004170193
1.71
2,349,956
739,286
0.004167433
1.73
2,378,991
739,582
0.004165558
1.59
2,183,849
725,722
0.004179464
1.63
2,236,889
729,343
0.004312797
1.75
2,369,446
743,422
0.004215766
1.73
2,378,331
740,220
0.004175141
1.63
2,235,039
730,318
0.004177589
1.72
2,360,959
738,743
0.004156860
1.73
2,339,998
740,283
0.000274530
1.60
2,200,271
722,879
0.004182693
1.71
2,352,897
743,608
0.004107381
1.60
2,199,111
728,002
0.004151339
1.70
2,347,505
743,276
0.004175193
1.71
2,359,205
738,835
0.004150558
1.72
2,370,761
741,004
0.004165193
1.76
2,408,663
748,888
0.004289567
1.61
2,213,851
724,902
0.004364307
1.73
2,374,955
741,318
0.004170766
1.61
2,210,473
731,612
0.004243266
1.71
2,354,892
738,872
0.004168786
1.69
2,333,795
738,942
0.004151026
1.61
2,205,207
726,421
0.004187068
1.71
2,359,083
742,239
0.004182537
1.78
2,393,361
757,612
0.004314619
1.70
2,336,127
741,768
0.004160298
1.72
2,372,809
741,031
0.004130402
1.71
2,348,295
745,308
0.004170870
1.62
2,225,596
730,854
0.004197901
1.73
2,380,415
733,352
0.004197589
1.61
2,211,475
725,341
0.004200609
1.70
2,329,424
735,184
0.004156964
1.60
2,202,459
726,494
0.004138214
1.72
2,360,785
741,376
0.004173838
1.62
2,230,571
727,518
0.004159099
1.72
2,370,517
747,837
0.004194932
1.70
2,343,749
742,621
0.004164204
1.72
2,372,908
739,915
0.004229720
1.60
2,191,547
726,768
0.004198626
1.60
2,203,076
726,776
0.004192220
1.61
2,209,815
722,756
0.004251386
1.61
2,206,833
726,670
0.004266230
1.62
2,218,005
729,558
0.004254771
1.62
2,215,677
729,185
0.004269927
1.63
2,243,283
730,469
0.004307896
1.62
2,217,869
730,111
0.004241698
1.62
2,222,411
731,166
0.004208209
1.61
2,213,123
723,392
0.004211491
1.73
2,389,074
741,511
0.004198938
1.62
2,225,649
726,145
0.004288365
1.60
2,202,623
727,925
0.004180709
1.72
2,370,395
735,976
0.004203210
1.60
2,205,679
733,914
0.004317375
1.61
2,208,107
725,274
0.004344927
1.64
2,252,499
738,397
0.004313521
1.60
2,204,143
727,740
0.004157740
1.62
2,218,421
728,277
0.004314042
1.61
2,212,999
732,488
0.004271855
1.65
2,268,601
738,549
0.004299823
1.75
2,402,535
739,994
0.004229251
1.63
2,233,213
730,971
0.004247896
1.60
2,200,431
727,580
0.004290396
1.61
2,206,029
724,216
0.004255292
1.65
2,264,265
730,022
0.004267219
1.62
2,223,897
726,142
0.004328000
1.59
2,186,741
720,457
0.004217324
1.62
2,224,069
729,284
0.004305448
1.61
2,207,475
733,393
0.004230761
1.61
2,215,727
725,573
0.004249147
1.63
2,234,321
730,119
0.004283573
1.72
2,361,583
746,011
0.004175189
1.62
2,220,385
729,275
0.004256750
1.62
2,223,995
728,568
0.004275604
1.61
2,213,581
725,616
0.004268886
1.62
2,229,367
725,847
0.004308156
1.61
2,218,349
726,761
0.004148574
1.60
2,198,303
727,468
0.004188417
1.73
2,380,523
728,010
0.004340501
1.61
2,214,935
729,579
0.004292844
1.61
2,209,487
726,117
0.004270137
1.62
2,218,589
730,334
0.004200293
1.72
2,364,549
739,793
0.004197532
1.70
2,340,941
740,996
0.004199928
1.63
2,240,696
728,856
0.004305761
1.61
2,215,371
729,340
0.004199772
1.60
2,190,751
727,846
0.004156022
1.66
2,284,159
736,413
0.004241386
1.61
2,215,707
728,086
0.004198835
1.60
2,197,191
728,874
0.004238313
1.61
2,208,545
725,124
0.004244980
1.61
2,202,451
726,582
0.004261542
1.62
2,219,531
733,457
0.004313105
1.71
2,355,414
737,397
0.004169980
1.73
2,382,350
742,584
0.004227845
1.61
2,216,755
730,058
0.004303053
1.60
2,200,607
725,895
0.004187063
1.61
2,215,279
725,522
0.004264146
1.60
2,215,623
726,971
0.004321855
1.61
2,205,751
729,129
0.004251490
1.62
2,217,392
727,636
0.004283990
1.60
2,201,429
722,268
0.004289459
1.62
2,223,645
728,082
0.004236490
1.62
2,224,369
728,689
0.004207688
1.71
2,355,359
739,997
0.004177168
1.74
2,399,137
738,981
0.004291802
1.60
2,209,655
729,431
0.004352740
1.70
2,340,505
736,460
0.004215293
1.61
2,207,557
726,567
0.004305292
1.61
2,208,041
724,380
0.004236647
1.61
2,219,396
728,577
0.004178782
1.61
2,209,137
730,648
0.004270188
1.62
2,220,627
728,063
0.004316698
1.62
2,223,138
729,241
0.004318000
1.62
2,219,067
728,316
0.004296542
1.72
2,364,555
738,040
0.004194251
1.60
2,198,639
725,887
0.004273626
1.60
2,192,753
725,556
0.004285188
1.59
2,187,132
727,495
0.004218678
1.62
2,217,417
730,078
0.004311386
1.62
2,232,631
726,969
0.004194616
1.60
2,195,848
728,013
0.004268938
1.61
2,212,826
726,522
0.004180657
1.61
2,214,915
731,306
0.004286491
1.60
2,198,297
726,487
0.004283990
1.61
2,208,189
731,557
0.004304094
1.73
2,383,059
740,349
0.004215813
1.60
2,200,495
730,614
0.004308521
1.60
2,195,637
725,035
0.004239355
1.63
2,245,994
726,994
0.004197585
1.61
2,211,045
728,835
0.004290136
1.63
2,238,635
730,926
0.004300448
1.59
2,193,000
726,223
0.004307011
1.62
2,218,420
727,331
0.004287636
1.61
2,206,701
724,999
0.004295084
1.61
2,205,759
730,507
0.004260293
1.60
2,192,423
722,206
0.004223886
1.72
2,361,129
737,966
0.004161178
1.61
2,210,095
723,960
0.004180605
1.60
2,202,879
732,279
0.004257220
1.61
2,216,637
730,724
0.004203313
1.71
2,344,505
743,484
0.004253469
1.62
2,221,456
732,453
0.004271490
1.70
2,339,631
735,887
0.004191126
1.59
2,185,827
725,088
0.004260396
1.60
2,198,577
726,234
0.004271021
1.58
2,176,143
718,346
0.004228053
1.63
2,245,494
734,533
0.004327479
1.71
2,358,843
738,799
0.004176074
1.62
2,219,803
727,884
0.004298677
1.60
2,200,383
727,822
0.004206438
1.62
2,226,489
733,911
0.004330032
1.60
2,200,812
727,061
0.004270084
1.62
2,227,049
728,461
0.004297375
1.72
2,369,713
743,300
0.004177324
1.61
2,213,091
727,776
0.004351959
1.61
2,215,845
732,092
0.004304407
1.61
2,211,837
726,888
0.004158522
1.59
2,181,021
723,926
0.004242376
1.71
2,351,919
740,308
0.004161699
1.82
2,513,669
744,148
0.004309407
1.61
2,213,905
726,675
0.004280084
1.61
2,206,803
725,914
0.004280917
1.61
2,212,131
729,250
0.004303781
1.60
2,200,301
728,398
0.004258157
1.62
2,218,145
729,933
0.004204460
1.75
2,365,687
746,825
0.004246073
1.62
2,220,935
728,794
0.004333000
1.62
2,219,804
732,247
0.004322636
1.61
2,213,005
727,297
0.004276021
1.71
2,358,519
738,426
0.004181595
1.71
2,348,204
737,575
0.004188418
1.61
2,212,384
726,211
0.004207637
1.61
2,203,975
726,371
0.004233261
1.61
2,212,401
726,035
0.004181126
1.61
2,203,793
729,968
0.004206959
1.70
2,337,207
738,694
0.004147272
1.73
2,381,691
736,435
0.004233261
1.75
2,375,092
746,949
0.004245188
1.62
2,222,457
730,701
0.004274043
1.72
2,362,773
734,386
0.004209460
1.72
2,365,229
739,825
0.004216803
1.62
2,227,346
725,176
0.004218573
1.62
2,219,437
731,552
0.004330969
1.62
2,218,441
725,547
0.004301646
1.62
2,222,855
728,311
0.004235657
1.61
2,205,081
725,743
0.004295448
1.61
2,213,978
730,672
0.004189407
1.60
2,201,208
724,429
0.004189095
1.70
2,344,104
741,900
0.004152845
1.70
2,330,909
741,645
0.004174981
1.60
2,195,895
724,430
0.004279095
1.73
2,375,997
739,857
0.004226751
1.63
2,233,678
733,101
0.004189512
1.62
2,214,929
731,418
0.004211751
1.60
2,200,628
726,925
0.004259615
1.60
2,198,669
729,061
0.004233001
1.63
2,233,587
728,314
0.004270813
1.62
2,215,832
729,193
0.004195345
1.64
2,249,404
735,223
0.004204043
1.61
2,219,237
728,175
0.004163887
1.69
2,324,469
739,717
0.004208782
1.61
2,209,347
730,262
0.004287375
1.73
2,386,899
745,675
0.004199095
1.62
2,216,563
725,758
0.004313209
1.60
2,196,403
724,461
0.004259563
1.60
2,200,953
726,306
0.004303208
1.61
2,202,895
730,288
0.004284667
1.63
2,235,519
728,957
0.004328730
1.61
2,209,783
723,084
0.004206803
1.74
2,352,177
744,852
0.004222272
1.60
2,202,542
723,045
0.004283834
1.60
2,197,210
726,584
0.004162428
1.60
2,204,875
728,944
0.004190292
1.72
2,361,603
741,102
0.004163313
1.62
2,217,420
726,967
0.004232012
1.61
2,215,934
726,865
0.004294563
1.61
2,204,931
728,464
0.004173835
1.69
2,328,079
738,004
0.004132949
1.61
2,210,013
730,199
0.004286803
1.59
2,201,856
725,765
0.004308052
1.61
2,211,377
728,017
0.004295188
1.62
2,226,636
726,283
0.004262324
1.62
2,217,111
724,623
0.004162637
1.60
2,194,483
728,657
0.004254720
1.72
2,365,500
735,878
0.004189876
1.61
2,204,113
731,638
0.004284615
1.62
2,225,531
732,892
0.004275240
1.61
2,208,283
725,177
0.004251803
1.59
2,187,821
724,896
0.004243001
1.59
2,195,881
720,653
0.004305605
1.63
2,245,375
732,171
0.004330448
1.61
2,207,443
727,669
0.004336751
1.63
2,233,987
727,874
0.004311542
1.59
2,185,959
722,353
0.004221855
1.59
2,185,337
723,199
0.004152220
1.73
2,372,097
739,896
0.004223313
1.70
2,343,019
734,747
0.004202376
1.62
2,217,253
726,878
0.004205032
1.72
2,357,865
740,624
0.004209616
1.61
2,208,877
724,844
0.004223001
1.72
2,365,541
732,560
0.004203105
1.59
2,200,713
726,418
0.004317948
1.70
2,340,873
741,672
0.004197220
1.59
2,194,925
724,918
0.004317167
1.60
2,196,503
729,130
0.004171856
1.60
2,201,264
728,784
0.004237689
1.73
2,382,471
742,863
0.004216386
1.71
2,350,295
733,042
0.004194667
1.62
2,228,877
728,381
0.004301490
1.70
2,345,847
741,299
0.004205084
1.62
2,232,835
733,693
0.004310604
1.59
2,188,837
725,122
0.004244772
1.61
2,209,253
728,136
0.004183939
1.59
2,203,359
729,012
0.004348990
1.61
2,207,387
727,464
0.004202532
1.60
2,202,903
728,067
0.004180710
1.68
2,308,723
728,464
0.004169616
1.73
2,384,712
744,363
0.004213991
1.62
2,219,567
730,352
0.004200710
1.60
2,194,687
731,422
0.004150606
1.61
2,212,283
727,486
0.004301750
1.61
2,214,027
730,150
0.004259251
1.62
2,224,515
731,011
0.004268157
1.61
2,206,367
724,612
0.004243678
1.62
2,216,525
726,483
0.004221855
1.73
2,375,305
738,824
0.004193106
1.61
2,204,083
727,963
0.004223313
1.62
2,227,807
727,682
0.004261490
1.71
2,355,393
733,053
0.004172532
1.73
2,381,505
737,789
0.004266699
1.61
2,203,290
732,360
0.004290917
1.69
2,321,387
738,689
0.004202740
1.61
2,204,749
729,440
0.004284094
1.62
2,227,615
730,468
0.004323521
1.59
2,200,569
726,617
0.004298990
1.73
2,380,369
739,403
0.004227637
1.61
2,215,828
730,395
0.004292636
1.70
2,335,939
736,873
0.004187896
1.61
2,208,959
730,952
0.004282636
1.72
2,364,859
737,693
0.004209615
1.62
2,222,355
732,353
0.004198939
1.72
2,359,095
737,925
0.004215865
1.61
2,208,135
726,581
0.004312740
1.62
2,218,861
726,196
0.004310553
1.74
2,399,993
741,920
0.004217167
1.61
2,206,678
731,372
0.004181542
1.65
2,266,637
737,643
0.004227167
1.60
2,192,591
725,784
0.004163001
1.60
2,192,649
728,256
0.004262376
1.62
2,223,003
722,099
0.004239199
1.81
2,444,918
746,613
0.004362375
1.63
2,234,527
729,442
0.004319198
1.61
2,205,846
724,699
0.004348677
1.62
2,228,661
728,266
0.004306438
1.60
2,203,267
731,183
0.004215605
1.67
2,295,999
737,490
0.004352740
1.62
2,220,255
728,675
0.004173938
1.61
2,209,742
730,740
0.004165605
1.69
2,319,084
734,260
0.004183835
1.60
2,210,125
727,703
0.004337584
1.62
2,222,525
729,164
0.004267532
1.74
2,386,335
737,979
0.004208991
1.75
2,413,285
739,477
0.004236073
1.60
2,200,491
729,160
0.004243939
1.61
2,201,067
730,355
0.004262323
1.63
2,233,627
728,933
0.004225865
1.62
2,216,045
729,734
0.004203418
1.60
2,193,257
727,324
0.004244094
1.62
2,228,887
729,245
0.004210084
1.63
2,236,651
731,563
0.004353364
1.60
2,213,994
735,063
0.004353781
1.60
2,193,681
726,394
0.004233626
1.72
2,366,619
732,656
0.004186387
1.75
2,373,443
736,082
0.001286349
1.61
2,215,945
732,396
0.004322219
1.62
2,217,571
728,139
0.004200709
1.62
2,225,261
730,992
0.004182949
1.62
2,217,645
730,099
0.004262844
1.60
2,201,558
726,681
0.004225396
1.62
2,219,822
728,683
0.004291230
1.60
2,193,019
726,551
0.004248782
1.60
2,200,065
730,816
0.004149720
1.74
2,349,078
747,116
0.004244720
1.72
2,371,165
740,765
0.004214980
1.60
2,193,743
723,486
0.004287532
1.59
2,189,928
730,512
0.004284354
1.63
2,231,173
728,225
0.004622218
1.59
2,184,477
725,147
0.004256230
1.59
2,188,545
723,746
0.004308001
1.61
2,214,865
729,946
0.004279043
1.76
2,380,902
743,929
0.004240240
1.62
2,229,527
729,692
0.004242532
1.61
2,214,739
730,537
0.004268626
1.61
2,219,121
732,556
0.004312897
1.74
2,387,375
742,316
0.004210813
1.69
2,324,615
730,257
0.004175449
1.61
2,208,033
726,735
0.004299302
1.60
2,203,883
726,189
0.004262636
1.60
2,190,159
728,803
0.004238366
1.62
2,225,430
731,216
0.004256803
1.60
2,203,266
725,014
0.004238262
1.60
2,188,881
725,845
0.004243886
1.61
2,213,082
730,837
0.004291959
1.60
2,197,115
723,300
0.004280344
1.63
2,230,557
727,293
0.004291073
1.71
2,347,818
742,286
0.004181282
1.63
2,232,139
731,113
0.004278001
1.61
2,202,517
723,023
0.004263418
1.61
2,211,792
727,470
0.004185865
1.64
2,246,463
728,713
0.004281855
1.61
2,209,968
732,530
0.004261750
1.61
2,211,331
725,981
0.004292792
1.62
2,221,645
726,665
0.004253053
1.60
2,195,585
726,131
0.004217584
1.61
2,213,305
730,389
0.004258887
1.61
2,206,619
724,582
0.004181282
1.72
2,369,323
740,754
0.004184043
1.61
2,216,543
731,273
0.004239251
1.61
2,204,486
729,797
0.004217741
1.61
2,209,113
725,833
0.004274407
1.62
2,228,071
724,916
0.004222636
1.72
2,361,259
739,128
0.004230292
1.60
2,192,927
727,839
0.004253834
1.61
2,209,707
731,345
0.004290605
1.62
2,222,373
727,893
0.004286386
1.61
2,202,678
726,821
0.004271855
1.61
2,214,324
730,693
0.004190553
1.71
2,355,569
736,716
0.004196230
1.71
2,348,109
737,770
0.004219355
1.62
2,219,227
731,821
0.004286438
1.59
2,198,423
726,278
0.004347531
1.61
2,206,167
728,886
0.004192845
1.72
2,362,087
746,407
0.004219303
1.60
2,196,009
725,967
0.004175397
1.61
2,204,441
729,223
0.004293365
1.69
2,322,221
741,526
0.004183313
1.61
2,207,793
727,062
0.004201126
1.61
2,206,653
728,457
0.004187845
1.73
2,384,257
739,195
0.004187272
1.59
2,185,061
722,227
0.004277584
1.61
2,206,659
721,629
0.004252897
1.61
2,207,937
730,042
0.004256751
1.61
2,215,231
729,243
0.004297532
1.61
2,201,885
727,731
0.004293730
1.62
2,216,860
728,125
0.004324615
1.61
2,205,199
724,245
0.004191803
1.63
2,241,053
735,560
0.004328990
1.61
2,217,867
725,958
0.004244094
1.76
2,380,796
742,839
0.004266438
1.71
2,358,377
732,855
0.004193574
1.62
2,210,877
727,958
0.004197480
1.61
2,213,831
728,500
0.004234511
1.61
2,205,621
723,852
0.004222584
1.73
2,334,712
746,265
0.004603260
1.61
2,206,423
729,750
0.004203053
1.61
2,206,753
726,065
0.004238209
1.62
2,218,313
729,522
0.004305605
1.70
2,331,557
739,040
0.004184980
1.61
2,215,323
732,848
0.004302271
1.62
2,227,637
728,062
0.004323938
1.72
2,365,009
736,886
0.004170553
1.61
2,210,451
725,368
0.004198366
1.61
2,214,688
729,771
0.004188886
1.71
2,346,457
727,494
0.004395396
1.61
2,210,588
731,811
0.004306178
1.61
2,203,691
730,285
0.004176283
1.62
2,225,331
732,310
0.004222324
1.59
2,182,743
726,079
0.004178886
1.61
2,214,050
731,192
0.004229303
1.60
2,198,305
723,801
0.004285448
1.62
2,220,535
731,668
0.004312375
1.73
2,384,518
740,367
0.004211907
1.62
2,219,629
726,888
0.004300501
1.61
2,210,616
727,561
0.004304615
1.62
2,222,965
732,854
0.004283782
1.60
2,199,855
723,685
0.004256594
1.60
2,195,799
725,975
0.004283104
1.62
2,217,985
731,984
0.004256959
1.70
2,344,483
742,966
0.004199407
1.62
2,219,087
725,984
0.004215293
1.63
2,231,959
730,684
0.004271125
1.64
2,242,935
733,118
0.004311229
1.77
2,437,109
749,451
0.004237064
1.62
2,222,779
726,105
0.004266542
1.91
2,633,407
769,930
0.004555448
1.61
2,204,348
727,261
0.004259720
1.65
2,269,407
733,742
0.004235866
1.60
2,197,289
726,146
0.004254771
1.59
2,183,131
721,996
0.004229980
1.61
2,207,545
729,819
0.004296803
1.62
2,231,665
733,242
0.004244928
1.61
2,203,613
726,130
0.004189668
1.61
2,211,673
726,584
0.004260448
1.72
2,366,675
735,185
0.004204460
1.61
2,205,913
729,521
0.004257375
1.65
2,265,895
727,520
0.004672321
1.62
2,227,385
729,255
0.004346490
1.61
2,211,899
727,747
0.004285917
1.61
2,215,376
730,552
0.004306959
1.65
2,268,141
731,446
0.004246751
1.72
2,323,889
741,594
0.000317655
1.61
2,206,952
729,531
0.004298365
1.60
2,213,401
727,782
0.004325553
1.59
2,190,845
725,071
0.004137377
1.72
2,362,407
738,173
0.004166542
1.60
2,201,163
724,460
0.004263208
1.61
2,212,111
725,243
0.004252688
1.61
2,217,017
726,046
0.004285032
1.65
2,266,061
736,104
0.004290084
1.73
2,370,669
741,967
0.004246178
1.62
2,222,423
731,239
0.004221386
1.74
2,352,102
739,827
0.004237948
1.72
2,367,381
737,385
0.004198938
1.62
2,218,539
728,735
0.004220240
1.62
2,227,951
732,154
0.004287376
1.72
2,368,573
738,223
0.004191751
1.63
2,223,337
726,008
0.004188157
1.60
2,190,255
722,542
0.004173522
1.62
2,220,041
730,997
0.004275241
1.63
2,223,069
725,713
0.004200553
1.61
2,210,047
727,772
0.004283886
1.60
2,199,856
721,915
0.004174980
1.72
2,369,380
739,314
0.004221803
1.60
2,196,353
725,584
0.004192220
1.74
2,357,172
743,486
0.004256803
1.63
2,236,691
727,964
0.004341699
1.71
2,359,115
742,574
0.004210449
1.61
2,204,482
726,302
0.004209980
1.60
2,201,435
730,421
0.004298782
1.60
2,198,017
726,796
0.004262011
1.61
2,205,333
727,634
0.004180761
1.60
2,193,228
727,226
0.004245136
1.59
2,186,527
724,574
0.004235137
1.59
2,190,673
727,366
0.004243365
1.62
2,216,962
732,144
0.004296490
1.68
2,314,487
737,960
0.004142012
1.59
2,185,955
726,103
0.004263729
1.71
2,352,183
737,158
0.004170866
1.70
2,328,245
732,557
0.004198053
1.60
2,202,039
727,031
0.004185814
1.71
2,354,192
739,167
0.004195813
1.62
2,216,415
727,824
0.004309772
1.62
2,223,435
730,623
0.004200396
1.72
2,361,857
736,772
0.004185188
1.63
2,233,271
730,589
0.004293417
1.61
2,209,320
727,598
0.004160605
1.62
2,223,123
731,192
0.004441854
1.70
2,339,528
740,138
0.004160397
1.71
2,353,033
737,978
0.004156074
1.62
2,223,599
731,068
0.004285188
1.61
2,204,603
729,392
0.004290293
1.61
2,206,407
728,645
0.004271855
1.61
2,213,361
729,354
0.004261438
1.62
2,226,231
728,090
0.004225553
1.63
2,237,837
730,704
0.004335760
1.60
2,197,682
729,072
0.004266334
1.70
2,335,613
740,732
0.004205189
1.63
2,236,527
728,162
0.004259980
1.62
2,232,632
732,409
0.004198522
1.74
2,391,423
743,437
0.004211907
1.62
2,227,593
727,411
0.004301542
1.71
2,355,965
731,023
0.004183626
1.61
2,209,390
729,327
0.004293626
1.60
2,200,565
724,964
0.004311958
1.59
2,188,577
728,667
0.004273678
1.60
2,201,867
726,786
0.004247844
1.62
2,217,201
732,741
0.004280397
1.61
2,208,497
732,320
0.004259928
1.61
2,210,529
727,062
0.004208939
1.62
2,220,607
730,637
0.004235292
1.75
2,401,465
748,542
0.004226855
1.62
2,222,499
731,847
0.004306594
1.62
2,220,726
730,884
0.004262427
1.61
2,206,007
728,253
0.004292324
1.62
2,219,651
731,742
0.004329303
1.60
2,196,179
725,693
0.004285709
1.61
2,217,099
727,516
0.004237376
1.62
2,222,039
727,513
0.004300344
1.62
2,231,579
734,028
0.004195449
1.59
2,185,523
723,412
0.004264823
1.60
2,190,016
727,308
0.004264720
1.74
2,391,493
742,565
0.004272636
1.61
2,214,687
735,551
0.004298573
1.63
2,242,587
729,918
0.004282689
1.60
2,191,933
729,781
0.004206074
1.61
2,213,513
728,936
0.004270761
1.61
2,216,987
730,807
0.004282740
1.62
2,223,555
725,794
0.004345813
1.62
2,220,129
718,194
0.004471958
1.62
2,221,899
726,136
0.004253261
1.73
2,384,155
741,974
0.004220137
1.72
2,362,478
742,846
0.004222220
1.75
2,402,729
746,731
0.004206907
1.61
2,207,609
728,862
0.004207793
1.61
2,212,855
731,665
0.004246491
1.63
2,231,949
729,571
0.004318834
1.62
2,217,099
727,986
0.004341230
