1.36
1,877,063
726,485
0.003499943
1.38
1,893,967
731,692
0.003506557
1.38
1,899,673
729,571
0.003571089
1.38
1,898,879
724,996
0.003580881
1.38
1,903,785
728,313
0.003609943
1.36
1,881,785
729,111
0.003665724
1.39
1,917,871
736,285
0.003658954
1.44
1,982,651
728,954
0.003559266
1.45
1,994,747
729,471
0.003556298
1.38
1,898,533
727,076
0.003540255
1.36
1,875,605
724,670
0.003513850
1.39
1,913,790
726,038
0.003649526
1.38
1,896,841
729,286
0.003653380
1.44
1,979,437
737,420
0.003561141
1.38
1,892,489
729,137
0.003587339
1.39
1,907,227
729,798
0.003658745
1.37
1,883,538
724,839
0.003638016
1.39
1,916,573
731,333
0.003615516
1.43
1,969,665
732,306
0.003594058
1.38
1,891,361
728,944
0.003715932
1.38
1,903,346
727,125
0.003539213
1.39
1,908,459
730,960
0.003607130
1.38
1,893,396
732,349
0.003596089
1.37
1,883,843
722,123
0.003592287
1.39
1,917,939
728,318
0.003625516
1.39
1,908,075
732,114
0.003595515
1.37
1,896,074
727,476
0.003682599
1.37
1,893,949
725,193
0.003634578
1.46
2,017,654
734,565
0.003592703
1.39
1,909,935
733,990
0.003595880
1.37
1,888,505
727,216
0.003502339
1.38
1,904,317
726,313
0.003588328
1.39
1,913,651
732,060
0.003566922
1.39
1,911,353
728,498
0.003595412
1.39
1,909,661
727,382
0.003587912
1.38
1,896,401
721,203
0.003607391
1.39
1,912,231
728,992
0.003594891
1.37
1,889,701
728,084
0.003556818
1.46
2,010,867
738,237
0.003576037
1.36
1,874,229
726,209
0.003532391
1.37
1,884,815
726,526
0.003520255
1.39
1,916,863
729,256
0.003602807
1.37
1,889,175
723,905
0.003585100
1.38
1,901,739
730,586
0.003583849
1.37
1,879,791
719,397
0.003564683
1.38
1,898,217
729,571
0.003574683
1.37
1,887,203
724,051
0.003621453
1.40
1,919,901
728,352
0.003610464
1.37
1,888,007
725,996
0.003609839
1.37
1,892,581
727,868
0.003673224
1.38
1,892,789
726,807
0.003518641
1.39
1,911,973
727,722
0.003611610
1.39
1,909,005
727,348
0.003623173
1.38
1,900,697
729,121
0.003584683
1.37
1,888,638
726,082
0.003539579
1.38
1,900,687
722,796
0.003639527
1.38
1,902,800
723,014
0.003606506
1.39
1,906,843
732,323
0.003596193
1.35
1,855,261
718,745
0.000141458
1.36
1,875,109
726,272
0.003526034
1.38
1,895,555
727,972
0.003524836
1.37
1,889,043
728,742
0.003550305
1.38
1,897,895
727,823
0.003588273
1.38
1,904,609
725,985
0.003642284
1.39
1,904,315
723,210
0.003633875
1.47
2,020,934
737,075
0.003567938
1.44
1,990,475
734,342
0.003558771
1.38
1,897,539
727,124
0.003614917
1.37
1,890,297
721,903
0.003619917
1.46
2,010,333
735,486
0.003574032
1.37
1,884,908
731,396
0.003503147
1.38
1,901,595
730,792
0.003554032
1.38
1,895,221
727,370
0.003497886
1.36
1,876,370
722,236
0.003505544
1.38
1,896,271
726,893
0.003622938
1.38
1,896,315
724,497
0.003610178
1.38
1,899,587
725,756
0.003568199
1.38
1,897,428
730,702
0.003523304
1.37
1,890,335
732,186
0.003542730
1.37
1,887,773
726,867
0.003479554
1.39
1,908,621
731,754
0.003522575
1.37
1,882,853
724,722
0.003568146
1.37
1,890,669
723,893
0.003573095
1.39
1,911,531
728,962
0.003580283
1.39
1,910,443
727,376
0.003574918
1.39
1,914,805
733,873
0.003579761
1.38
1,903,899
731,667
0.003569293
1.38
1,913,775
726,222
0.003662834
1.38
1,903,471
727,781
0.003626323
1.38
1,904,311
736,195
0.003547002
1.37
1,880,237
725,241
0.003511533
1.37
1,891,320
725,859
0.003612626
1.38
1,901,417
726,859
0.003633251
1.38
1,901,197
729,268
0.003615491
1.38
1,893,885
729,216
0.003603563
1.37
1,887,203
723,522
0.003638928
1.38
1,898,331
728,710
0.003633043
1.46
2,019,589
753,657
0.003606168
1.37
1,889,487
721,481
0.003632938
1.38
1,895,043
719,856
0.003579657
1.37
1,891,751
726,907
0.003515700
1.37
1,881,835
725,666
0.003502315
1.38
1,901,057
726,672
0.003641324
1.45
1,997,287
731,088
0.003567106
1.38
1,914,205
728,106
0.003686845
1.45
2,003,746
738,953
0.003608355
1.40
1,922,115
729,058
0.003641689
1.39
1,912,781
730,162
0.003598981
1.46
2,011,677
734,269
0.003552158
1.39
1,908,529
730,990
0.003673199
1.36
1,878,917
723,218
0.003505544
1.35
1,858,475
728,393
0.000133696
1.37
1,885,646
722,866
0.003625022
1.37
1,890,963
729,301
0.003588669
1.47
2,019,451
733,938
0.003606273
1.47
2,030,365
743,912
0.003615804
1.46
2,006,749
739,295
0.003584398
1.38
1,904,703
734,193
0.003606585
1.37
1,891,052
729,173
0.003682886
1.43
1,974,137
730,983
0.003688200
1.37
1,884,428
724,028
0.003518722
1.37
1,891,979
728,323
0.003591013
1.43
1,974,798
736,621
0.003549503
1.38
1,897,229
726,748
0.003663304
1.37
1,894,861
726,472
0.003675179
1.39
1,908,916
730,765
0.003654242
1.38
1,901,075
729,226
0.003615492
1.37
1,898,425
726,718
0.003642783
1.38
1,893,281
721,698
0.003613774
1.38
1,903,327
729,370
0.003574242
1.37
1,889,288
726,499
0.003526117
1.39
1,918,414
731,675
0.003566639
1.37
1,886,741
722,822
0.003611222
1.39
1,919,011
735,584
0.003628825
1.46
2,015,665
745,375
0.003554295
1.38
1,892,511
728,047
0.003552055
1.37
1,884,291
724,998
0.003543878
1.39
1,907,779
731,011
0.003585232
1.37
1,887,415
719,624
0.003594972
1.39
1,913,907
725,031
0.003662003
1.39
1,913,325
730,965
0.003546431
1.37
1,882,743
723,707
0.003492421
1.38
1,896,517
728,606
0.003553566
1.36
1,869,337
727,352
0.003532681
1.38
1,905,253
724,869
0.003562368
1.38
1,901,603
730,980
0.003611847
1.37
1,881,725
722,706
0.003595233
1.46
2,010,645
733,628
0.003608097
1.38
1,898,807
726,270
0.003670284
1.46
2,014,453
744,143
0.003609920
1.38
1,903,741
729,291
0.003537681
1.34
1,849,407
720,445
0.003467421
1.37
1,885,923
724,591
0.003607003
1.45
2,005,287
736,137
0.003580597
1.38
1,892,422
726,320
0.003618722
1.37
1,880,088
719,110
0.003592629
1.45
1,997,833
737,604
0.003586952
1.44
1,984,753
738,587
0.003573567
1.45
2,002,463
739,267
0.003604035
1.47
2,022,843
731,184
0.003579609
1.37
1,879,345
724,902
0.003524087
1.37
1,882,754
730,416
0.003497786
1.39
1,915,821
729,526
0.003585962
1.38
1,903,135
728,231
0.003695180
1.46
2,011,519
731,520
0.003590077
1.38
1,891,783
726,841
0.003578098
1.45
1,993,365
738,078
0.003576015
1.37
1,895,089
723,051
0.003678098
1.38
1,899,367
729,051
0.003641587
1.38
1,894,182
730,204
0.003540963
1.37
1,885,935
724,956
0.003513619
1.45
1,995,699
735,626
0.003564660
1.38
1,897,573
726,425
0.003637420
1.36
1,881,249
726,060
0.003697994
1.47
2,027,982
738,623
0.003614973
1.36
1,872,047
720,583
0.003639087
1.39
1,905,249
724,666
0.003622421
1.39
1,906,605
727,240
0.003641275
1.36
1,879,923
724,319
0.003661118
1.43
1,972,667
735,183
0.003569556
1.37
1,885,139
726,430
0.003531797
1.37
1,880,949
727,728
0.003509818
1.36
1,864,935
728,218
0.003494975
1.36
1,872,526
722,133
0.003556432
1.38
1,895,095
733,117
0.003495599
1.47
2,023,121
743,658
0.003598150
1.37
1,888,103
719,566
0.003606640
1.37
1,880,296
719,106
0.003642837
1.37
1,885,407
724,638
0.003552474
1.36
1,871,311
725,381
0.003554349
1.39
1,916,783
732,838
0.003533567
1.45
2,001,957
737,945
0.003567109
1.37
1,893,233
725,672
0.003526589
1.38
1,912,275
732,705
0.003700911
1.44
1,985,603
736,253
0.003566641
1.38
1,899,233
725,155
0.003623827
1.46
2,009,988
735,378
0.003554453
1.46
2,011,035
738,641
0.003588359
1.37
1,887,960
727,175
0.003626484
1.38
1,897,207
725,717
0.003683411
1.37
1,889,251
721,759
0.003512111
1.37
1,884,383
729,078
0.003621953
1.38
1,899,075
724,294
0.003638359
1.38
1,905,191
729,323
0.003604245
1.39
1,909,047
733,324
0.003560651
1.43
1,971,128
738,315
0.003550027
1.38
1,892,287
726,772
0.003617995
1.38
1,897,071
728,473
0.003607422
1.43
1,976,031
733,076
0.003550808
1.45
1,997,955
741,234
0.003574662
1.37
1,887,635
727,579
0.003529141
1.38
1,897,419
727,694
0.003529245
1.37
1,884,473
726,388
0.003615547
1.37
1,891,213
725,493
0.003643151
1.38
1,891,841
726,606
0.003629609
1.37
1,884,021
720,188
0.003620183
1.39
1,917,048
731,338
0.003612057
1.37
1,890,237
726,798
0.003569558
1.38
1,900,703
724,710
0.003579558
1.37
1,885,559
724,728
0.003614818
1.37
1,890,687
726,148
0.003526173
1.37
1,879,117
724,048
0.003541329
1.37
1,888,527
727,053
0.003624766
1.39
1,911,901
730,578
0.003657318
1.39
1,906,815
730,656
0.003610339
1.38
1,893,191
729,308
0.003566433
1.37
1,892,427
720,009
0.003646901
1.37
1,888,019
727,735
0.003702943
1.39
1,906,814
729,899
0.003607787
1.41
1,934,173
723,017
0.003628152
1.38
1,903,573
729,876
0.003550496
1.46
2,009,625
738,825
0.003589766
1.43
1,967,621
734,123
0.003580495
1.47
2,022,987
740,628
0.003571537
1.46
2,017,059
736,648
0.003586955
1.37
1,897,139
728,412
0.003710130
1.47
2,017,623
736,704
0.003573933
1.40
1,921,795
732,201
0.003620860
1.46
2,009,265
735,141
0.003580444
1.45
1,994,078
734,028
0.003579871
1.37
1,878,435
723,577
0.003494038
1.43
1,973,513
736,366
0.003536174
1.45
1,996,023
736,651
0.003564662
1.38
1,905,577
727,475
0.003586173
1.37
1,882,997
723,003
0.003536382
1.38
1,899,702
729,128
0.003647475
1.37
1,879,023
724,284
0.003558465
1.37
1,882,609
723,354
0.003488518
1.37
1,881,319
725,704
0.003509403
1.36
1,864,476
721,308
0.003538465
1.39
1,910,645
727,599
0.003524612
1.37
1,888,079
723,710
0.003572319
1.37
1,896,981
724,047
0.003681641
1.38
1,894,241
728,185
0.003606173
1.38
1,896,675
725,049
0.003654090
1.39
1,908,951
726,495
0.003637735
1.38
1,901,996
734,289
0.003528934
1.39
1,905,637
736,015
0.003654507
1.38
1,899,717
723,083
0.003616643
1.37
1,876,803
718,999
0.003590184
1.36
1,867,991
720,777
0.003494352
1.36
1,878,623
725,357
0.003502528
1.38
1,901,742
729,916
0.003566799
1.38
1,895,335
726,803
0.003575340
1.36
1,877,669
720,295
0.003512008
1.37
1,887,724
727,391
0.003499352
1.39
1,910,641
731,873
0.003589559
1.36
1,874,379
721,993
0.003517320
1.37
1,889,785
726,604
0.003564299
1.39
1,919,827
731,267
0.003756902
1.37
1,879,790
726,382
0.003535289
1.37
1,883,353
725,478
0.003510393
1.37
1,893,302
725,574
0.003685704
1.38
1,904,313
730,676
0.003618622
1.38
1,899,153
726,395
0.003630966
1.37
1,888,405
727,075
0.003626851
1.45
2,002,605
733,145
0.003569612
1.37
1,897,103
726,591
0.003703986
1.45
2,000,452
736,653
0.003569143
1.37
1,903,737
730,702
0.003625289
1.37
1,886,833
726,742
0.003505602
1.37
1,878,547
726,880
0.003582424
1.38
1,897,715
726,581
0.003602841
1.36
1,882,434
725,106
0.003671798
1.44
1,983,501
733,615
0.003561644
1.46
2,012,135
735,650
0.003574872
1.44
1,982,517
738,431
0.003566331
1.38
1,892,782
724,381
0.003546279
1.38
1,897,790
724,349
0.003574924
1.38
1,896,030
727,109
0.003607581
1.37
1,882,269
724,753
0.003495394
1.37
1,894,753
724,362
0.003667529
1.39
1,911,109
727,803
0.003617529
1.45
2,005,167
744,976
0.003565394
1.36
1,888,763
727,969
0.003687268
1.38
1,902,161
724,006
0.003643674
1.45
2,002,333
734,363
0.003557529
1.39
1,909,454
728,955
0.003624769
1.36
1,867,643
719,652
0.003529248
1.36
1,869,212
723,811
0.003477894
1.36
1,870,548
724,615
0.003493415
1.38
1,894,363
729,325
0.003617737
1.37
1,891,729
731,347
0.003569040
1.36
1,882,781
724,904
0.003675706
1.37
1,890,535
725,334
0.003702945
1.37
1,888,767
722,891
0.003647425
1.37
1,889,360
725,298
0.003648570
1.37
1,890,559
726,647
0.003529926
1.36
1,878,007
724,074
0.003623049
1.39
1,909,411
724,917
0.003657320
1.36
1,877,495
722,398
0.003508936
1.39
1,907,419
729,051
0.003566176
1.35
1,864,996
721,298
0.003536905
1.40
1,926,617
734,945
0.003525655
1.39
1,910,417
729,546
0.003604717
1.36
1,875,306
723,307
0.003536800
1.37
1,888,136
724,267
0.003529040
1.38
1,896,011
725,761
0.003619560
1.38
1,896,117
720,385
0.003612789
1.38
1,904,169
726,915
0.003597269
1.37
1,880,981
724,650
0.003504822
1.38
1,893,321
729,119
0.003584196
1.38
1,892,025
724,334
0.003564769
1.37
1,888,753
721,628
0.003645967
1.38
1,896,735
729,265
0.003622009
1.39
1,913,681
728,582
0.003637998
1.37
1,890,084
726,814
0.003648102
1.45
2,000,783
736,977
0.003563207
1.38
1,900,317
728,054
0.003590498
1.37
1,889,590
725,469
0.003634040
1.42
1,958,635
725,200
0.003552790
1.38
1,892,091
729,672
0.003576019
1.36
1,873,149
725,999
0.003547842
1.38
1,891,733
721,940
0.003620498
1.37
1,890,728
724,243
0.003567113
1.37
1,901,661
735,567
0.003696279
1.48
2,022,836
739,228
0.003635186
1.38
1,890,729
723,556
0.003574926
1.46
2,005,225
741,485
0.003547426
1.37
1,885,917
729,513
0.003598363
1.37
1,888,759
725,313
0.003496125
1.37
1,879,126
725,952
0.003589822
1.37
1,883,062
725,670
0.003508000
1.38
1,893,513
726,164
0.003559666
1.38
1,899,805
729,828
0.003585759
1.38
1,898,133
725,588
0.003614978
1.37
1,890,531
724,296
0.003549718
1.37
1,882,573
730,057
0.003523416
1.37
1,885,573
726,766
0.003542948
1.36
1,877,845
724,096
0.003488833
1.38
1,902,509
727,488
0.003550396
1.37
1,885,143
728,078
0.003501021
1.38
1,896,842
726,470
0.003562166
1.39
1,907,695
727,837
0.003564822
1.37
1,891,781
726,461
0.003592009
1.36
1,874,769
728,812
0.003558155
1.37
1,885,775
726,060
0.003615082
1.37
1,888,805
725,294
0.003555499
1.37
1,879,065
725,384
0.003545343
1.38
1,901,363
729,730
0.003574614
1.38
1,895,145
723,177
0.003512948
1.37
1,887,845
728,531
0.003504666
1.38
1,896,339
720,682
0.003563572
1.37
1,878,391
727,250
0.003547896
1.35
1,860,827
718,223
0.003536594
1.37
1,891,597
726,375
0.003620708
1.37
1,888,872
721,982
0.003577843
1.37
1,880,681
730,767
0.003489250
1.36
1,873,091
719,245
0.003558313
1.38
1,902,735
727,988
0.003618416
1.36
1,868,463
723,689
0.003470448
1.38
1,904,679
729,596
0.003555187
1.37
1,886,817
724,462
0.003562218
1.37
1,886,421
724,684
0.003565812
1.37
1,882,969
727,784
0.003494303
1.38
1,900,583
728,558
0.003552427
1.36
1,868,783
717,007
0.003537115
1.36
1,875,743
721,732
0.003571698
1.39
1,907,707
734,608
0.003581438
1.38
1,894,655
730,829
0.003573833
1.37
1,883,977
726,136
0.003505031
1.37
1,877,977
723,473
0.003560604
1.37
1,883,333
723,918
0.003595135
1.38
1,895,639
732,146
0.003580292
1.37
1,891,933
728,526
0.003527375
1.37
1,889,492
729,375
0.003518833
1.37
1,886,479
724,694
0.003516126
1.37
1,888,245
725,715
0.003696333
1.38
1,898,359
727,386
0.003615552
1.37
1,886,878
721,875
0.003550396
1.36
1,871,025
725,990
0.003492271
1.37
1,888,714
723,396
0.003586073
1.36
1,885,145
722,685
0.003691385
1.38
1,899,907
725,205
0.003634458
1.35
1,864,671
722,120
0.003587375
1.37
1,891,265
728,400
0.003643625
1.37
1,888,211
722,915
0.003592479
1.45
1,997,533
735,045
0.003558782
1.37
1,886,155
722,129
0.003613260
1.38
1,893,689
727,655
0.003646229
1.36
1,877,775
725,175
0.003523470
1.37
1,887,179
720,841
0.003564355
1.37
1,883,331
723,294
0.003631699
1.47
2,028,861
738,258
0.003599927
1.39
1,905,115
728,801
0.003667948
1.38
1,902,611
729,900
0.003692479
1.37
1,892,392
724,241
0.003663625
1.46
2,010,887
741,822
0.003562636
1.36
1,877,299
719,935
0.003665291
1.38
1,899,967
725,592
0.003647427
1.37
1,886,867
732,343
0.003514928
1.43
1,973,300
738,237
0.003516959
1.38
1,896,823
724,421
0.003564823
1.36
1,871,877
724,117
0.003555918
1.45
2,002,727
744,373
0.003561178
1.37
1,885,525
727,394
0.003618157
1.38
1,900,499
725,025
0.003590241
1.39
1,908,997
728,026
0.003617532
1.39
1,910,303
724,949
0.003524980
1.38
1,897,599
725,537
0.003613730
1.37
1,882,301
722,035
0.003503782
1.38
1,898,483
727,007
0.003564876
1.38
1,897,612
727,598
0.003594147
1.38
1,892,895
728,437
0.003578574
1.37
1,883,291
722,540
0.003500813
1.39
1,916,099
733,341
0.003591960
1.38
1,892,349
724,694
0.003647845
1.37
1,885,991
729,405
0.003594980
1.37
1,879,905
723,786
0.003491334
1.47
2,023,977
735,220
0.003562688
1.37
1,886,179
725,038
0.003527220
1.38
1,894,237
738,984
0.003545241
1.36
1,877,597
726,432
0.003530032
1.37
1,881,303
724,497
0.003518366
1.40
1,928,091
734,907
0.003612740
1.45
1,996,641
739,879
0.003592219
1.37
1,888,657
729,707
0.003518106
1.35
1,857,266
717,027
0.003475241
1.37
1,882,776
720,834
0.003544720
1.37
1,883,903
727,036
0.003563939
1.36
1,876,261
725,484
0.003517429
1.36
1,877,955
726,010
0.003505033
1.37
1,890,831
728,052
0.003624719
1.37
1,896,491
730,808
0.003708365
1.39
1,907,751
725,318
0.003614147
1.35
1,869,475
723,119
0.003666490
1.38
1,894,267
723,958
0.003617325
1.37
1,890,123
731,641
0.003608887
1.38
1,903,817
725,912
0.003635345
1.37
1,886,929
725,430
0.003623678
1.36
1,866,435
720,542
0.003508471
1.36
1,887,155
726,022
0.003678939
1.37
1,891,569
724,707
0.003661282
1.38
1,899,246
726,194
0.003603105
1.38
1,902,267
728,644
0.003639095
1.47
2,023,199
744,931
0.003574252
1.39
1,906,993
727,354
0.003636022
1.37
1,890,967
725,019
0.003671803
1.45
1,991,973
743,027
0.003571856
1.38
1,898,317
731,005
0.003650658
1.37
1,879,102
722,406
0.003522845
1.37
1,887,585
722,056
0.003584928
1.40
1,929,147
733,506
0.003536596
1.38
1,902,712
728,668
0.003644459
1.37
1,884,891
726,877
0.003622845
1.38
1,903,547
725,111
0.003651908
1.38
1,899,111
724,113
0.003632584
1.38
1,900,630
727,632
0.003623053
1.45
1,991,806
736,549
0.003583679
1.36
1,888,421
720,193
0.003649616
1.36
1,875,833
722,833
0.003531492
1.37
1,890,551
729,079
0.003580137
1.39
1,906,479
723,187
0.003581960
1.38
1,894,611
726,200
0.003562794
1.37
1,881,789
724,498
0.003509304
1.37
1,883,655
726,555
0.003533107
1.37
1,875,877
725,233
0.003614252
1.36
1,873,533
721,392
0.003631179
1.46
2,005,671
730,741
0.003592742
1.38
1,896,811
727,419
0.003632273
1.36
1,877,253
723,376
0.003516856
1.38
1,904,586
726,597
0.003605241
1.37
1,888,092
726,336
0.003634460
1.37
1,891,381
725,716
0.003647481
1.54
2,074,543
747,391
0.003710450
1.37
1,884,541
718,363
0.003626387
1.44
1,986,047
737,203
0.003569096
1.39
1,916,176
729,823
0.003648210
1.35
1,866,027
717,338
0.003627220
1.42
1,961,099
728,427
0.003539565
1.37
1,888,959
726,504
0.003529826
1.37
1,888,449
731,972
0.003511284
1.35
1,862,517
720,625
0.003616075
1.36
1,871,287
718,743
0.003580450
1.39
1,912,531
723,998
0.003640085
1.38
1,901,896
727,181
0.003608627
1.38
1,892,577
727,556
0.003569982
1.36
1,876,777
725,783
0.003537326
1.41
1,935,249
732,469
0.003611335
1.38
1,895,609
729,542
0.003575555
