1.78
1,754,573
732,836
0.004286433
1.77
1,748,863
744,270
0.004322422
1.67
1,642,489
719,496
0.004374610
1.75
1,725,627
735,481
0.004321433
1.68
1,659,065
725,679
0.004395287
1.68
1,652,217
727,201
0.004290965
1.75
1,726,139
735,108
0.004298725
1.68
1,656,115
726,357
0.004400234
1.77
1,740,966
738,136
0.004332996
1.70
1,667,662
728,797
0.004294297
1.69
1,661,595
724,531
0.004373152
1.69
1,664,772
725,062
0.004343828
1.68
1,652,006
724,836
0.004400442
1.78
1,751,807
735,731
0.004317735
1.76
1,734,179
740,112
0.004313985
1.80
1,769,169
741,095
0.004356537
1.77
1,749,486
737,328
0.004326381
1.77
1,741,567
737,816
0.004276433
1.74
1,710,539
736,761
0.004279818
1.69
1,666,789
728,658
0.004392735
1.77
1,742,298
737,443
0.004293308
1.74
1,716,157
737,471
0.004298516
1.67
1,649,005
727,898
0.004362005
1.77
1,739,783
738,061
0.004320444
1.77
1,738,875
734,926
0.004316016
1.76
1,733,669
734,831
0.004324506
1.68
1,657,039
730,565
0.004352579
1.68
1,659,481
729,187
0.004372526
1.69
1,663,384
726,112
0.004347995
1.69
1,661,540
728,388
0.004351277
1.75
1,724,215
739,237
0.004291485
1.70
1,676,332
730,543
0.004327891
1.78
1,751,027
736,034
0.004329453
1.75
1,718,279
736,540
0.004278985
1.68
1,658,101
725,615
0.004293777
1.77
1,746,637
742,756
0.004329558
1.68
1,657,919
724,240
0.004371120
1.72
1,692,524
735,049
0.004326380
1.68
1,648,665
719,414
0.004313464
1.68
1,657,632
727,486
0.004322266
1.78
1,756,241
741,527
0.004317318
1.75
1,722,955
736,731
0.004280183
1.67
1,649,108
729,096
0.004377266
1.68
1,649,159
722,627
0.004383255
1.75
1,729,223
738,487
0.004269663
1.69
1,668,370
727,157
0.004303360
1.68
1,651,521
727,479
0.004394818
1.69
1,661,381
729,227
0.004402787
1.79
1,762,857
739,643
0.004340547
1.77
1,745,717
741,852
0.004325912
1.69
1,664,585
733,635
0.004396589
1.67
1,644,497
725,132
0.004349402
1.75
1,726,019
736,501
0.004299037
1.69
1,663,283
727,854
0.004302943
1.67
1,646,903
724,267
0.004266277
1.75
1,730,651
735,700
0.004300183
1.78
1,752,955
738,354
0.004305496
1.76
1,736,645
746,705
0.004310236
1.67
1,640,107
725,835
0.004343672
1.68
1,649,167
722,707
0.004369298
1.76
1,737,847
739,373
0.004304766
1.68
1,657,887
728,106
0.004354870
1.68
1,653,123
723,074
0.004297214
1.67
1,649,171
727,948
0.004302943
1.77
1,747,069
739,671
0.004327214
1.69
1,664,155
728,405
0.004385808
1.68
1,654,841
724,063
0.004380443
1.70
1,670,307
728,415
0.004349349
1.76
1,730,617
737,615
0.004307787
1.76
1,738,157
738,403
0.004319506
1.67
1,648,163
724,286
0.004308464
1.69
1,664,822
728,941
0.004309090
1.77
1,746,661
737,285
0.004302526
1.75
1,723,907
736,197
0.004312526
1.69
1,663,921
730,767
0.004381224
1.75
1,723,703
736,122
0.004285444
1.76
1,735,185
736,642
0.004327839
1.79
1,760,351
747,197
0.004305808
1.68
1,653,155
727,030
0.004305391
1.77
1,746,674
738,063
0.004290652
1.78
1,758,209
741,420
0.004324975
1.67
1,646,111
725,936
0.004328672
1.71
1,687,927
734,546
0.004401537
1.75
1,730,461
739,420
0.004325391
1.68
1,656,237
726,303
0.004362683
1.77
1,745,605
743,301
0.004301433
1.69
1,659,510
722,685
0.004389453
1.68
1,655,150
727,011
0.004347683
1.76
1,731,415
735,317
0.004286850
1.77
1,743,523
740,332
0.004325079
1.77
1,745,912
740,188
0.004306850
1.68
1,658,089
721,795
0.004369610
1.70
1,669,707
731,258
0.004362527
1.78
1,752,799
745,581
0.004324350
1.76
1,737,575
734,016
0.004288100
1.76
1,739,371
737,876
0.004332267
1.77
1,749,107
739,400
0.004287683
1.69
1,667,753
730,500
0.004292006
1.68
1,654,541
724,133
0.004345339
1.77
1,742,431
737,438
0.004302944
1.67
1,645,301
725,194
0.004390651
1.68
1,650,387
728,712
0.004349141
1.73
1,705,099
730,923
0.004290391
1.70
1,670,870
731,379
0.004335860
1.78
1,752,047
738,390
0.004293725
1.69
1,663,511
729,588
0.004374089
1.77
1,741,259
741,104
0.004324454
1.76
1,734,313
738,350
0.004308100
1.77
1,746,029
741,631
0.004323621
1.75
1,724,824
739,072
0.004271225
1.67
1,652,955
725,823
0.004420599
1.75
1,725,981
737,034
0.004291641
1.77
1,745,807
737,788
0.004311329
1.69
1,661,617
729,398
0.004364142
1.74
1,715,761
734,816
0.004294245
1.75
1,729,014
735,790
0.004269298
1.74
1,719,007
730,324
0.004302683
1.68
1,657,894
727,588
0.004323620
1.68
1,656,573
725,092
0.004356329
1.67
1,645,131
723,668
0.004374297
1.79
1,760,125
735,827
0.004310808
1.74
1,708,216
735,526
0.004248048
1.76
1,736,371
739,376
0.004273204
1.74
1,719,629
727,592
0.004303673
1.69
1,668,975
726,577
0.004334402
1.77
1,741,531
741,064
0.004307840
1.69
1,667,240
726,855
0.004352891
1.78
1,751,811
736,451
0.004323308
1.78
1,751,455
737,426
0.004329767
1.77
1,748,545
741,065
0.004316121
1.75
1,727,862
735,576
0.004319297
1.68
1,656,564
726,615
0.004316173
1.77
1,741,181
736,063
0.004291537
1.77
1,743,583
736,998
0.004331276
1.67
1,646,852
725,362
0.004315964
1.77
1,740,063
739,782
0.004338569
1.77
1,742,777
735,943
0.004318829
1.69
1,657,545
729,753
0.004311641
1.69
1,661,671
730,666
0.004397422
1.68
1,655,241
725,818
0.004326850
1.76
1,736,701
736,724
0.004308986
1.67
1,642,115
722,943
0.004399142
1.78
1,749,799
740,205
0.004314975
1.77
1,747,277
737,322
0.004324871
1.78
1,754,219
737,613
0.004295496
1.74
1,712,829
735,685
0.004279871
1.77
1,742,534
741,407
0.004307162
1.73
1,699,217
726,009
0.004425912
1.68
1,653,002
723,668
0.004367318
1.77
1,751,127
740,042
0.004316850
1.68
1,651,640
721,888
0.004357214
1.76
1,734,117
738,419
0.004332318
1.78
1,752,735
739,835
0.004310079
1.76
1,737,593
739,497
0.004299350
1.75
1,727,411
738,401
0.004308152
1.70
1,671,326
731,038
0.004311590
1.76
1,738,779
741,456
0.004305600
1.68
1,655,437
726,625
0.004380235
1.76
1,736,049
737,164
0.004320964
1.76
1,732,947
731,140
0.004296642
1.78
1,755,769
737,368
0.004327683
1.66
1,631,404
724,928
0.004341225
1.76
1,732,210
738,634
0.004305600
1.68
1,653,186
724,046
0.004357422
1.77
1,744,187
741,726
0.004330496
1.68
1,655,727
723,715
0.004396902
1.77
1,745,055
737,905
0.004299819
1.75
1,729,615
731,140
0.004308569
1.79
1,764,105
742,403
0.004348673
1.76
1,735,385
742,464
0.004332527
1.74
1,711,036
733,932
0.004259246
1.74
1,713,077
732,040
0.004278308
1.69
1,660,073
725,191
0.004329714
1.74
1,711,316
737,949
0.004302528
1.75
1,728,829
737,516
0.004323204
1.67
1,646,457
725,025
0.004376329
1.78
1,753,539
738,545
0.004327736
1.76
1,734,003
739,785
0.004303986
1.77
1,742,067
741,390
0.004288881
1.74
1,717,632
730,152
0.004282944
1.78
1,758,805
747,706
0.004341068
1.66
1,631,195
722,465
0.004368308
1.77
1,746,541
736,050
0.004348777
1.68
1,655,667
725,145
0.004332319
1.78
1,758,823
739,768
0.004328725
1.70
1,672,699
729,995
0.004357579
1.75
1,724,145
738,687
0.004285705
1.75
1,725,379
734,048
0.004312787
1.69
1,662,693
726,190
0.004294454
1.67
1,648,183
724,708
0.004374245
1.79
1,760,591
737,278
0.004357110
1.68
1,651,781
726,346
0.004312319
1.78
1,755,051
740,769
0.004309038
1.69
1,659,611
727,473
0.004377110
1.67
1,650,703
729,517
0.004398256
1.79
1,762,485
738,360
0.004324611
1.66
1,634,589
719,560
0.004285965
1.75
1,728,679
734,139
0.004275860
1.69
1,660,630
723,137
0.004290809
1.76
1,734,121
736,159
0.004319141
1.78
1,750,233
737,791
0.004325236
1.67
1,644,027
720,506
0.004270965
1.71
1,689,725
732,943
0.004472683
1.76
1,734,340
734,627
0.004298985
1.74
1,718,493
734,137
0.004267996
1.77
1,744,367
740,080
0.004317006
1.70
1,674,563
728,581
0.004306694
1.68
1,655,378
726,878
0.004349297
1.80
1,776,595
744,276
0.004380808
1.74
1,712,389
736,351
0.004264194
1.77
1,740,290
734,867
0.004321694
1.68
1,659,561
725,179
0.004435704
1.69
1,663,769
728,567
0.004309766
1.75
1,727,761
739,590
0.004288153
1.70
1,675,087
729,169
0.004353204
1.75
1,725,295
735,636
0.004289194
1.77
1,740,395
739,731
0.004342475
1.77
1,749,033
742,823
0.004312007
1.68
1,653,597
727,045
0.004359194
1.78
1,752,749
738,237
0.004314975
1.69
1,666,359
728,648
0.004440287
1.78
1,759,665
738,406
0.004318048
1.69
1,660,513
728,969
0.004330965
1.73
1,707,113
732,683
0.004279507
1.78
1,754,091
740,601
0.004299507
1.77
1,740,263
738,478
0.004300444
1.68
1,655,962
728,613
0.004307163
1.67
1,644,323
726,449
0.004306278
1.68
1,654,875
723,718
0.004279507
1.69
1,661,921
733,410
0.004381486
1.75
1,722,356
734,954
0.004292423
1.77
1,739,519
737,445
0.004288934
1.77
1,744,702
734,913
0.004301486
1.70
1,674,627
735,129
0.004411485
1.76
1,736,461
739,821
0.004299611
1.69
1,667,433
727,958
0.004400913
1.78
1,749,835
739,437
0.004330652
1.68
1,657,985
728,895
0.004357371
1.76
1,734,663
736,256
0.004272475
1.76
1,739,137
738,081
0.004352527
1.78
1,753,221
739,376
0.004296538
1.74
1,712,345
735,414
0.004263570
1.67
1,643,451
724,615
0.004377266
1.73
1,700,106
737,400
0.004334662
1.81
1,760,222
744,224
0.004384871
1.70
1,674,877
728,991
0.004407787
1.69
1,663,991
727,049
0.004344975
1.68
1,649,057
728,553
0.004339245
1.79
1,760,093
737,643
0.004328933
1.76
1,731,500
735,600
0.004310236
1.71
1,683,675
732,501
0.004437266
1.82
1,793,825
741,998
0.004383569
1.69
1,664,933
722,147
0.004305287
1.77
1,741,823
736,655
0.004317371
1.77
1,746,677
736,564
0.004333360
1.67
1,645,053
724,008
0.004288308
1.78
1,752,340
738,347
0.004372215
1.67
1,644,175
723,341
0.004425131
1.78
1,754,466
749,522
0.004340392
1.74
1,715,321
728,389
0.004302215
1.68
1,663,199
731,167
0.004495026
1.76
1,733,675
738,678
0.004268777
1.77
1,746,396
734,818
0.004327267
1.69
1,662,501
727,746
0.004305496
1.76
1,733,161
732,777
0.004293933
1.68
1,651,013
728,634
0.004290652
1.78
1,751,511
741,458
0.004349818
1.67
1,644,902
721,342
0.004299610
1.69
1,660,637
725,060
0.004337267
1.81
1,781,686
757,401
0.004375912
1.78
1,748,570
743,826
0.004362006
1.69
1,661,710
722,466
0.004320809
1.83
1,781,141
740,351
0.004460547
1.77
1,745,329
741,048
0.004330496
1.75
1,723,949
738,305
0.004281538
1.67
1,649,677
724,290
0.004369610
1.69
1,665,013
728,250
0.004304767
1.77
1,743,813
741,421
0.004337943
1.76
1,731,993
731,958
0.004280861
1.70
1,676,757
729,915
0.004313464
1.77
1,747,575
738,241
0.004320235
1.76
1,739,985
735,719
0.004328413
1.71
1,685,958
734,951
0.004344246
1.68
1,650,066
719,521
0.004311017
1.67
1,643,849
725,648
0.004350756
1.78
1,749,160
743,678
0.004333569
1.77
1,740,577
737,285
0.004322944
1.77
1,741,783
739,575
0.004338673
1.78
1,752,341
738,212
0.004325757
1.76
1,734,219
739,205
0.004280965
1.78
1,752,631
737,167
0.004341694
1.67
1,654,151
726,309
0.004422735
1.76
1,733,433
733,970
0.004325756
1.69
1,665,261
731,617
0.004307840
1.69
1,659,511
735,032
0.004356537
1.76
1,736,424
734,529
0.004310705
1.78
1,751,825
734,888
0.004289455
1.75
1,719,455
736,090
0.004293361
1.69
1,665,694
728,684
0.004403985
1.70
1,669,660
730,100
0.004297163
1.77
1,741,809
740,468
0.004311694
1.69
1,659,977
730,266
0.004304975
1.79
1,763,524
756,081
0.004333360
1.76
1,737,389
735,052
0.004290132
1.77
1,749,225
737,608
0.004349766
1.77
1,740,392
738,929
0.004300548
1.70
1,672,031
730,954
0.004382215
1.71
1,682,939
728,044
0.004318152
1.69
1,667,837
728,325
0.004296017
1.78
1,750,203
746,298
0.004323464
1.70
1,671,979
734,414
0.004389767
1.76
1,734,191
734,599
0.004323517
1.77
1,743,761
733,522
0.004305288
1.76
1,735,899
738,225
0.004318413
1.69
1,662,826
729,791
0.004388673
1.78
1,751,993
734,810
0.004330080
1.74
1,717,889
734,413
0.004297319
1.78
1,751,955
745,111
0.004332684
1.77
1,742,897
740,101
0.004304506
1.69
1,661,005
727,085
0.004422527
1.80
1,779,031
743,092
0.004345652
1.78
1,758,225
748,630
0.004343934
1.77
1,746,055
741,819
0.004351330
1.69
1,668,719
728,671
0.004371642
1.76
1,733,691
737,926
0.004324611
1.69
1,659,513
728,360
0.004376485
1.76
1,737,912
742,232
0.004308257
1.77
1,746,939
737,887
0.004354298
1.78
1,757,425
738,152
0.004310079
1.76
1,737,025
740,959
0.004318621
1.77
1,745,905
744,260
0.004317579
1.77
1,748,737
739,379
0.004314247
1.77
1,740,701
741,567
0.004309558
1.77
1,749,803
744,465
0.004319090
1.73
1,708,161
733,524
0.004278778
1.74
1,714,947
733,681
0.004303777
1.77
1,744,025
738,327
0.004312579
1.77
1,742,095
740,462
0.004333048
1.69
1,659,868
728,111
0.004294663
1.75
1,728,513
733,748
0.004306694
1.78
1,754,249
741,247
0.004350964
1.71
1,682,385
731,624
0.004335392
1.77
1,742,090
740,924
0.004351069
1.76
1,738,987
738,505
0.004315444
1.78
1,753,913
736,245
0.004339142
1.72
1,695,843
729,600
0.004281798
1.74
1,717,147
740,940
0.004267632
1.76
1,733,545
735,189
0.004327371
1.68
1,654,685
726,141
0.004323413
1.68
1,657,768
728,252
0.004391954
1.77
1,744,386
743,786
0.004321225
1.67
1,645,857
726,377
0.004385027
1.78
1,752,395
740,675
0.004332683
1.79
1,759,069
739,693
0.004340131
1.69
1,672,143
734,961
0.004452631
1.68
1,656,627
726,417
0.004310757
1.76
1,728,541
729,837
0.004405131
1.69
1,660,087
727,939
0.004360027
1.78
1,760,757
746,133
0.004332996
1.68
1,660,025
727,233
0.004355183
1.77
1,743,011
737,119
0.004300757
1.77
1,750,711
746,274
0.004339975
1.68
1,653,749
727,433
0.004404558
1.69
1,662,876
726,695
0.004394506
1.77
1,740,823
735,040
0.004312892
1.70
1,672,181
730,969
0.004427475
1.69
1,661,021
731,072
0.004330497
1.67
1,646,644
724,961
0.004335444
1.77
1,744,091
730,997
0.004343413
1.68
1,652,893
728,527
0.004325184
1.77
1,742,071
739,124
0.004338621
1.69
1,661,385
726,919
0.004381798
1.68
1,657,825
725,070
0.004299871
1.70
1,667,589
730,999
0.004401590
1.76
1,738,737
742,324
0.004296902
1.68
1,655,702
726,228
0.004403308
1.78
1,751,004
739,791
0.004309247
1.69
1,667,884
730,998
0.004328153
1.69
1,661,040
731,090
0.004347111
1.78
1,751,943
742,921
0.004324715
1.69
1,660,607
727,897
0.004296278
1.70
1,672,831
733,608
0.004402943
1.68
1,655,575
736,658
0.004338673
1.74
1,715,285
734,724
0.004271747
1.77
1,741,703
738,870
0.004310028
1.77
1,747,233
738,414
0.004337319
1.76
1,733,985
740,436
0.004328257
1.75
1,724,171
733,044
0.004305496
1.75
1,725,202
735,435
0.004284247
1.77
1,744,722
740,980
0.004316746
1.75
1,726,247
739,190
0.004286433
1.76
1,738,191
735,291
0.004309923
1.76
1,730,897
735,358
0.004306225
1.73
1,709,499
737,825
0.004305132
1.75
1,728,231
737,087
0.004298466
1.78
1,751,251
738,590
0.004327163
1.68
1,659,363
727,623
0.004424194
1.68
1,650,609
727,279
0.004353569
1.76
1,738,049
736,147
0.004302319
1.78
1,751,717
739,724
0.004323726
1.76
1,730,553
733,650
0.004322058
1.69
1,666,293
731,950
0.004414662
1.73
1,701,919
734,769
0.004350757
1.76
1,737,433
735,024
0.004312163
1.78
1,757,155
738,621
0.004314350
1.69
1,661,347
734,046
0.004386485
1.69
1,666,206
732,536
0.004308517
1.77
1,742,209
736,582
0.004307163
1.77
1,743,597
738,212
0.004329663
1.70
1,674,321
732,514
0.004302840
1.77
1,743,045
742,370
0.004324975
1.78
1,753,903
739,775
0.004322475
1.66
1,634,834
721,412
0.004341954
1.77
1,747,369
742,400
0.004316486
1.78
1,755,905
746,053
0.004352163
1.77
1,741,815
736,520
0.004344767
1.75
1,722,619
737,706
0.004271746
1.76
1,730,465
741,008
0.004295184
1.76
1,729,209
733,524
0.004360236
1.67
1,647,451
726,600
0.004383309
1.68
1,653,577
723,815
0.004288622
1.73
1,709,771
736,328
0.004270184
1.77
1,742,211
744,921
0.004361486
1.78
1,750,283
736,277
0.004340340
1.78
1,756,365
741,000
0.004332267
1.76
1,739,833
738,910
0.004307788
1.70
1,670,161
728,980
0.004356434
1.68
1,654,581
729,109
0.004337580
1.77
1,743,783
740,310
0.004288361
1.75
1,730,167
737,636
0.004275600
1.76
1,734,850
741,401
0.004315393
1.79
1,765,790
741,608
0.004322319
1.77
1,740,225
742,796
0.004306486
1.70
1,669,721
733,952
0.004425548
1.77
1,749,160
742,141
0.004296590
1.69
1,666,581
729,883
0.004410600
1.78
1,751,411
735,482
0.004347111
1.68
1,656,155
731,235
0.004266278
1.69
1,667,969
732,793
0.004293413
1.78
1,749,030
741,304
0.004319559
1.75
1,728,489
737,893
0.004301486
1.69
1,660,455
730,236
0.004392892
1.69
1,663,061
727,947
0.004320913
1.73
1,705,065
735,074
0.004277007
1.77
1,742,095
739,458
0.004322215
1.67
1,645,197
726,235
0.004273778
1.78
1,759,533
749,537
0.004338152
1.78
1,754,277
737,712
0.004312632
1.77
1,746,125
732,126
0.004306121
1.68
1,652,377
728,027
0.004275757
1.85
1,797,752
751,307
0.004469350
1.71
1,680,157
732,892
0.004332528
1.68
1,648,595
721,686
0.004297945
1.76
1,738,613
741,569
0.004271382
1.76
1,734,229
740,779
0.004296226
1.77
1,747,765
737,923
0.004317319
1.69
1,664,613
727,153
0.004378934
1.75
1,724,467
738,773
0.004305600
1.71
1,675,871
731,788
0.004315444
1.77
1,749,407
742,551
0.004341537
1.69
1,661,759
725,873
0.004428204
1.75
1,726,589
737,437
0.004299975
1.76
1,734,230
743,965
0.004309975
1.77
1,741,961
736,863
0.004315966
1.67
1,642,478
726,922
0.004357579
1.69
1,663,409
728,322
0.004324403
1.76
1,733,523
741,112
0.004324715
1.69
1,660,039
726,948
0.004349142
1.75
1,725,835
737,549
0.004340131
1.75
1,725,873
734,234
0.004289246
1.77
1,740,858
746,788
0.004376799
1.78
1,753,989
739,369
0.004343257
1.77
1,745,257
738,447
0.004343882
1.71
1,683,954
730,635
0.004408673
1.76
1,731,305
740,582
0.004288570
1.77
1,747,247
737,162
0.004329611
1.69
1,658,071
728,182
0.004370131
1.75
1,725,892
735,385
0.004300809
1.69
1,665,928
729,876
0.004296486
1.77
1,746,487
736,506
0.004307632
1.70
1,671,227
729,900
0.004378725
1.76
1,736,151
744,105
0.004335809
1.78
1,750,512
740,753
0.004346694
1.71
1,681,965
731,429
0.004380496
1.77
1,747,079
739,016
0.004305445
1.76
1,729,347
739,594
0.004346173
1.68
1,656,952
733,380
0.004396746
1.76
1,733,188
733,846
0.004309038
1.79
1,760,625
742,821
0.004342267
1.70
1,669,946
729,289
0.004377007
1.75
1,728,138
743,153
0.004265653
1.75
1,723,013
736,878
0.004264560
1.75
1,725,994
739,318
0.004280496
1.77
1,739,515
740,985
0.004309715
1.69
1,665,461
734,846
0.004381851
1.78
1,753,127
736,091
0.004343726
1.76
1,734,919
737,058
0.004310445
1.69
1,660,432
728,744
0.004389819
1.80
1,775,776
746,090
0.004325288
1.76
1,735,511
738,997
0.004319663
1.79
362,491
166,677
0.004341807
1.67
355,293
166,677
0.004391495
1.66
354,664
166,690
0.002521866
1.80
364,810
166,701
0.000979476
1.72
364,718
166,694
0.004442849
1.69
359,082
166,685
0.004368526
1.67
353,152
166,691
0.002431450
1.79
364,463
166,663
0.000539113
1.68
358,318
166,697
0.004439619
1.67
356,855
166,717
0.002727073
1.79
359,503
166,664
0.004325350
1.71
367,700
166,700
0.004422797
1.66
356,107
166,681
0.002717074
1.79
366,081
166,693
0.000839580
1.70
362,236
166,666
0.004458058
1.69
360,224
166,669
0.004424672
1.79
354,285
166,695
0.001938848
1.70
361,788
166,700
0.004429620
1.67
352,497
166,675
0.002538428
1.66
359,991
166,697
0.000150364
1.81
364,892
166,680
0.004385401
1.79
365,260
166,705
0.000999892
1.67
362,100
166,651
0.000150260
1.70
359,189
166,695
0.004357120
1.67
354,779
166,698
0.002676658
1.79
356,073
166,670
0.001632339
1.69
356,465
166,708
0.004358474
1.78
360,547
166,676
0.001229944
1.68
356,410
166,680
0.004404308
1.71
357,683
166,693
0.004504151
1.80
364,060
166,675
0.004353684
1.69
355,952
166,680
0.004433319
1.69
360,206
166,660
0.004431287
1.67
355,756
166,682
0.002420408
1.79
363,910
166,704
0.001282235
1.69
360,676
166,700
0.004376235
1.70
359,282
166,682
0.004417172
1.67
358,180
166,676
0.002789939
1.67
360,643
166,671
0.000147552
1.70
356,278
166,696
0.004427433
1.79
364,227
166,677
0.004394829
1.80
361,301
166,689
0.000708175
1.68
357,478
166,684
0.004391131
1.68
352,249
166,706
0.002302284
1.67
356,324
166,700
0.004373163
1.78
357,149
166,697
0.001616557
1.69
359,112
166,666
0.004397225
1.81
361,365
166,702
0.001390933
1.69
358,222
166,675
0.004424048
1.67
353,934
166,695
0.002982594
1.79
360,406
166,684
0.004331080
1.72
361,778
166,694
0.004403007
1.70
357,858
166,676
0.004390142
1.67
352,564
166,668
0.002361138
1.70
357,566
166,672
0.004451704
1.66
358,668
166,696
0.002884053
1.80
359,693
166,681
0.001487391
1.68
356,345
166,669
0.004385246
1.70
357,806
166,679
0.004425611
1.82
357,875
166,688
0.001595099
1.78
360,940
166,680
0.004317278
1.68
356,617
166,680
0.002450201
1.82
353,346
166,700
0.001756245
1.69
357,286
166,663
0.004383111
1.80
361,170
166,693
0.000355936
1.67
352,660
166,669
0.002624576
1.80
361,122
166,670
0.000665780
1.79
362,464
166,677
0.000679790
1.67
354,807
166,709
0.002269264
1.79
363,468
166,728
0.001095778
1.81
363,445
166,668
0.004372695
1.70
361,444
166,715
0.004372121
1.70
361,127
166,688
0.004436705
1.69
358,922
166,713
0.004441705
1.78
353,802
166,718
0.001851504
1.78
361,126
166,682
0.000734894
1.70
359,295
166,686
0.004423632
1.78
359,714
166,701
0.001227028
1.71
358,353
166,678
0.004451705
1.68
353,071
166,681
0.002408431
1.79
364,908
166,677
0.004364414
1.69
357,499
166,691
0.004447694
1.68
356,404
166,691
0.001980567
1.78
359,966
166,694
0.000678331
1.70
359,555
166,696
0.004379570
1.70
358,027
166,668
0.004423893
1.68
358,014
166,685
0.002822908
1.81
364,945
166,711
0.001139788
1.69
358,389
166,673
0.004424049
1.78
361,503
166,675
0.000615467
1.82
361,937
166,695
0.004394987
1.69
354,247
166,675
0.004418737
1.68
359,571
166,668
0.004402643
1.71
357,271
166,672
0.004428789
1.70
358,972
166,698
0.004432383
1.66
355,614
166,694
0.002687752
1.81
361,630
166,685
0.001199371
1.67
355,487
166,698
0.002819940
1.68
352,994
166,689
0.002081087
1.79
357,741
166,674
0.000362759
1.79
362,818
166,726
0.004369206
1.83
357,326
166,668
0.000411510
1.69
357,837
166,671
0.004379779
1.70
357,223
166,682
0.004402956
1.80
355,283
166,714
0.001803015
1.71
363,235
166,665
0.004454258
1.69
360,599
166,683
0.004363008
1.83
354,264
166,699
0.001793849
1.69
355,908
166,664
0.004409050
1.66
352,509
166,682
0.002662284
1.80
361,628
166,724
0.004359414
1.69
358,807
166,679
0.004445300
1.70
358,918
166,671
0.004445716
1.70
358,837
166,689
0.004424362
1.67
354,183
166,696
0.002290202
1.81
366,434
166,723
0.000887342
1.81
360,408
166,690
0.001171924
1.68
356,447
166,641
0.004394467
1.78
353,072
166,679
0.001751454
1.67
362,419
166,680
0.000159739
1.77
359,289
166,714
0.004351186
1.67
357,834
166,692
0.004400977
1.67
354,031
166,691
0.002083224
1.70
359,022
166,678
0.004388060
1.67
355,732
166,683
0.002248223
1.66
358,339
166,667
0.000187864
1.66
353,997
166,687
0.002686451
1.68
355,859
166,687
0.004389259
1.68
354,109
166,691
0.002191400
1.78
364,760
166,674
0.000813748
1.79
362,231
166,680
0.004353218
1.80
366,979
166,693
0.000868331
1.69
356,592
166,693
0.002519576
1.78
359,272
166,701
0.000410051
1.69
358,610
166,675
0.004481602
1.68
355,184
166,705
0.002259264
1.68
357,955
166,694
0.004380352
1.68
357,017
166,688
0.002114422
1.67
360,338
166,680
0.000155781
1.67
355,260
166,701
0.002623379
1.78
362,937
166,710
0.004343426
1.82
361,908
166,706
0.000764790
1.81
358,179
166,661
0.000468801
1.67
357,324
166,673
0.002884576
1.81
359,729
166,684
0.001407809
1.70
360,674
166,704
0.004416863
1.70
360,089
166,682
0.004460196
1.70
355,696
166,655
0.004402905
1.82
357,259
166,674
0.001718017
1.69
354,287
166,688
0.004411029
1.80
366,644
166,701
0.004348061
1.67
356,211
166,702
0.002901138
1.71
356,724
166,692
0.004453998
1.70
360,052
166,655
0.004430040
1.79
363,018
166,695
0.001420309
1.70
356,287
166,686
0.004439936
1.67
356,034
166,665
0.002358171
1.82
367,858
166,715
0.000712082
1.69
356,226
166,673
0.004425561
1.66
354,843
166,702
0.002651503
1.81
366,067
166,693
0.004369832
1.70
358,592
166,686
0.004379676
1.69
356,357
166,701
0.002977857
1.84
363,974
166,689
0.001016091
1.70
360,777
166,694
0.004420822
1.82
358,040
166,702
0.001498225
1.67
358,695
166,685
0.000199166
1.68
354,968
166,692
0.002440723
1.66
360,837
166,662
0.000155260
1.69
358,280
166,681
0.004427384
1.79
361,056
166,668
0.004333010
1.69
360,389
166,690
0.004463374
1.66
356,467
166,681
0.002171766
1.67
362,418
166,697
0.000148697
1.66
353,952
166,703
0.002909212
1.78
351,962
166,694
0.001871089
1.70
360,283
166,669
0.004355249
1.66
355,167
166,663
0.002222806
1.67
359,382
166,690
0.000144478
1.70
357,725
166,679
0.004385249
1.80
363,445
166,664
0.004374051
1.70
360,669
166,674
0.004422646
1.68
357,863
166,711
0.002737962
1.82
355,560
166,689
0.001713850
1.69
356,987
166,690
0.004423791
1.67
352,791
166,710
0.002052390
1.68
360,400
166,680
0.004441916
1.66
356,616
166,687
0.000195989
1.69
357,893
166,656
0.004496760
1.67
355,373
166,662
0.002207234
1.79
364,936
166,688
0.004341812
1.70
357,749
166,680
0.004441708
1.68
357,780
166,663
0.002853430
1.80
368,810
166,702
0.000914945
1.69
356,178
166,689
0.004346813
1.79
362,301
166,700
0.001210622
1.71
357,206
166,689
0.004487125
1.77
355,271
166,689
0.001939422
1.70
358,024
166,677
0.004396135
1.68
352,624
166,670
0.001979318
1.79
362,459
166,693
0.004348531
1.66
351,739
166,676
0.002886243
1.79
351,449
166,692
0.001613433
1.83
361,498
166,689
0.001352392
1.81
364,017
166,694
0.001090570
1.70
356,719
166,674
0.004427489
1.79
353,555
166,689
0.001906923
1.69
358,427
166,680
0.004425614
1.68
355,964
166,700
0.002768847
1.68
353,655
166,702
0.002905358
1.79
361,224
166,723
0.004352072
1.82
360,030
166,700
0.000452707
1.67
355,852
166,662
0.002969524
1.78
355,005
166,689
0.001843694
1.81
361,339
166,703
0.001136300
1.70
359,398
166,687
0.004448687
1.69
354,831
166,701
0.002264213
1.78
365,724
166,669
0.000817081
1.70
359,504
166,676
0.004494469
1.68
360,304
166,675
0.002932076
1.79
361,234
166,728
0.004345615
1.69
357,212
166,708
0.004408323
1.67
353,910
166,691
0.002845566
1.68
352,749
166,709
0.002213381
1.70
361,962
166,696
0.004445666
1.68
352,461
166,674
0.002039735
1.82
357,499
166,652
0.000277603
1.67
357,654
166,672
0.002824837
1.78
366,349
166,690
0.000810780
1.71
357,714
166,668
0.004436760
1.80
366,879
166,693
0.004383636
1.69
357,560
166,693
0.004376448
1.79
359,017
166,695
0.001561767
1.68
360,758
166,691
0.004358324
1.68
354,900
166,709
0.003027962
1.81
363,934
166,692
0.001354112
1.79
357,709
166,706
0.000436509
1.67
355,758
166,663
0.002852285
1.69
359,075
166,684
0.004419990
1.70
362,110
166,702
0.004435928
1.80
366,234
166,691
0.004380511
1.78
358,900
166,662
0.000429061
1.66
354,296
166,720
0.002648275
1.71
357,990
166,680
0.004427646
1.70
357,876
166,668
0.004419052
1.67
355,655
166,685
0.002440723
1.83
362,264
166,672
0.000854061
1.65
352,275
166,704
0.002770879
1.68
359,812
166,688
0.000156353
1.70
358,170
166,691
0.004451083
1.79
362,597
166,703
0.004345823
1.70
360,387
166,719
0.004403636
1.69
358,612
166,709
0.004392906
1.77
354,653
166,697
0.001852444
1.70
361,240
166,718
0.004393792
1.67
354,810
166,703
0.002271506
1.80
369,908
166,699
0.000907238
1.67
351,622
166,647
0.002895046
1.82
364,292
166,689
0.000755571
1.70
357,786
166,698
0.004492855
1.78
359,570
166,684
0.004348011
1.69
359,662
166,691
0.004424730
1.68
355,044
166,675
0.002673483
1.79
358,020
166,698
0.000419010
1.70
361,498
166,683
0.004450095
1.79
355,247
166,685
0.001720726
1.79
361,633
166,690
0.001272602
1.79
368,020
166,676
0.001108591
1.70
361,156
166,681
0.004410824
1.73
359,659
166,691
0.004449261
1.80
364,796
166,669
0.004374886
1.67
354,360
166,715
0.002610620
1.80
363,987
166,688
0.001144842
1.80
369,098
166,680
0.000917446
1.67
354,848
166,665
0.002987598
1.81
365,736
166,673
0.001439788
1.81
363,851
166,687
0.001176924
1.79
363,811
166,738
0.000664998
1.68
353,810
166,695
0.002954525
1.70
360,045
166,699
0.004397126
1.79
363,492
166,695
0.004343272
1.70
360,172
166,672
0.004409105
1.80
352,623
166,673
0.001626142
1.67
358,876
166,682
0.000209010
1.68
354,937
166,700
0.002176662
1.69
358,791
166,706
0.004400355
1.67
354,488
166,665
0.002519370
1.81
362,886
166,664
0.000767550
1.70
361,587
166,681
0.004423741
1.68
350,842
166,689
0.002158745
1.80
364,188
166,701
0.004337127
1.69
359,190
166,668
0.004395876
1.69
358,320
166,678
0.004393220
1.79
359,826
166,700
0.000558697
1.68
357,060
166,668
0.002772702
1.81
363,931
166,676
0.001236560
1.70
357,655
166,685
0.004418167
1.70
358,278
166,689
0.004429365
1.68
353,789
166,707
0.002066870
1.70
361,377
166,683
0.004383897
1.80
363,768
166,709
0.004359834
1.70
358,230
166,689
0.004414158
1.79
357,355
166,683
0.001877600
1.80
364,200
166,700
0.000894269
1.68
357,098
166,710
0.002413537
1.70
361,015
166,674
0.004409314
1.71
364,276
166,699
0.004394053
1.69
355,438
166,706
0.004492647
1.67
354,061
166,675
0.002482911
1.80
365,078
166,670
0.001367028
1.78
361,080
166,691
0.004345668
1.70
358,564
166,707
0.004409470
1.66
353,815
166,669
0.002835254
1.78
365,307
166,700
0.000573957
1.66
352,892
166,710
0.002881765
1.84
367,217
166,708
0.000884686
1.70
362,399
166,703
0.004437022
1.69
359,100
166,680
0.004413793
1.80
366,799
166,703
0.001160258
1.78
360,317
166,715
0.000326301
1.79
359,454
166,706
0.004347960
1.68
357,249
166,690
0.004394158
1.66
353,750
166,702
0.002081610
1.78
363,929
166,667
0.000783645
1.70
360,475
166,710
0.004447127
1.79
354,127
166,703
0.001826558
1.66
361,282
166,672
0.000155260
1.67
357,497
166,674
0.002097288
1.70
357,469
166,686
0.004398325
1.81
364,832
166,674
0.000819478
1.80
365,522
166,666
0.004382283
1.66
349,744
166,675
0.002450725
1.67
353,030
166,690
0.002012600
1.70
358,171
166,661
0.004411918
1.69
357,704
166,694
0.004420929
1.79
355,535
166,661
0.001816663
1.72
361,076
166,687
0.004460980
1.67
355,403
166,705
0.002998275
1.71
353,837
166,690
0.002067288
1.66
356,708
166,672
0.000153281
1.79
363,138
166,687
0.004353741
1.67
361,265
166,701
0.000150313
1.79
356,007
166,693
0.001929111
1.66
358,944
166,665
0.000151042
1.69
358,509
166,711
0.004460773
1.70
361,934
166,740
0.004464262
1.69
356,430
166,680
0.004434574
1.80
353,126
166,712
0.001633643
1.67
354,116
166,701
0.002019684
1.69
357,523
166,714
0.004431866
1.78
365,308
166,672
0.004360460
1.69
358,481
166,688
0.004411398
1.81
355,010
166,686
0.001564163
1.78
368,807
166,697
0.000841561
1.73
358,248
166,712
0.004420043
1.67
360,332
166,688
0.000148281
1.83
363,586
166,686
0.000895883
1.68
361,030
166,692
0.004418689
1.69
351,956
166,701
0.002211819
1.69
357,779
166,693
0.004462387
1.84
362,900
166,719
0.004456450
1.71
357,227
166,697
0.004440512
1.80
363,001
166,689
0.000797029
1.68
361,462
166,666
0.000195885
1.70
356,696
166,682
0.004425356
1.66
354,293
166,690
0.002083746
1.69
359,148
166,677
0.004399367
1.67
356,495
166,699
0.002186089
1.81
361,224
166,705
0.000235052
1.67
352,472
166,699
0.002011923
1.81
365,232
166,679
0.004387908
1.68
362,197
166,713
0.000195781
1.69
356,578
166,658
0.004417439
1.67
356,635
166,688
0.002030361
1.80
363,046
166,670
0.000366926
1.69
354,966
166,710
0.002356558
1.67
363,952
166,685
0.000155572
1.67
354,633
166,675
0.002780516
1.81
361,486
166,671
0.001375206
1.67
356,259
166,714
0.002695515
1.79
364,172
166,715
0.004368690
1.72
361,004
166,686
0.004468742
1.68
353,775
166,664
0.002052392
1.66
360,648
166,648
0.000148229
1.70
357,940
166,667
0.004444835
1.68
355,800
166,712
0.002229371
1.69
357,429
166,674
0.004413481
1.70
356,623
166,674
0.004417283
1.68
355,743
166,688
0.004413221
1.76
353,719
166,691
0.001939632
1.80
361,779
166,693
0.004377596
1.68
353,767
166,678
0.004422179
1.68
352,865
166,678
0.002022757
1.78
360,121
166,691
0.000441874
1.67
354,179
166,677
0.002764266
1.68
353,836
166,713
0.002360933
1.81
359,524
166,697
0.001496976
1.69
356,815
166,689
0.004424210
1.79
356,978
166,707
0.001875101
1.70
356,713
166,676
0.004422232
1.81
363,858
166,686
0.004395929
1.69
357,726
166,707
0.004427388
1.68
353,371
166,697
0.002294788
1.69
359,516
166,671
0.004402023
1.79
363,070
166,710
0.001095571
1.67
354,384
166,675
0.002768744
1.70
356,772
166,686
0.004428221
1.78
365,590
166,657
0.001226300
1.68
353,142
166,671
0.002697651
1.82
366,693
166,696
0.001301821
1.80
366,764
166,698
0.004369524
1.71
362,399
166,698
0.004452284
1.70
356,176
166,675
0.002417235
1.69
361,575
166,670
0.004427700
1.66
349,729
166,665
0.002260152
1.82
363,668
166,696
0.000419166
1.67
353,255
166,704
0.003007338
1.77
354,515
166,695
0.001897600
1.81
357,734
166,650
0.000333749
1.68
354,834
166,709
0.004411554
1.77
361,776
166,677
0.004355877
1.70
358,318
166,693
0.004453429
1.78
365,928
166,715
0.001193696
1.67
356,445
166,680
0.002769006
1.67
356,419
166,695
0.002850203
1.79
363,515
166,706
0.001019529
1.77
361,237
166,671
0.000361145
1.66
356,740
166,692
0.002997546
1.69
353,950
166,663
0.002467496
1.68
356,848
166,692
0.004419992
1.79
365,543
166,700
0.004337024
1.70
356,466
166,687
0.004437648
1.67
354,945
166,683
0.002588381
1.80
356,826
166,675
0.000358749
1.80
360,060
166,676
0.000286926
1.69
358,435
166,692
0.004372440
1.70
360,044
166,687
0.004441503
1.68
354,406
166,671
0.002956400
1.82
364,293
166,672
0.001164477
1.68
357,785
166,652
0.004397753
1.78
363,429
166,675
0.004367284
1.66
360,032
166,693
0.000147447
1.69
356,390
166,686
0.004464627
1.81
366,360
166,700
0.001188956
1.81
361,267
166,674
0.000413229
1.68
355,216
166,659
0.003046141
1.81
354,620
166,690
0.001754580
1.69
359,491
166,683
0.004417231
1.78
360,143
166,698
0.001041405
1.69
354,800
166,670
0.004422075
1.80
362,668
166,702
0.004375252
1.70
360,068
166,682
0.004436815
1.82
355,086
166,681
0.001649736
1.69
360,629
166,652
0.004396451
1.81
361,232
166,659
0.001012550
1.69
360,904
166,692
0.004427388
1.67
357,078
166,664
0.002994891
1.70
354,867
166,665
0.004434419
1.69
355,878
166,659
0.004423482
1.70
361,190
166,676
0.004437388
1.80
364,529
166,658
0.004378794
1.67
362,965
166,689
0.000181822
1.82
362,745
166,702
0.000281146
1.72
361,319
166,696
0.004465513
1.67
354,516
166,672
0.002833536
1.67
353,041
166,702
0.002413329
1.66
362,964
166,705
0.000191145
1.71
357,426
166,691
0.004439263
1.75
355,804
166,664
0.001822913
1.80
362,118
166,682
0.001029894
1.79
365,697
166,696
0.004350722
1.80
364,332
166,657
0.000605989
1.71
358,243
166,680
0.004446502
1.67
353,566
166,657
0.002223799
1.67
360,182
166,716
0.000151719
1.69
357,155
166,672
0.004369159
1.70
358,922
166,688
0.004480774
1.81
355,750
166,737
0.001659372
1.81
359,701
166,704
0.000395624
1.68
357,742
166,694
0.002613850
1.79
362,065
166,676
0.004319940
1.69
358,143
166,696
0.004416295
1.68
361,313
166,694
0.004468795
1.68
358,624
166,690
0.004443846
1.69
356,211
166,671
0.001984423
1.82
363,658
166,665
0.001350154
1.66
356,734
166,678
0.002807287
1.81
353,823
166,699
0.001670987
1.69
357,526
166,661
0.004346451
1.78
356,314
166,683
0.001924163
1.79
364,670
166,697
0.004337180
1.68
353,948
166,685
0.002352236
1.69
361,082
166,703
0.004402023
1.67
357,464
166,698
0.003030516
1.79
352,474
166,715
0.001945153
1.79
357,826
166,683
0.000481145
1.70
358,677
166,675
0.004476971
1.82
362,017
166,706
0.001316456
1.66
354,787
166,675
0.000149896
1.69
355,851
166,692
0.002135778
