1.35
1,859,147
725,934
0.003447012
1.34
1,859,665
729,684
0.003589824
1.34
1,849,469
727,637
0.003471178
1.36
1,877,632
732,041
0.003552115
1.36
1,871,541
727,962
0.003548001
1.36
1,874,411
729,626
0.003537948
1.40
1,927,359
736,981
0.003463157
1.36
1,869,883
725,391
0.003557167
1.41
1,948,921
735,693
0.003490501
1.42
1,955,321
744,764
0.003487637
1.34
1,850,223
728,035
0.003425605
1.35
1,872,205
728,671
0.003620865
1.35
1,864,041
727,583
0.003480345
1.36
1,872,607
729,692
0.003553834
1.42
1,961,668
739,593
0.003516855
1.42
1,951,851
733,770
0.003507480
1.35
1,859,371
725,132
0.003435137
1.35
1,853,773
728,250
0.003503470
1.43
1,965,319
739,690
0.003483574
1.35
1,863,647
726,647
0.003531542
1.35
1,857,692
728,159
0.003441908
1.37
1,885,097
732,020
0.003559719
1.33
1,836,853
726,057
0.003459616
1.35
1,860,705
726,622
0.003517741
1.37
1,879,588
729,891
0.003511022
1.44
1,978,143
748,070
0.003509147
1.42
1,958,162
737,322
0.003477741
1.44
1,978,499
741,201
0.003516907
1.42
1,956,375
734,136
0.003480918
1.42
1,963,901
734,438
0.003504460
1.36
1,879,773
737,184
0.003471439
1.35
1,862,023
725,602
0.003580449
1.34
1,840,637
726,898
0.003408731
1.33
1,844,126
727,111
0.003606386
1.35
1,866,337
735,632
0.003479929
1.36
1,866,649
724,209
0.003528261
1.43
1,969,173
737,989
0.003504459
1.34
1,851,701
727,018
0.003527533
1.35
1,850,839
726,160
0.003553522
1.37
1,888,737
743,098
0.003495033
1.35
1,861,029
733,320
0.003438991
1.44
1,978,953
733,613
0.003479563
1.46
2,018,426
753,978
0.003528522
1.42
1,953,825
737,239
0.003466959
1.35
1,861,613
725,075
0.003521230
1.41
1,943,633
737,587
0.003479720
1.43
1,969,893
736,399
0.003518834
1.42
1,961,769
738,610
0.003506282
1.41
1,950,045
735,347
0.003516751
1.41
1,949,289
733,078
0.003505553
1.36
1,867,023
733,085
0.003460293
1.36
1,873,669
725,462
0.003580709
1.42
1,951,127
734,078
0.003501647
1.35
1,851,980
725,995
0.003547897
1.36
1,882,057
736,683
0.003620396
1.41
1,948,399
737,148
0.003471022
1.37
1,882,037
727,454
0.003490293
1.43
1,975,381
742,192
0.003512949
1.43
1,976,327
737,901
0.003511438
1.44
1,990,509
736,312
0.003495449
1.35
1,855,527
728,175
0.003410918
1.46
1,994,504
748,021
0.003566386
1.44
1,977,201
739,891
0.003502533
1.44
1,978,449
737,914
0.003539146
1.36
1,870,761
728,485
0.003512376
1.35
1,871,285
731,115
0.003595813
1.43
1,979,869
740,965
0.003503782
1.42
1,951,853
738,827
0.003467220
1.44
1,979,585
736,921
0.003492481
1.47
2,023,075
753,472
0.003544615
1.35
1,866,589
726,549
0.003455501
1.35
1,861,681
721,593
0.003508417
1.43
1,963,973
737,340
0.003503626
1.42
1,956,599
741,066
0.003494199
1.47
2,001,522
748,611
0.003571074
1.40
1,926,648
728,387
0.003475866
1.41
1,949,827
736,782
0.003480188
1.44
1,983,023
749,477
0.003516751
1.44
1,987,309
742,897
0.003538418
1.42
1,956,489
734,164
0.003496126
1.35
1,853,265
728,809
0.003429043
1.44
1,979,835
741,583
0.003541490
1.44
1,977,155
735,547
0.003500345
1.48
2,018,339
743,236
0.003629251
1.43
1,973,049
736,186
0.003494200
1.35
1,859,919
728,008
0.003500918
1.35
1,862,274
729,077
0.003561178
1.44
1,982,265
736,021
0.003528053
1.44
1,984,539
735,312
0.003514460
1.43
1,978,955
739,878
0.003482324
1.35
1,857,217
731,835
0.003441752
1.36
1,868,943
730,841
0.003522532
1.33
1,824,833
721,084
0.003391856
1.36
1,869,204
733,617
0.003519199
1.45
1,994,409
745,558
0.003508210
1.35
1,861,752
724,432
0.003565501
1.43
1,966,409
742,241
0.003502220
1.44
1,978,848
746,012
0.003503887
1.45
1,993,313
739,575
0.003486699
1.45
1,996,265
736,981
0.003498731
1.35
1,858,157
728,352
0.003426074
1.34
1,849,867
726,497
0.003580032
1.42
1,964,059
740,692
0.003478991
1.43
1,973,209
743,632
0.003499043
1.41
1,947,917
736,606
0.003438054
1.42
1,960,759
732,687
0.003497689
1.35
1,853,087
729,596
0.003459668
1.35
1,857,165
725,979
0.003581855
1.36
1,876,881
724,976
0.003541491
1.42
1,959,763
745,460
0.003519199
1.35
1,858,555
728,832
0.003445450
1.42
1,958,353
737,247
0.003515814
1.42
1,951,404
734,831
0.003505501
1.36
1,886,435
731,885
0.003600241
1.43
1,967,063
748,022
0.003465033
1.34
1,848,783
728,736
0.003506282
1.36
1,868,851
725,948
0.003533001
1.34
1,848,971
730,092
0.003473053
1.36
1,867,533
728,811
0.003509511
1.42
1,963,811
741,287
0.003497376
1.36
1,873,127
730,510
0.003443210
1.35
1,863,529
726,708
0.003558991
1.44
1,984,215
746,474
0.003517324
1.44
1,978,769
735,062
0.003478314
1.41
1,936,829
734,618
0.003455970
1.42
1,959,759
735,707
0.003475605
1.35
1,855,715
724,606
0.003451855
1.33
1,839,239
721,581
0.003566282
1.42
1,954,623
728,089
0.003454929
1.36
1,878,635
732,051
0.003556647
1.35
1,855,701
733,418
0.003444251
1.36
1,865,337
724,670
0.003524615
1.37
1,875,429
725,787
0.003527012
1.41
1,944,575
735,105
0.003447897
1.35
1,865,091
732,428
0.003519616
1.36
1,879,187
729,291
0.003504251
1.44
1,985,507
738,523
0.003542949
1.43
1,972,265
744,619
0.003495918
1.42
1,959,247
733,282
0.003510241
1.42
1,955,677
738,073
0.003515241
1.35
1,859,021
724,738
0.003449981
1.34
1,861,563
727,174
0.003582584
1.43
1,967,655
738,828
0.003535710
1.45
2,003,321
737,097
0.003598886
1.42
1,963,775
734,142
0.003492324
1.44
1,977,457
740,231
0.003514251
1.43
1,969,457
735,440
0.003493990
1.43
1,975,801
732,877
0.003511543
1.35
1,852,351
727,617
0.003560084
1.38
1,901,833
736,841
0.003561490
1.35
1,858,402
728,537
0.003438627
1.35
1,864,321
726,190
0.003568261
1.34
1,841,373
720,162
0.003433471
1.35
1,875,355
732,914
0.003633053
1.36
1,872,573
730,036
0.003582532
1.42
1,957,493
733,857
0.003473314
1.43
1,971,497
737,567
0.003485137
1.34
1,847,453
728,590
0.003427950
1.34
1,848,239
731,636
0.003488835
1.34
1,840,460
724,650
0.003461699
1.35
1,858,315
728,688
0.003419252
1.35
1,853,557
726,899
0.003537324
1.35
1,864,995
732,966
0.003448939
1.36
1,873,153
727,236
0.003481283
1.36
1,869,641
726,687
0.003524043
1.43
1,969,999
742,027
0.003499668
1.43
1,939,946
736,128
0.000396820
1.35
1,861,741
729,021
0.003436022
1.43
1,971,149
735,850
0.003516334
1.35
1,858,189
724,861
0.003501751
1.34
1,849,570
733,446
0.003453835
1.34
1,848,545
724,593
0.003621698
1.34
1,852,279
725,966
0.003495709
1.34
1,859,256
728,251
0.003613053
1.35
1,868,149
724,797
0.003574459
1.34
1,840,963
725,520
0.003425137
1.34
1,858,379
725,889
0.003594459
1.35
1,864,915
727,868
0.003596543
1.41
1,948,299
738,858
0.003458939
1.42
1,950,935
735,856
0.003464721
1.34
1,844,699
721,324
0.003439616
1.35
1,872,769
729,118
0.003615657
1.44
1,985,411
749,839
0.003508782
1.44
1,979,071
736,887
0.003514459
1.42
1,960,378
735,967
0.003498366
1.43
1,966,521
737,795
0.003534251
1.42
1,958,179
739,234
0.003508262
1.43
1,972,251
738,689
0.003510605
1.43
1,967,165
740,719
0.003497272
1.36
1,865,273
720,600
0.003564929
1.34
1,842,983
723,850
0.003421856
1.36
1,866,957
724,317
0.003587688
1.34
1,849,941
722,577
0.003483366
1.35
1,864,739
728,676
0.003537949
1.43
1,968,333
736,779
0.003471230
1.44
1,977,805
741,895
0.003508990
1.44
1,985,788
739,958
0.003505137
1.43
1,974,929
744,298
0.003535293
1.43
1,976,789
741,178
0.003522324
1.36
1,863,305
724,245
0.003547376
1.35
1,857,895
722,137
0.003435710
1.36
1,869,335
730,755
0.003565553
1.36
1,872,193
732,165
0.003506700
1.43
1,973,783
740,259
0.003479460
1.35
1,869,291
728,492
0.003581699
1.43
1,972,595
732,472
0.003484252
1.42
1,957,777
740,125
0.003481855
1.42
1,958,043
736,561
0.003452116
1.42
1,953,211
735,320
0.003463939
1.45
1,994,609
739,993
0.003502480
1.35
1,859,525
733,791
0.003478731
1.43
1,972,971
740,272
0.003497116
1.35
1,863,277
725,867
0.003433367
1.36
1,870,636
732,901
0.003616334
1.42
1,956,599
734,397
0.003490761
1.44
1,988,411
732,686
0.003514148
1.43
1,974,820
740,986
0.003496387
1.35
1,863,835
730,337
0.003629667
1.42
1,963,667
743,189
0.003504043
1.43
1,971,457
739,629
0.003475866
1.36
1,869,745
727,153
0.003424460
1.35
1,857,987
730,634
0.003511282
1.36
1,876,685
730,126
0.003578522
1.34
1,846,939
723,751
0.003566595
1.44
1,985,943
736,295
0.003494877
1.43
1,969,163
741,913
0.003500033
1.43
1,965,963
746,726
0.003483574
1.41
1,938,701
733,705
0.003484668
1.43
1,973,249
736,159
0.003510710
1.34
1,841,759
726,297
0.003447480
1.35
1,860,285
728,462
0.003449929
1.35
1,865,231
727,824
0.003523626
1.34
1,854,155
724,708
0.003570136
1.34
1,847,381
728,382
0.003436752
1.34
1,852,175
729,430
0.003522532
1.34
1,850,893
725,719
0.003461439
1.35
1,852,343
720,751
0.003564667
1.44
1,992,855
734,979
0.003511386
1.42
1,964,285
738,057
0.003491126
1.43
1,967,919
739,773
0.003502220
1.35
1,859,495
728,844
0.003421648
1.36
1,875,145
733,659
0.003540918
1.36
1,865,237
731,109
0.003540554
1.42
1,952,678
733,362
0.003492012
1.41
1,941,991
733,983
0.003471126
1.42
1,959,873
736,712
0.003491283
1.35
1,860,725
727,305
0.003494616
1.34
1,851,067
721,267
0.003499772
1.35
1,871,225
727,823
0.003593522
1.35
1,862,509
728,274
0.003518418
1.36
1,870,907
729,886
0.003452845
1.36
1,874,303
727,106
0.003532220
1.43
1,975,433
733,841
0.003499668
1.42
1,952,383
738,162
0.003477950
1.36
1,876,787
729,052
0.003507429
1.35
1,860,149
727,321
0.003537064
1.33
1,831,137
724,081
0.003402897
1.34
1,843,937
722,103
0.003541647
1.43
1,971,041
744,651
0.003506491
1.36
1,872,881
718,892
0.003516855
1.34
1,850,624
726,923
0.003430502
1.34
1,851,994
725,237
0.003587949
1.43
1,972,965
749,659
0.003454981
1.42
1,960,027
735,375
0.003472689
1.42
1,950,749
731,766
0.003439200
1.34
1,852,507
727,968
0.003507377
1.42
1,956,527
743,245
0.003495605
1.36
1,867,975
728,633
0.003546699
1.41
1,937,277
725,911
0.003440085
1.35
1,862,160
729,577
0.003491491
1.33
1,832,625
722,911
0.003423731
1.43
1,976,460
734,463
0.003510449
1.42
1,953,517
728,779
0.003486752
1.34
1,845,689
717,253
0.003525970
1.43
1,968,429
740,894
0.003443314
1.43
1,975,245
733,538
0.003475815
1.37
1,881,905
724,529
0.003526959
1.35
1,855,881
726,592
0.003448731
1.35
1,854,771
726,516
0.003556491
1.41
1,942,634
739,043
0.003447064
1.34
1,854,624
729,025
0.003433366
1.35
1,854,693
722,077
0.003573782
1.45
1,997,617
752,728
0.003542064
1.35
1,870,119
728,978
0.003608261
1.42
1,957,858
736,674
0.003467741
1.43
1,967,850
740,273
0.003499147
1.35
1,860,147
724,724
0.003527012
1.45
1,993,937
735,747
0.003485189
1.43
1,968,720
738,363
0.003495710
1.35
1,859,229
725,629
0.003544824
1.34
1,843,988
727,890
0.003447637
1.36
1,873,101
727,676
0.003550605
1.35
1,861,835
723,230
0.003526231
1.42
1,961,051
739,128
0.003491179
1.35
1,860,109
727,847
0.003540918
1.37
1,882,311
724,546
0.003605136
1.36
1,872,651
730,672
0.003473262
1.35
1,864,467
726,635
0.003513470
1.34
1,851,051
726,910
0.003431908
1.35
1,853,743
723,127
0.003580084
1.35
1,863,423
728,521
0.003456231
1.38
1,897,145
730,253
0.003562220
1.34
1,862,647
726,003
0.003627636
1.34
1,848,629
721,508
0.003510970
1.35
1,859,583
728,289
0.003573469
1.45
1,991,605
736,287
0.003531022
1.35
1,861,811
731,273
0.003482377
1.35
1,852,943
727,078
0.003497532
1.35
1,856,311
725,994
0.003475501
1.35
1,856,091
726,171
0.003433679
1.35
1,860,255
727,597
0.003448783
1.35
1,862,398
725,230
0.003568678
1.35
1,867,889
724,949
0.003614147
1.43
1,971,803
734,256
0.003512064
1.44
1,984,419
736,494
0.003496752
1.36
1,870,838
729,571
0.003574772
1.44
1,991,126
742,848
0.003517793
1.43
1,977,012
734,100
0.003519929
1.42
1,951,411
740,815
0.003487116
1.36
1,867,579
726,326
0.003516803
1.35
1,853,465
728,094
0.003424252
1.33
1,841,280
719,517
0.003566803
1.35
1,854,941
727,337
0.003470762
1.43
1,972,819
737,235
0.003477168
1.43
1,966,895
732,971
0.003475762
1.45
2,001,107
737,495
0.003511699
1.34
1,862,851
729,876
0.003632428
1.43
1,979,539
734,765
0.003503939
1.37
1,884,405
731,654
0.003579876
1.41
1,945,543
737,145
0.003503730
1.36
1,871,191
736,674
0.003464825
1.41
1,946,320
735,943
0.003501855
1.44
1,980,217
735,340
0.003507012
1.46
2,007,325
742,522
0.003505189
1.44
1,985,559
750,630
0.003527584
1.42
1,962,119
743,071
0.003502637
1.43
1,967,476
733,317
0.003476491
1.43
1,967,601
738,411
0.003483627
1.42
1,958,494
739,640
0.003495814
1.34
1,845,024
721,086
0.003424929
1.36
1,865,855
726,685
0.003537637
1.44
1,989,413
741,886
0.003481908
1.35
1,859,283
729,286
0.003599563
1.41
1,947,491
729,962
0.003497220
1.43
1,975,539
742,020
0.003510605
1.35
1,867,705
725,825
0.003591595
1.42
1,962,158
743,072
0.003475450
1.34
1,844,303
722,098
0.003412585
1.37
1,881,497
729,389
0.003538054
1.42
1,952,157
733,407
0.003478471
1.36
1,871,077
726,822
0.003484825
1.35
1,860,995
725,795
0.003546022
1.43
1,966,391
733,388
0.003491127
1.36
1,873,197
724,203
0.003528835
1.36
1,874,085
733,237
0.003488887
1.35
1,870,458
724,353
0.003588835
1.36
1,868,157
727,131
0.003577688
1.43
1,970,353
739,596
0.003503470
1.43
1,970,147
744,731
0.003532012
1.44
1,988,367
746,280
0.003519564
1.35
1,853,420
724,645
0.003421595
1.35
1,861,068
724,011
0.003506596
1.37
1,878,089
725,674
0.003532012
1.43
1,967,517
736,139
0.003494408
1.41
1,945,493
734,070
0.003477741
1.44
1,991,185
746,168
0.003497376
1.42
1,964,469
736,991
0.003503366
1.36
1,866,915
726,645
0.003557116
1.42
1,947,979
736,982
0.003458731
1.36
1,868,398
729,177
0.003608001
1.35
1,863,675
731,706
0.003459773
1.36
1,875,911
726,918
0.003554981
1.44
1,984,309
740,792
0.003540657
1.45
2,002,591
751,821
0.003526907
1.42
1,964,869
735,117
0.003503679
1.45
1,992,057
740,723
0.003536960
1.43
1,974,871
736,481
0.003509252
1.43
1,971,335
736,282
0.003496439
1.46
2,012,473
743,858
0.003520970
1.43
1,978,801
739,187
0.003487950
1.34
1,843,475
724,251
0.003435346
1.34
1,848,443
719,679
0.003538314
1.35
1,858,611
727,852
0.003449929
1.35
1,863,169
731,500
0.003515241
1.35
1,853,711
726,699
0.003432742
1.35
1,861,681
728,893
0.003515293
1.37
1,884,071
732,068
0.003544147
1.39
1,921,953
735,134
0.003433419
1.35
1,853,559
726,122
0.003518002
1.44
1,983,983
733,663
0.003522116
1.34
1,849,352
728,764
0.003435397
1.34
1,855,381
731,125
0.003589147
1.36
1,869,161
725,661
0.003540346
1.42
1,956,865
734,785
0.003472012
1.45
2,006,727
753,096
0.003535918
1.43
1,976,625
740,771
0.003537377
1.35
1,863,529
728,739
0.003542533
1.34
1,840,541
727,503
0.003557741
1.33
1,835,438
720,581
0.003491023
1.42
1,952,657
734,149
0.003491960
1.37
1,892,763
727,106
0.003459617
1.35
1,864,126
726,445
0.003553418
1.42
1,952,555
737,605
0.003506022
1.35
1,861,799
727,264
0.003499252
1.43
1,973,375
742,359
0.003481751
1.43
1,978,875
740,909
0.003502793
1.42
1,963,345
739,982
0.003508314
1.42
1,953,631
733,108
0.003498626
1.35
1,864,401
725,929
0.003584251
1.44
1,980,943
737,030
0.003535970
1.35
1,861,821
729,625
0.003469773
1.36
1,866,797
723,776
0.003549616
1.42
1,954,697
739,069
0.003489200
1.46
2,016,919
747,038
0.003513887
1.36
1,866,801
727,803
0.003537273
1.41
1,939,431
733,176
0.003467689
1.34
1,845,299
728,391
0.003427898
1.36
1,868,490
727,071
0.003598782
1.44
1,985,467
734,570
0.003503835
1.45
1,997,439
744,890
0.003550293
1.35
1,852,666
724,890
0.003447898
1.35
1,859,337
718,723
0.003561334
1.35
1,851,563
728,691
0.003560709
1.47
2,031,777
733,947
0.003551595
1.42
1,951,682
735,399
0.003507064
1.36
1,869,477
728,551
0.003590605
1.43
1,974,261
744,001
0.003486387
1.36
1,880,539
734,356
0.003457481
1.35
1,860,925
723,847
0.003518001
1.41
1,913,673
733,167
0.000365154
1.34
1,843,119
723,752
0.003470450
1.35
1,853,613
729,038
0.003486648
1.37
1,890,069
736,285
0.003631438
1.42
1,951,818
736,592
0.003463054
1.44
1,985,255
744,648
0.003562324
1.37
1,879,791
728,544
0.003556855
1.41
1,938,915
729,663
0.003475918
1.42
1,957,873
733,071
0.003513314
1.41
1,938,161
739,215
0.003495085
1.34
1,847,983
725,821
0.003501751
1.36
1,875,019
729,375
0.003469981
1.41
1,947,963
736,276
0.003475710
1.34
1,855,567
728,236
0.003622272
1.44
1,985,389
733,841
0.003530761
1.45
2,000,181
738,385
0.003544877
1.42
1,957,917
736,620
0.003481960
1.41
1,943,227
730,912
0.003480867
1.41
1,950,089
736,560
0.003508262
1.42
1,960,981
737,459
0.003509772
1.42
1,949,803
731,479
0.003490293
1.34
1,848,475
730,309
0.003437377
1.35
1,859,289
724,654
0.003556179
1.35
1,852,211
726,017
0.003512950
1.44
1,981,023
735,441
0.003495345
1.45
1,999,413
752,296
0.003518314
1.44
1,979,649
742,015
0.003514044
1.40
1,935,690
736,371
0.003444824
1.36
1,871,703
726,010
0.003508574
1.43
1,974,419
741,791
0.003468210
1.42
1,956,998
732,274
0.003480137
1.35
1,862,301
727,988
0.003450294
1.43
1,966,243
736,537
0.003468991
1.43
1,978,103
738,522
0.003509408
1.35
1,862,737
726,080
0.003513158
1.35
1,864,699
725,886
0.003542481
1.34
1,861,797
725,253
0.003640813
1.34
1,844,125
725,233
0.003420971
1.35
1,854,768
726,693
0.003527689
1.35
1,863,115
725,700
0.003539096
1.45
1,996,195
732,641
0.003531335
1.34
1,842,734
722,446
0.003451752
1.33
1,833,881
717,719
0.003475033
1.36
1,864,565
725,726
0.003567949
1.42
1,965,879
732,427
0.003500970
1.42
1,962,865
738,674
0.003485970
1.42
1,963,337
735,920
0.003444304
1.41
1,938,185
736,867
0.003448627
1.35
1,854,258
721,012
0.003536544
1.33
1,833,939
725,650
0.003466908
1.34
1,850,219
725,858
0.003531751
1.35
1,855,003
729,811
0.003449669
1.42
1,957,350
734,242
0.003465658
1.42
1,950,060
738,155
0.003477272
1.44
1,987,839
730,065
0.003508314
1.42
1,953,292
739,605
0.003485398
1.44
1,989,419
744,510
0.003553001
1.42
1,953,550
736,846
0.003474512
1.34
1,845,101
726,986
0.003478001
1.34
1,850,603
725,853
0.003424044
1.44
1,979,361
735,837
0.003543678
1.35
1,859,687
732,051
0.003444304
1.36
1,880,019
729,689
0.003619043
1.42
1,963,629
738,739
0.003498106
1.45
1,993,543
744,923
0.003503575
1.44
1,983,805
738,815
0.003527585
1.43
1,976,945
732,208
0.003486283
1.41
1,947,333
738,987
0.003474981
1.33
1,832,697
723,512
0.003400242
1.35
1,856,923
726,383
0.003478783
1.34
1,863,575
724,317
0.003571126
1.35
417,044
166,723
0.003468431
1.46
415,832
166,720
0.001184529
1.44
423,838
166,688
0.001172550
1.34
414,107
166,671
0.000133021
1.47
421,632
166,704
0.001123228
1.36
411,283
166,672
0.003578588
1.45
418,950
166,713
0.000778020
1.36
416,040
166,687
0.003593900
1.36
412,851
166,675
0.003540463
1.46
418,353
166,692
0.001095311
1.45
421,426
166,685
0.001081874
1.44
404,705
166,637
0.001493174
1.36
416,529
166,689
0.003467755
1.45
408,102
166,695
0.001438071
1.45
424,190
166,690
0.001119113
1.36
410,018
166,667
0.003606349
1.34
417,853
166,706
0.000124531
1.36
414,014
166,706
0.003590306
1.43
422,588
166,670
0.000430884
1.36
413,597
166,711
0.003576349
1.48
425,561
166,686
0.000766301
1.35
418,248
166,688
0.000139947
1.44
423,522
166,689
0.000533541
1.34
418,158
166,712
0.000130052
1.34
410,658
166,720
0.001764737
1.34
413,685
166,684
0.000133021
1.37
414,506
166,663
0.003596973
1.34
414,199
166,688
0.000131146
1.37
410,378
166,690
0.003576869
1.44
419,445
166,669
0.000974998
1.45
413,467
166,689
0.001220571
1.33
409,734
166,692
0.001720674
1.45
408,503
166,681
0.001485779
1.35
415,624
166,685
0.003629161
1.45
422,163
166,719
0.000424947
1.33
415,699
166,672
0.000126614
1.47
423,986
166,681
0.001033176
1.33
416,439
166,681
0.000138906
1.43
409,087
166,693
0.001484268
1.34
408,925
166,701
0.001658643
1.35
410,324
166,709
0.003610828
1.35
410,579
166,691
0.003571140
1.47
427,932
166,680
0.000914998
1.45
420,776
166,689
0.000843853
1.35
412,952
166,682
0.003598015
1.46
408,465
166,688
0.001314269
1.43
409,746
166,675
0.001478435
1.37
413,887
166,668
0.003617338
1.37
414,369
166,682
0.003569630
1.32
418,856
166,693
0.000125729
1.36
411,618
166,695
0.003588848
1.48
425,354
166,689
0.000667499
1.37
414,552
166,698
0.003669837
1.34
409,361
166,681
0.001660206
1.35
411,749
166,671
0.003628536
1.46
415,336
166,665
0.000365728
1.37
417,776
166,683
0.003557859
1.46
408,015
166,691
0.001576247
1.36
412,146
166,675
0.003606245
1.46
422,473
166,695
0.000637082
1.35
416,741
166,712
0.003640827
1.36
409,419
166,678
0.003601556
1.34
414,367
166,674
0.000126458
1.36
412,952
166,682
0.003614942
1.37
411,800
166,717
0.003588744
1.47
421,065
166,689
0.000587551
1.35
412,103
166,688
0.000129687
1.37
412,177
166,726
0.003609004
1.45
416,298
166,718
0.000466666
1.36
417,095
166,685
0.000130469
1.47
419,514
166,696
0.000798489
1.33
417,460
166,649
0.000130625
1.47
419,485
166,669
0.001044686
1.42
419,211
166,702
0.000862915
1.46
420,585
166,701
0.000652134
1.33
417,683
166,681
0.000126094
1.36
413,222
166,697
0.003669942
1.47
423,406
166,688
0.001009321
1.47
417,233
166,698
0.001134738
1.47
418,561
166,670
0.001193852
1.41
415,530
166,695
0.000190208
1.34
408,832
166,717
0.001661248
1.47
407,896
166,672
0.001275935
1.45
424,064
166,700
0.000910102
1.46
420,734
166,702
0.000829425
1.36
423,018
166,660
0.000137917
1.46
419,952
166,680
0.000619322
1.32
415,030
166,687
0.000134427
1.35
415,894
166,722
0.003456765
1.36
415,945
166,692
0.003551973
1.45
421,758
166,688
0.001054842
1.35
409,211
166,708
0.001641976
1.45
409,332
166,680
0.001574112
1.33
407,003
166,704
0.001712237
1.33
406,041
166,702
0.001632914
1.36
411,709
166,684
0.003591609
1.48
425,131
166,710
0.000911822
1.36
413,730
166,696
0.003553431
1.46
417,254
166,688
0.000988331
1.46
417,993
166,717
0.000573592
1.37
426,025
166,660
0.003490932
1.36
416,807
166,674
0.003610619
1.45
411,027
166,709
0.001240207
1.47
421,447
166,685
0.000851874
1.44
409,948
166,673
0.001544633
1.34
409,096
166,679
0.001662341
1.34
408,569
166,671
0.001598696
1.44
406,557
166,694
0.001254686
1.45
407,861
166,691
0.001336977
1.44
406,711
166,664
0.001560206
1.45
426,648
166,709
0.000950468
1.36
411,297
166,698
0.003584890
1.36
419,661
166,676
0.003492338
1.36
409,994
166,676
0.003588900
1.44
410,197
166,695
0.001417029
1.35
412,209
166,664
0.003587651
1.43
411,117
166,679
0.003553900
1.46
425,252
166,678
0.000744426
1.36
414,752
166,695
0.003577754
1.45
426,097
166,684
0.000723541
1.43
408,422
166,697
0.001556976
1.34
409,283
166,701
0.001782237
1.43
407,599
166,694
0.001290623
1.33
408,713
166,714
0.001625362
1.35
417,350
166,695
0.003483848
1.36
416,034
166,670
0.003674786
1.44
408,889
166,724
0.001355049
1.47
420,796
166,706
0.000860207
1.37
417,490
166,690
0.003571817
1.45
418,407
166,708
0.001077551
1.46
417,772
166,671
0.001032811
1.45
419,036
166,699
0.001110728
1.46
409,399
166,701
0.001409060
1.36
416,115
166,673
0.003613901
1.45
427,376
166,707
0.000952291
1.44
412,693
166,676
0.001410570
1.34
416,854
166,688
0.003465672
1.42
406,285
166,705
0.001411612
1.44
420,524
166,707
0.001138696
1.43
419,551
166,688
0.000953592
1.46
423,574
166,718
0.000935831
1.37
420,031
166,688
0.003612286
1.44
409,735
166,652
0.001333800
1.45
419,564
166,675
0.001167499
1.46
416,171
166,702
0.001092342
1.46
421,357
166,672
0.001081456
1.44
422,088
166,719
0.000979582
1.44
425,016
166,710
0.000610728
1.33
413,825
166,692
0.000133177
1.36
420,132
166,690
0.003622026
1.44
412,932
166,677
0.001231613
1.46
422,110
166,693
0.000855311
1.44
417,145
166,700
0.000789843
1.36
413,533
166,699
0.003605255
1.36
411,299
166,705
0.003591557
1.35
418,521
166,679
0.003625723
1.36
413,631
166,692
0.003645047
1.46
421,502
166,690
0.000835155
1.34
419,049
166,668
0.000188073
1.35
407,381
166,712
0.001735154
1.33
415,451
166,666
0.000132031
1.38
416,814
166,673
0.003668953
1.37
413,793
166,702
0.003561713
1.35
417,330
166,682
0.003654630
1.46
419,416
166,683
0.001186300
1.36
423,067
166,678
0.000133698
1.36
415,343
166,657
0.003598380
1.36
413,569
166,670
0.003671505
1.46
418,674
166,716
0.000516353
1.36
415,487
166,686
0.003598693
1.35
411,424
166,671
0.003605255
1.33
412,707
166,685
0.001662393
1.34
415,200
166,689
0.000134740
1.40
406,946
166,704
0.001557497
1.47
408,245
166,720
0.001357706
1.44
407,702
166,696
0.001501821
1.36
411,286
166,671
0.003582651
1.46
412,912
166,691
0.001211196
1.49
407,344
166,685
0.001270623
1.45
411,809
166,695
0.001231665
1.36
411,433
166,722
0.003585150
1.35
412,732
166,704
0.003569370
1.35
415,568
166,692
0.003593952
1.34
404,963
166,716
0.001722445
1.37
419,752
166,698
0.003491192
1.37
413,430
166,680
0.003611766
1.45
414,574
166,671
0.000369322
1.36
410,098
166,669
0.003613952
1.36
413,381
166,665
0.003662234
1.47
418,083
166,684
0.000230728
1.37
412,873
166,694
0.003628952
1.46
409,496
166,695
0.001410675
1.47
409,329
166,689
0.001366300
1.45
422,026
166,686
0.000926248
1.47
422,429
166,674
0.000566197
1.37
416,836
166,674
0.000128281
1.37
417,621
166,669
0.003665359
1.35
417,775
166,676
0.003458796
1.35
417,154
166,670
0.003641973
1.47
424,026
166,658
0.000760884
1.45
413,047
166,685
0.001363383
1.35
410,938
166,666
0.003565880
1.45
421,981
166,687
0.000804842
1.46
410,991
166,697
0.001410571
1.45
411,079
166,698
0.001500779
1.43
410,059
166,703
0.001565415
1.45
423,163
166,698
0.000833280
1.34
419,163
166,693
0.000131979
1.35
410,200
166,696
0.003646140
1.35
415,334
166,688
0.003487390
1.46
405,980
166,706
0.001547810
1.46
410,106
166,706
0.001276092
1.45
413,119
166,697
0.001462862
1.34
407,057
166,668
0.001684789
1.46
417,487
166,696
0.001498748
1.48
428,500
166,689
0.000637864
1.36
416,012
166,695
0.003555516
1.35
413,662
166,713
0.003577859
1.46
425,316
166,721
0.000883437
1.35
421,129
166,698
0.000127865
1.43
409,070
166,677
0.001482654
1.36
415,624
166,663
0.003468849
1.37
408,065
166,676
0.003580099
1.34
415,079
166,666
0.003623797
1.35
417,272
166,690
0.003614734
1.37
416,633
166,681
0.003575307
1.35
416,481
166,656
0.003691088
1.48
409,186
166,719
0.001224738
1.44
418,743
166,649
0.000598384
1.37
416,800
166,705
0.000135365
1.36
412,621
166,679
0.003621037
1.36
417,151
166,703
0.003605827
1.46
403,039
166,698
0.001317342
1.34
411,670
166,687
0.000126458
1.35
417,357
166,735
0.003459161
1.43
406,683
166,683
0.001457706
1.33
405,035
166,668
0.001798695
1.35
417,137
166,684
0.003634890
1.45
417,223
166,696
0.000859477
1.35
411,884
166,703
0.003528484
1.45
412,160
166,677
0.001197551
1.45
420,668
166,704
0.001101144
1.35
410,135
166,684
0.003548953
1.34
408,745
166,695
0.001741716
1.36
415,613
166,682
0.003571714
1.43
414,569
166,682
0.001567392
1.34
412,389
166,699
0.000130259
1.35
411,463
166,732
0.001749673
1.34
412,386
166,716
0.001774516
1.47
421,028
166,693
0.000780566
1.33
419,046
166,693
0.000132655
1.47
413,618
166,670
0.001206708
1.43
408,487
166,705
0.001432071
1.46
427,926
166,699
0.000714473
1.36
415,317
166,730
0.003588094
1.36
414,362
166,666
0.003594395
1.44
420,903
166,701
0.001158948
1.32
417,066
166,706
0.000129322
1.36
410,919
166,689
0.003643198
1.35
419,848
166,703
0.003480699
1.37
418,098
166,670
0.003654604
1.34
417,617
166,682
0.003654761
1.44
425,583
166,661
0.000909471
1.36
408,480
166,700
0.003645854
1.45
425,971
166,693
0.000590516
1.35
418,146
166,714
0.003558303
1.36
415,786
166,715
0.003607834
1.34
409,338
166,689
0.001629726
1.45
410,129
166,665
0.001356134
1.43
407,296
166,675
0.001543685
1.45
407,682
166,678
0.001344624
1.48
407,708
166,665
0.001577278
1.44
408,389
166,693
0.001569727
1.36
411,723
166,685
0.003589137
1.35
412,639
166,712
0.003600647
1.47
419,048
166,681
0.000817077
1.46
410,623
166,688
0.001427957
1.45
410,274
166,693
0.001549570
1.36
412,518
166,692
0.003617521
1.47
415,601
166,688
0.000340309
1.37
415,299
166,721
0.003612574
1.46
408,730
166,695
0.001464311
1.42
406,220
166,687
0.001576757
1.33
419,141
166,701
0.000134894
1.35
410,928
166,692
0.001817016
1.34
409,716
166,706
0.001680558
1.33
411,978
166,715
0.001625455
1.43
405,294
166,676
0.001537383
1.45
418,145
166,693
0.000991190
1.45
422,221
166,698
0.001106137
1.43
411,682
166,687
0.001221500
1.35
415,275
166,673
0.003643928
1.45
424,432
166,681
0.000416663
1.33
413,703
166,694
0.000127030
1.35
414,261
166,667
0.003577262
1.37
417,603
166,714
0.003490075
1.34
405,355
166,691
0.001814621
1.34
404,809
166,673
0.001604622
1.45
420,986
166,708
0.001153688
1.47
418,903
166,697
0.000863378
1.46
419,520
166,692
0.001137595
1.38
416,768
166,669
0.003643564
1.33
406,091
166,682
0.001838787
1.34
414,380
166,709
0.001692434
1.35
415,846
166,691
0.003617262
1.45
421,367
166,692
0.000979992
1.44
414,382
166,695
0.001260667
1.33
419,454
166,685
0.000134062
1.36
417,794
166,699
0.003624866
1.35
416,548
166,687
0.003569606
1.47
424,016
166,712
0.001026190
1.45
421,997
166,697
0.001170199
1.47
408,306
166,701
0.001312802
1.47
420,424
166,698
0.001078221
1.45
412,643
166,682
0.001207907
1.46
406,880
166,686
0.001367333
1.45
404,733
166,685
0.001422489
1.44
421,304
166,674
0.000953430
1.44
419,261
166,708
0.000920931
1.36
416,198
166,687
0.003468253
1.35
412,543
166,710
0.000129842
1.45
409,990
166,676
0.001297646
1.34
413,622
166,688
0.000132916
1.36
415,854
166,705
0.003592992
1.38
411,961
166,703
0.003594085
1.36
412,493
166,656
0.003586482
1.36
411,470
166,678
0.003559294
1.44
409,175
166,696
0.001442176
1.45
418,574
166,667
0.001108741
1.46
420,188
166,684
0.001108949
1.47
421,998
166,687
0.000846243
1.35
414,267
166,668
0.003487628
1.35
415,078
166,675
0.003633773
1.46
419,246
166,674
0.000455361
1.34
415,371
166,676
0.000133332
1.45
417,863
166,679
0.001183532
1.46
418,455
166,679
0.000828119
1.49
421,799
166,679
0.001227438
1.34
411,104
166,704
0.001633268
1.36
415,219
166,674
0.000133905
1.35
411,858
166,686
0.003557836
1.44
413,156
166,661
0.001450874
1.33
404,958
166,662
0.001804361
1.35
411,344
166,688
0.001678373
1.46
412,197
166,707
0.001182386
1.46
423,676
166,707
0.000779786
1.35
407,953
166,695
0.003558253
1.34
418,834
166,688
0.000133228
1.44
411,225
166,689
0.001210823
1.46
420,924
166,696
0.001138169
1.44
408,252
166,719
0.001350510
1.34
411,814
166,671
0.001648529
1.44
403,773
166,665
0.001500613
1.45
421,192
166,708
0.000945462
1.45
402,165
166,660
0.001432697
1.36
418,335
166,689
0.003485858
1.36
412,731
166,676
0.003617160
1.46
424,714
166,721
0.000684526
1.35
414,005
166,677
0.003555180
1.48
423,977
166,674
0.000783015
1.34
415,509
166,660
0.000128488
1.45
419,007
166,653
0.000582131
1.35
415,257
166,695
0.000131561
1.46
422,523
166,690
0.000679161
1.35
419,569
166,677
0.000130468
1.33
409,585
166,679
0.001818683
1.33
411,868
166,701
0.001743685
1.44
409,950
166,699
0.001395042
1.35
417,188
166,672
0.003454349
1.36
410,359
166,707
0.003585181
1.44
409,804
166,710
0.001287074
1.46
419,816
166,693
0.001077336
1.46
405,406
166,687
0.001238376
1.43
418,461
166,723
0.000679318
1.32
416,238
166,683
0.000131927
1.37
413,171
166,705
0.003600128
1.34
407,270
166,672
0.001772122
1.34
407,260
166,709
0.001702591
1.33
409,735
166,687
0.001598581
1.45
419,751
166,682
0.001063065
1.35
415,104
166,705
0.003466328
1.37
416,552
166,675
0.003601066
1.43
410,098
166,680
0.001430249
1.36
412,454
166,676
0.003574348
1.36
412,233
166,678
0.003593827
1.36
415,023
166,694
0.003572837
1.45
407,921
166,698
0.001279314
1.46
427,605
166,710
0.000976503
1.44
407,389
166,661
0.001442593
1.47
420,333
166,682
0.001098221
1.45
412,395
166,690
0.001346188
1.46
417,303
166,664
0.000909212
1.36
417,253
166,705
0.003472995
1.35
418,148
166,702
0.003647628
1.32
417,488
166,670
0.000138749
1.36
412,027
166,664
0.003668358
1.44
421,243
166,686
0.000495778
1.34
418,499
166,705
0.000124999
1.45
425,172
166,669
0.001018222
1.35
413,444
166,687
0.003581796
1.37
412,040
166,682
0.003627681
1.33
406,120
166,687
0.001742851
1.37
416,505
166,686
0.003570234
1.44
422,654
166,702
0.001048065
1.35
414,968
166,693
0.003464870
1.35
417,558
166,718
0.000130728
1.46
418,604
166,670
0.001010305
1.46
409,624
166,686
0.001176241
1.43
404,657
166,683
0.001427542
1.44
411,665
166,690
0.001322073
1.45
419,820
166,698
0.001175460
1.48
422,760
166,682
0.001111398
1.34
412,420
166,701
0.001633061
1.45
424,366
166,694
0.000720151
1.35
416,633
166,674
0.000128593
1.47
420,148
166,683
0.000905722
1.36
415,397
166,690
0.003472475
1.36
410,481
166,692
0.003585286
1.46
415,846
166,689
0.000822806
1.36
414,878
166,694
0.003667161
1.37
414,482
166,686
0.003643672
1.37
418,093
166,668
0.003581068
1.45
416,614
166,695
0.000350831
1.36
416,130
166,654
0.003536850
1.46
417,294
166,674
0.000241770
1.36
418,624
166,707
0.003578099
1.48
422,598
166,673
0.001068638
1.36
411,774
166,684
0.003605964
1.47
418,804
166,689
0.000400778
1.34
414,001
166,666
0.000133072
1.34
407,617
166,678
0.001627801
1.36
411,868
166,685
0.003577370
1.36
410,091
166,684
0.003602890
1.44
406,230
166,699
0.001558634
1.33
412,137
166,664
0.001762227
1.45
405,787
166,692
0.001551551
1.45
418,692
166,683
0.001121137
1.43
407,739
166,688
0.001536656
1.46
410,538
166,703
0.001416708
1.45
424,656
166,697
0.000865671
1.44
413,993
166,700
0.001188690
1.35
413,855
166,679
0.003476694
1.40
435,112
166,718
0.003621120
1.35
412,642
166,692
0.001686030
1.46
407,575
166,688
0.001513323
1.44
409,530
166,699
0.001525458
1.36
420,261
166,689
0.003575651
1.45
411,082
166,697
0.001589103
1.46
417,060
166,667
0.001129158
1.42
417,785
166,684
0.000478591
1.36
413,517
166,701
0.003605443
1.46
430,431
166,682
0.000732547
1.36
414,583
166,709
0.000131614
1.44
413,434
166,688
0.001553582
1.36
416,967
166,688
0.003483777
1.44
409,352
166,698
0.001562177
1.44
408,677
166,675
0.001277230
1.46
421,450
166,693
0.000871244
1.45
406,350
166,660
0.001523323
1.44
409,360
166,726
0.001563218
1.45
420,348
166,693
0.000836139
1.46
418,028
166,692
0.001200044
1.46
413,381
166,669
0.001239679
1.44
406,064
166,686
0.001448792
1.35
415,342
166,683
0.003558934
1.47
426,647
166,690
0.000561403
1.36
416,097
166,680
0.003480288
1.44
418,134
166,712
0.000591871
1.36
412,100
166,654
0.003601017
1.37
418,230
166,690
0.003593568
1.33
409,786
166,688
0.001606082
1.45
414,418
166,675
0.001226345
1.36
417,381
166,660
0.003594090
1.47
414,410
166,700
0.000401247
1.36
417,374
166,677
0.003642891
1.46
422,489
166,692
0.000374477
1.35
415,374
166,690
0.003594298
1.36
414,870
166,699
0.003560444
1.48
421,002
166,708
0.000978587
1.36
419,102
166,674
0.003482424
1.36
409,430
166,659
0.001773112
1.34
415,820
166,649
0.003600080
1.35
414,379
166,669
0.003628829
1.46
417,731
166,719
0.001191033
1.46
409,318
166,694
0.001319522
1.36
412,499
166,701
0.003691381
1.44
422,650
166,689
0.000683485
1.34
418,642
166,694
0.000130468
1.48
422,230
166,707
0.001193585
1.47
425,141
166,686
0.000668069
1.33
414,956
166,672
0.000140260
1.45
419,622
166,701
0.001105930
1.36
418,792
166,671
0.003466174
1.36
411,888
166,692
0.003596225
1.43
419,234
166,680
0.000548485
1.32
418,266
166,690
0.000133958
1.36
414,285
166,683
0.003547163
1.44
408,426
166,691
0.001521292
1.43
408,670
166,680
0.001539312
1.45
411,674
166,668
0.001211086
