3.21
1,882,008
808,488
0.010148206
2.66
1,570,414
720,808
0.006701340
2.84
1,680,142
740,719
0.006865922
2.70
1,592,913
729,741
0.006675141
2.69
1,588,963
727,450
0.006728527
2.71
1,598,661
729,138
0.006787277
2.68
1,586,637
729,182
0.006773682
2.81
1,662,065
735,699
0.006793527
2.80
1,653,644
741,209
0.006840037
2.84
1,681,752
748,389
0.006935557
2.70
1,595,893
727,672
0.006834360
2.86
1,691,429
745,964
0.006889307
2.69
1,591,789
733,451
0.006922068
2.75
1,623,725
731,670
0.006818526
2.85
1,685,705
743,522
0.006927016
2.73
1,607,676
732,657
0.006802068
2.85
1,686,453
746,896
0.006971964
2.79
1,656,127
731,954
0.007006391
2.80
1,655,983
737,558
0.006953995
2.81
1,662,705
740,422
0.007005401
2.71
1,601,185
730,774
0.006855974
2.71
1,603,531
734,133
0.006804100
2.89
1,694,064
745,180
0.007046130
2.82
1,668,725
735,482
0.007088318
2.71
1,601,654
733,441
0.006796079
2.77
1,635,165
733,740
0.006908213
2.84
1,681,267
742,471
0.006925454
2.81
1,667,289
738,732
0.006974307
2.81
1,663,877
737,481
0.007022797
2.70
1,598,327
730,785
0.006807485
2.73
1,610,599
732,996
0.006871183
2.71
1,602,089
731,887
0.006825245
2.70
1,595,303
729,450
0.006784932
2.70
1,594,973
726,970
0.006792484
2.81
1,665,329
735,981
0.006858162
2.71
1,600,560
730,018
0.006823995
2.68
1,586,093
730,051
0.006824829
2.95
1,732,872
753,036
0.007063369
2.69
1,593,089
731,620
0.006826131
2.81
1,663,853
737,477
0.006900349
2.71
1,604,647
734,333
0.006830767
2.88
1,701,309
745,754
0.006964828
2.93
1,731,115
756,001
0.006986703
2.69
1,592,977
730,237
0.006803214
2.83
1,671,319
743,501
0.006993006
2.70
1,591,107
724,753
0.006825974
2.88
1,687,972
743,792
0.007088005
2.89
1,696,341
744,087
0.006978942
2.82
1,669,955
740,235
0.006946443
2.83
1,672,582
743,268
0.006884881
2.74
1,617,197
730,643
0.006888214
2.71
1,599,394
730,127
0.006884985
2.82
1,665,020
741,727
0.006787641
2.82
1,670,443
741,302
0.006926131
2.83
1,672,049
734,046
0.006893630
2.72
1,602,550
729,665
0.006837381
2.69
1,587,993
729,305
0.006795767
2.79
1,652,237
736,671
0.006865975
2.81
1,658,949
735,178
0.006969828
2.88
1,706,211
744,073
0.006951286
2.72
1,601,797
731,502
0.006823943
2.87
1,696,787
745,245
0.007006911
2.81
1,664,546
738,274
0.007014255
2.72
1,604,365
730,591
0.006871234
2.71
1,604,717
731,505
0.006815349
2.71
1,603,274
732,231
0.006878162
2.70
1,593,221
728,551
0.006766339
2.80
1,656,853
735,876
0.006812069
2.80
1,654,615
739,911
0.006896027
2.83
1,673,513
742,110
0.006887120
2.70
1,594,572
727,195
0.006834308
2.87
1,696,580
740,578
0.007020661
2.83
1,677,685
736,183
0.006897224
2.71
1,600,691
727,739
0.006778735
2.78
1,646,085
736,398
0.006817641
2.69
1,591,579
722,341
0.006848631
2.85
1,687,749
739,292
0.007016130
2.84
1,680,616
738,981
0.006954568
2.82
1,668,067
739,027
0.006782069
2.84
1,680,349
737,846
0.006904724
2.73
1,611,681
737,483
0.006849568
2.80
1,654,131
734,213
0.006786496
2.83
1,675,787
739,690
0.006976651
2.80
1,653,952
737,286
0.006836599
2.70
1,594,430
731,740
0.006821496
2.72
1,602,574
728,453
0.006829204
2.81
1,661,345
734,676
0.006951131
2.72
1,608,753
730,971
0.006820818
2.84
1,679,595
744,936
0.006996964
2.82
1,670,038
740,197
0.006877069
2.73
1,611,705
728,639
0.007003995
2.73
1,611,575
731,614
0.006840350
2.82
1,665,187
739,739
0.006886286
2.84
1,678,159
745,258
0.007001704
2.81
1,666,249
739,261
0.007012276
2.71
1,598,518
727,914
0.006842537
2.80
1,659,191
737,900
0.006833891
2.83
1,671,447
743,376
0.006971443
2.81
1,663,499
739,470
0.006943787
2.69
1,589,553
720,711
0.006891964
2.71
1,603,103
729,012
0.006855715
2.70
1,596,507
723,160
0.006767225
2.83
1,672,051
744,989
0.006939725
2.86
1,688,383
745,392
0.006971026
2.82
1,667,309
735,946
0.006954568
2.73
1,610,833
730,840
0.006877850
2.70
1,596,393
727,993
0.006841131
2.70
1,597,529
725,644
0.006812902
2.87
1,698,113
745,772
0.006955298
2.86
1,689,513
743,287
0.006902954
2.69
1,586,398
720,515
0.006817068
2.88
1,705,432
754,775
0.007015765
2.83
1,672,433
742,233
0.006915766
2.71
1,600,884
729,016
0.006814568
2.72
1,609,256
731,331
0.006780506
2.70
1,593,625
725,704
0.006815506
2.72
1,609,261
734,522
0.006925142
2.83
1,670,755
740,381
0.006932381
2.81
1,659,990
736,426
0.006893475
2.86
1,693,667
742,830
0.006991756
2.72
1,608,630
731,944
0.006858423
2.82
1,668,352
741,707
0.006827850
2.83
1,672,949
738,410
0.006919828
2.79
1,657,427
737,115
0.006987433
2.85
1,685,780
746,348
0.006994829
2.71
1,598,327
726,664
0.006825246
2.71
1,599,673
729,155
0.006782069
2.70
1,597,695
726,295
0.006950037
2.80
1,662,797
737,894
0.007003839
2.85
1,687,027
740,071
0.006968891
2.73
1,611,335
728,191
0.006852329
2.77
1,640,929
730,684
0.006877224
2.84
1,679,516
743,197
0.006919308
2.80
1,654,134
740,134
0.006860194
2.71
1,600,214
728,455
0.006822589
2.68
1,583,698
726,050
0.006839048
2.82
1,665,368
742,071
0.006897380
2.85
1,690,725
745,491
0.007057901
2.71
1,601,347
727,332
0.006772589
2.80
1,653,383
734,061
0.006930663
2.72
1,606,555
733,820
0.006898630
2.84
1,681,146
738,136
0.006916496
2.69
1,587,744
728,558
0.006799985
2.72
1,604,443
731,693
0.006898214
2.85
1,687,953
745,955
0.006943891
2.70
1,593,179
720,680
0.006864673
2.70
1,604,197
731,407
0.006920141
2.88
1,701,311
742,940
0.006982694
2.82
1,670,774
745,148
0.006860360
2.78
1,647,202
738,599
0.006864839
2.72
1,605,850
733,430
0.006839475
2.68
1,581,977
723,451
0.006755830
2.81
1,662,813
744,702
0.006888485
2.80
1,655,751
738,174
0.006839163
2.84
1,679,045
745,308
0.006966923
2.72
1,605,426
729,383
0.006890308
2.86
1,689,947
743,952
0.006969683
2.83
1,674,393
738,292
0.006985100
2.84
1,682,454
736,844
0.006932183
2.79
1,650,014
736,893
0.006912288
2.71
1,596,641
731,378
0.006846351
2.84
1,678,829
740,715
0.007035256
2.84
1,679,751
745,274
0.006961454
2.71
1,600,531
730,085
0.006793331
2.82
1,671,747
738,864
0.007043797
2.71
1,599,795
730,793
0.006853695
2.81
1,662,531
736,874
0.006781820
2.69
1,590,782
728,117
0.006890153
2.71
1,599,632
731,439
0.006939110
2.68
1,582,171
725,003
0.006838017
2.70
1,593,984
726,148
0.006842133
2.84
1,682,497
736,672
0.006938017
2.70
1,594,503
730,855
0.006879008
2.80
1,655,733
737,981
0.006962757
2.83
1,672,743
738,063
0.006920361
2.72
1,605,105
729,729
0.006835258
2.81
1,661,330
740,381
0.006850727
2.81
1,664,685
735,717
0.006971716
2.81
1,665,796
733,414
0.006997392
2.72
1,606,561
728,450
0.006814425
2.73
1,613,377
732,157
0.006850206
2.88
1,691,288
744,880
0.007071610
2.83
1,671,247
742,685
0.007007133
2.85
1,683,828
746,064
0.006897810
2.85
1,673,398
742,480
0.007002392
2.72
1,603,001
727,924
0.006855623
2.70
1,597,491
729,992
0.006863175
2.69
1,588,725
720,278
0.006785051
2.71
1,599,935
730,134
0.006890415
2.89
1,709,962
746,035
0.006986716
2.71
1,599,677
730,143
0.006847394
2.70
1,595,213
725,217
0.006850311
2.70
1,596,470
730,353
0.006917863
2.69
1,591,306
728,426
0.006780885
2.70
1,595,582
726,681
0.006917967
2.72
1,609,851
730,005
0.006874791
2.69
1,589,293
729,851
0.006814479
2.70
1,596,993
730,188
0.006790051
2.70
1,593,595
730,134
0.006849165
2.86
1,695,221
744,479
0.006944894
2.71
1,601,597
731,426
0.006846457
2.87
1,685,721
744,064
0.006987081
2.84
1,681,913
740,184
0.006906457
2.89
1,695,669
746,923
0.007028956
2.89
1,686,877
745,226
0.007026821
2.72
1,606,013
728,963
0.006882916
2.70
1,593,413
730,353
0.006813906
2.81
1,663,421
735,875
0.006956874
2.80
1,657,315
736,873
0.006974270
2.84
1,681,243
742,492
0.007041352
2.71
1,599,031
728,761
0.006847395
2.70
1,596,311
727,047
0.006905467
2.72
1,604,741
732,948
0.006842396
2.70
1,596,697
730,074
0.006835104
2.68
1,584,201
727,585
0.006791979
2.71
1,602,901
730,534
0.006881979
2.71
1,601,810
730,908
0.006899166
2.80
1,656,320
735,777
0.006905052
2.82
1,669,020
738,751
0.006910051
2.79
1,649,733
738,542
0.006937552
2.72
1,605,377
730,691
0.006827865
2.78
1,649,967
737,376
0.006997604
2.72
1,608,169
732,323
0.006787136
2.77
1,640,180
736,378
0.006847188
2.87
1,698,303
746,383
0.006930885
2.72
1,605,347
730,992
0.006849064
2.84
1,679,231
740,925
0.006959635
2.83
1,673,072
740,149
0.006994427
2.73
1,613,778
733,225
0.006792136
2.85
1,682,849
743,853
0.006973281
2.70
1,593,476
725,597
0.006840835
2.69
1,592,207
728,984
0.006853335
2.79
1,654,619
739,923
0.007044479
2.78
1,646,834
736,766
0.006838074
2.68
1,582,399
726,344
0.006887553
2.70
1,595,979
729,637
0.006828282
2.85
1,686,957
745,580
0.006955886
2.82
1,668,183
739,134
0.007006407
2.83
1,675,137
738,810
0.006992761
2.80
1,655,485
736,084
0.006959220
2.72
1,609,110
727,667
0.006912345
2.79
1,646,866
736,783
0.006884845
2.80
1,653,318
739,545
0.006759794
2.80
1,662,557
738,314
0.007010885
2.83
1,675,404
744,156
0.006803023
2.70
1,590,656
726,741
0.006826512
2.82
1,667,125
739,218
0.006967449
2.70
1,595,159
729,029
0.006891200
2.88
1,691,282
747,608
0.007085990
2.80
1,654,375
732,034
0.006870523
2.70
1,596,711
726,711
0.006874690
2.71
1,604,067
732,506
0.006803075
2.82
1,669,047
740,747
0.006900366
2.83
1,671,459
742,531
0.006980679
2.83
1,676,518
737,670
0.007046876
2.74
1,618,971
731,165
0.006898336
2.71
1,604,596
732,511
0.006919534
2.72
1,606,393
729,589
0.006824690
2.69
1,591,099
729,384
0.006866565
2.88
1,703,485
739,806
0.007051147
2.70
1,596,125
731,215
0.006836461
2.84
1,678,464
742,566
0.007004637
2.83
1,672,155
740,362
0.006984220
2.69
1,590,830
725,354
0.006853284
2.86
1,690,283
745,486
0.006924429
2.69
1,588,381
723,491
0.006827659
2.71
1,599,890
729,405
0.006829691
2.90
1,694,750
745,836
0.007055158
2.80
1,654,909
734,695
0.006884743
2.81
1,659,723
739,263
0.006964326
2.70
1,595,073
722,952
0.006850056
2.70
1,598,285
729,459
0.006937034
2.84
1,680,028
746,511
0.006948232
2.80
1,657,966
739,723
0.006948805
2.69
1,590,147
731,067
0.006812035
2.72
1,604,435
727,992
0.006857035
2.85
1,688,569
740,674
0.006929691
2.82
1,668,401
741,912
0.006854692
2.83
1,673,815
741,061
0.006968596
2.69
1,588,893
731,149
0.006796723
2.71
1,597,472
730,919
0.006840420
2.85
1,689,308
740,633
0.007020315
2.87
1,682,244
737,415
0.007038232
2.85
1,685,469
740,721
0.006952035
2.85
1,685,085
741,058
0.006930628
2.70
1,597,787
726,570
0.006854900
2.85
1,684,325
742,044
0.007115158
2.70
1,597,020
727,646
0.006933598
2.82
1,669,293
743,121
0.006900942
2.84
1,677,565
743,191
0.006979796
2.72
1,605,298
729,518
0.006880316
2.84
1,678,683
743,494
0.006912972
2.80
1,655,690
735,870
0.006861046
2.85
1,686,502
739,909
0.006978962
2.70
1,595,801
727,602
0.006791150
2.72
1,604,934
730,449
0.006859796
2.84
1,681,225
745,892
0.006946827
2.70
1,598,045
731,559
0.006859431
2.67
1,579,475
725,431
0.006805422
2.86
1,694,457
744,335
0.006999900
2.71
1,603,299
731,340
0.006882192
2.71
1,602,420
725,710
0.006837401
2.69
1,590,502
727,875
0.006801672
2.83
1,671,657
738,055
0.006937192
2.79
1,649,439
741,653
0.006854744
2.70
1,593,397
724,001
0.006876828
2.78
1,644,377
737,313
0.006879380
2.79
1,650,817
741,066
0.006907297
2.90
1,713,618
750,257
0.007020108
2.88
1,702,735
744,745
0.006994952
2.71
1,601,573
728,452
0.006879953
2.66
1,571,181
719,736
0.006779224
2.72
1,600,807
730,141
0.006790266
2.88
1,706,311
746,389
0.007100316
2.81
1,663,355
738,626
0.006952505
2.71
1,598,377
728,966
0.006885890
2.71
1,601,255
732,405
0.006828496
2.80
1,656,235
731,016
0.006785475
2.87
1,698,565
741,927
0.006962818
2.69
1,592,639
732,561
0.006842610
2.79
1,646,607
739,983
0.006929016
2.85
1,682,743
742,456
0.006987870
2.83
1,673,313
745,812
0.006864121
2.79
1,648,805
735,139
0.006983546
2.87
1,697,358
743,276
0.006964797
2.70
1,593,125
729,884
0.006891933
2.81
1,661,877
733,061
0.006971620
2.81
1,661,012
737,727
0.006911724
2.80
1,661,495
737,407
0.007002661
2.86
1,691,985
745,058
0.006959745
2.70
1,595,260
728,759
0.006884069
2.81
1,659,891
739,942
0.006918808
2.71
1,601,640
731,175
0.006836881
2.84
1,676,147
741,552
0.006913392
2.68
1,584,968
723,058
0.006814746
2.73
1,610,492
730,388
0.006869694
2.85
1,670,128
740,012
0.007011412
2.79
1,652,620
736,564
0.006926152
2.79
1,651,083
736,143
0.006995058
2.68
1,585,939
726,855
0.006829174
2.69
1,587,843
725,429
0.006816361
2.83
1,674,991
741,473
0.006942090
2.82
1,666,299
738,229
0.006986099
2.70
1,598,187
728,885
0.006876622
2.71
1,600,529
732,304
0.006833444
2.71
1,600,385
724,886
0.006863132
2.71
1,599,649
733,272
0.006985527
2.80
1,655,291
737,796
0.006904174
2.80
1,659,727
738,429
0.007040840
2.86
1,677,706
743,250
0.006977819
2.79
1,651,839
732,571
0.006919486
2.69
1,590,488
725,026
0.006811050
2.82
1,667,873
743,303
0.007039746
2.80
1,657,999
734,236
0.007017038
2.70
1,592,961
729,826
0.006842716
2.71
1,600,073
730,663
0.006863445
2.69
1,591,960
730,544
0.006812404
2.86
1,693,493
745,557
0.006960684
2.86
1,693,161
744,061
0.006945893
2.80
1,655,288
739,125
0.006843081
2.68
1,581,758
725,467
0.006820268
2.81
1,658,337
735,230
0.006960528
2.82
1,669,577
740,182
0.006944591
2.77
1,639,429
736,146
0.006893393
2.70
1,594,347
731,593
0.006831831
2.74
1,613,773
729,835
0.006903550
2.69
1,590,192
726,767
0.006958289
2.70
1,594,105
729,225
0.006830685
2.84
1,679,647
737,603
0.006926206
2.70
1,599,388
728,434
0.006833862
2.72
1,609,789
727,480
0.006847560
2.84
1,680,477
741,244
0.006923445
2.80
1,657,678
737,544
0.006772613
2.70
1,593,027
726,386
0.006832457
2.71
1,602,944
729,964
0.006792405
2.71
1,603,993
730,450
0.006889904
2.77
1,638,355
737,377
0.006898966
2.82
1,665,162
736,433
0.006974226
2.84
1,678,063
741,300
0.006946050
2.82
1,673,715
739,699
0.007043132
2.71
1,603,098
731,424
0.006844488
2.80
1,656,593
740,304
0.006821989
2.84
1,679,329
744,333
0.006827457
2.84
1,682,600
739,742
0.006967092
2.80
1,659,324
738,279
0.006868498
2.73
1,613,549
736,034
0.006865373
2.94
1,717,881
746,620
0.007132455
2.83
1,674,861
741,923
0.006961154
2.87
1,700,269
747,704
0.006956102
2.82
1,665,074
742,879
0.007019644
2.71
1,600,893
730,419
0.006876988
2.69
1,588,515
727,154
0.006765739
2.82
1,666,481
742,484
0.006957561
2.78
1,642,911
732,356
0.006919488
2.78
1,647,077
737,621
0.006907665
2.69
1,590,441
721,412
0.006861781
2.84
1,677,093
743,180
0.006953134
2.68
1,582,743
726,748
0.006770635
2.83
1,672,399
746,045
0.006900113
2.83
1,674,859
741,163
0.006917510
2.81
1,657,354
734,554
0.006998082
2.69
1,589,850
729,073
0.006943551
2.76
1,631,647
736,842
0.006855426
2.83
1,675,799
741,770
0.006981051
2.70
1,597,534
732,699
0.006838760
2.69
1,590,551
724,071
0.006861832
2.69
1,590,221
733,281
0.006914854
2.83
1,676,084
741,928
0.006867823
2.84
1,681,569
740,454
0.006943759
2.83
1,669,893
739,208
0.006952614
2.70
1,595,577
728,498
0.006799281
2.83
1,674,439
745,128
0.006989489
2.71
1,600,667
734,708
0.006832250
2.72
1,608,097
731,363
0.007034749
2.80
1,655,287
737,145
0.006936051
2.70
1,595,937
726,908
0.006862563
2.72
1,601,925
732,661
0.006797250
2.80
1,655,044
737,112
0.006924385
2.84
1,665,630
740,143
0.007067041
2.69
1,592,437
732,361
0.006929385
2.72
1,604,249
730,494
0.006878136
2.79
1,656,451
737,968
0.007007613
2.86
1,694,445
745,167
0.006951156
2.87
1,695,363
745,510
0.006978187
2.78
1,644,964
739,595
0.006900063
2.68
1,582,889
726,945
0.006800115
2.68
1,585,248
728,686
0.006774386
2.68
1,586,531
726,637
0.006829490
2.71
1,601,526
729,445
0.006811261
2.71
1,603,559
730,265
0.006809438
2.74
1,619,015
737,441
0.006897511
2.70
1,594,244
727,043
0.006809126
2.77
1,639,325
737,966
0.006837146
2.80
1,655,693
736,599
0.006886677
2.70
1,594,731
725,569
0.006824074
2.73
1,612,863
729,321
0.006884855
2.82
1,665,746
737,762
0.006891574
2.85
1,686,497
743,957
0.006965844
2.72
1,607,717
729,516
0.006876209
2.88
1,683,851
739,982
0.007086572
2.72
1,607,800
732,673
0.006881574
2.69
1,591,829
726,391
0.006904021
2.70
1,594,296
723,434
0.006904594
2.81
1,661,503
737,141
0.006806314
2.90
1,697,180
746,027
0.007144854
2.72
1,605,589
726,823
0.006846210
2.80
1,661,885
735,777
0.007007198
2.77
1,640,980
732,315
0.006933605
2.71
1,601,169
731,172
0.006826731
2.71
1,598,711
727,003
0.006859387
2.74
1,616,134
729,978
0.006872512
2.78
1,642,323
733,442
0.006890376
2.77
1,638,779
736,174
0.006870064
2.79
1,650,567
733,844
0.006895272
2.87
1,697,725
746,500
0.006953969
2.70
1,595,225
726,619
0.006842929
2.82
1,668,061
746,706
0.006804179
2.84
1,681,374
739,180
0.007007563
2.69
1,590,783
727,926
0.006836210
2.83
1,676,759
737,498
0.006989490
2.70
1,594,581
727,882
0.006882929
2.84
1,681,759
744,084
0.006943710
2.83
1,673,547
740,442
0.006976366
2.76
1,630,151
734,947
0.006844075
2.79
1,654,521
734,538
0.006993866
2.71
1,597,218
726,104
0.006852304
2.81
1,664,047
737,981
0.006896367
2.71
1,599,447
728,726
0.006779753
2.70
1,594,738
730,987
0.006813971
2.87
1,698,925
744,173
0.006995688
2.70
1,596,039
726,839
0.006906419
2.82
1,669,690
740,213
0.006957200
2.82
1,665,600
744,287
0.006899596
2.81
1,660,011
737,857
0.006966991
2.81
1,662,455
739,252
0.006919699
2.68
1,585,307
722,996
0.006819336
2.69
1,590,834
726,998
0.006823294
2.81
1,667,182
735,653
0.007023241
2.77
1,637,858
738,071
0.006859023
2.70
1,595,912
730,953
0.006912356
2.71
1,601,757
728,030
0.006851732
2.78
1,644,236
738,165
0.006862617
2.83
1,675,536
740,584
0.006973294
2.84
1,676,665
743,516
0.006937200
2.83
1,676,337
742,849
0.006934700
2.71
1,604,315
728,735
0.006877565
2.83
1,670,085
737,630
0.006941835
2.82
1,664,685
737,169
0.006925534
2.68
1,583,963
723,359
0.006899128
2.81
1,662,909
739,172
0.006948555
2.72
1,607,463
731,995
0.006897982
2.82
1,667,918
744,203
0.006882669
2.68
1,582,687
725,918
0.006841263
2.82
1,667,143
739,974
0.006936211
2.82
1,666,947
742,894
0.006869441
2.72
1,608,568
735,808
0.006887514
2.80
1,654,133
736,526
0.006959961
2.70
1,598,216
725,674
0.006876160
2.67
1,581,797
724,123
0.006870170
2.76
1,632,369
739,115
0.006853608
