3.06
1,786,054
810,593
0.009721083
2.62
1,548,531
732,898
0.006394438
2.68
1,585,139
736,638
0.006521468
2.66
1,577,123
738,149
0.006496314
2.76
1,616,991
745,765
0.006693606
2.68
1,586,752
736,658
0.006475794
2.65
1,572,757
735,648
0.006626210
2.65
1,570,643
738,490
0.006526057
2.68
1,587,105
748,022
0.006657931
2.57
1,514,630
726,901
0.006444703
2.70
1,596,322
737,801
0.006523452
2.56
1,512,122
729,081
0.006517778
2.67
1,580,131
743,430
0.006641371
2.63
1,554,827
733,155
0.006478716
2.64
1,563,591
731,670
0.006593767
2.67
1,581,180
736,734
0.006505173
2.56
1,514,529
731,406
0.006421686
2.54
1,503,144
723,584
0.006420437
2.72
1,592,558
740,582
0.006734185
2.64
1,559,505
735,287
0.006455853
2.68
1,587,123
742,895
0.006524397
2.57
1,518,679
732,107
0.006582104
2.58
1,527,097
730,770
0.006522417
2.64
1,566,041
737,368
0.006477470
2.68
1,584,503
745,505
0.006607730
2.68
1,587,789
740,285
0.006494398
2.56
1,513,638
727,198
0.006458305
2.55
1,506,939
724,829
0.006527784
2.65
1,569,130
737,911
0.006438462
2.62
1,552,183
729,973
0.006477004
2.68
1,586,142
738,517
0.006512265
2.66
1,575,909
733,439
0.006599244
2.66
1,574,823
740,313
0.006611847
2.63
1,555,271
734,359
0.006482058
2.70
1,598,186
747,290
0.006681225
2.69
1,589,998
737,426
0.006538881
2.70
1,595,155
743,554
0.006614298
2.70
1,596,859
740,875
0.006606641
2.67
1,578,153
736,068
0.006604559
2.63
1,560,133
732,062
0.006577163
2.68
1,586,614
740,993
0.006487477
2.55
1,510,248
729,874
0.006517529
2.66
1,573,493
736,672
0.006468884
2.57
1,519,841
725,253
0.006520029
2.66
1,576,651
744,006
0.006491384
2.69
1,589,985
738,111
0.006522061
2.65
1,568,133
736,460
0.006569302
2.66
1,574,769
735,821
0.006602375
2.56
1,515,415
726,901
0.006502375
2.66
1,572,355
740,208
0.006606177
2.69
1,591,080
743,129
0.006552895
2.55
1,506,881
726,356
0.006479824
2.69
1,590,158
743,306
0.006532324
2.68
1,566,560
734,308
0.006701595
2.54
1,500,133
727,076
0.006504147
2.69
1,592,176
739,493
0.006543211
2.66
1,572,725
741,923
0.006541908
2.66
1,576,505
736,676
0.006469982
2.64
1,568,313
737,177
0.006673106
2.69
1,591,281
743,313
0.006626909
2.70
1,597,047
743,516
0.006543264
2.55
1,509,710
726,959
0.006476649
2.70
1,597,658
741,472
0.006610816
2.70
1,599,993
741,428
0.006605504
2.65
1,571,330
738,703
0.006568265
2.67
1,582,601
740,357
0.006521234
2.55
1,510,127
726,430
0.006496755
2.67
1,582,535
738,637
0.006688681
2.54
1,501,635
726,707
0.006520088
2.66
1,575,223
737,201
0.006629412
2.70
1,597,391
739,589
0.006537485
2.68
1,584,661
739,868
0.006644568
2.70
1,594,753
745,533
0.006641964
2.70
1,581,278
737,249
0.006725923
2.67
1,579,415
742,365
0.006581548
2.70
1,595,531
739,898
0.006526704
2.56
1,515,050
731,004
0.006528007
2.63
1,557,950
732,452
0.006542956
2.67
1,583,399
735,947
0.006553163
2.66
1,576,544
736,677
0.006655403
2.66
1,576,883
734,201
0.006502227
2.56
1,515,472
730,570
0.006575507
2.65
1,571,943
739,758
0.006474155
2.59
1,530,302
729,232
0.006477384
2.55
1,507,490
730,476
0.006466029
2.66
1,575,523
731,708
0.006519675
2.55
1,508,294
723,063
0.006443947
2.66
1,572,101
735,811
0.006596603
2.67
1,584,257
735,898
0.006713738
2.70
1,600,113
747,404
0.006586447
2.68
1,586,323
739,013
0.006484833
2.67
1,581,943
739,027
0.006613739
2.64
1,562,025
739,607
0.006611291
2.65
1,570,111
738,553
0.006696603
2.68
1,585,967
738,724
0.006620145
2.67
1,581,729
734,045
0.006538896
2.67
1,578,533
742,782
0.006522229
2.73
1,614,035
748,068
0.006729312
2.57
1,519,432
728,020
0.006489625
2.67
1,583,219
740,427
0.006706761
2.69
1,594,675
741,760
0.006513012
2.57
1,519,155
726,331
0.006482126
2.66
1,573,235
740,341
0.006475095
2.58
1,528,279
731,943
0.006579313
2.56
1,513,305
730,859
0.006515980
2.68
1,585,835
738,236
0.006514418
2.66
1,573,475
734,174
0.006595460
2.70
1,597,554
745,342
0.006486918
2.68
1,588,351
742,211
0.006599314
2.57
1,519,523
732,333
0.006434619
2.67
1,579,900
738,419
0.006534619
2.71
1,600,903
744,732
0.006632743
2.71
1,603,333
745,471
0.006664665
2.71
1,606,439
744,881
0.006608988
2.68
1,589,817
744,623
0.006583676
2.68
1,586,307
734,999
0.006535031
2.57
1,519,317
730,485
0.006458991
2.63
1,557,095
729,558
0.006563992
2.56
1,512,593
726,444
0.006500347
2.57
1,518,771
728,788
0.006499461
2.70
1,597,161
744,306
0.006531492
2.72
1,609,719
748,992
0.006669357
2.54
1,501,294
721,973
0.006472328
2.63
1,557,248
731,687
0.006497744
2.64
1,568,209
738,425
0.006710867
2.68
1,586,002
737,615
0.006506233
2.69
1,589,553
739,888
0.006679411
2.65
1,568,981
740,492
0.006491392
2.65
1,569,073
738,863
0.006577120
2.59
1,534,457
733,639
0.006497225
2.68
1,589,562
740,642
0.006533946
2.65
1,570,436
734,000
0.006448738
2.65
1,573,441
739,377
0.006650351
2.56
1,513,762
726,590
0.006468321
2.53
1,498,213
721,559
0.006436865
2.68
1,584,407
742,625
0.006517853
2.55
1,510,362
728,089
0.006513843
2.58
1,526,233
732,370
0.006502853
2.56
1,516,153
729,703
0.006610353
2.65
1,570,722
737,247
0.006643270
2.69
1,591,604
741,946
0.006528272
2.71
1,605,385
741,510
0.006498376
2.66
1,577,199
736,596
0.006590772
2.66
1,577,788
740,059
0.006466035
2.68
1,584,851
746,061
0.006501294
2.68
1,589,648
739,568
0.006531815
2.66
1,578,843
735,918
0.006724938
2.55
1,510,561
728,383
0.006515618
2.68
1,587,660
742,275
0.006604212
2.56
1,511,913
728,911
0.006487703
2.68
1,585,675
741,772
0.006524473
2.69
1,591,733
739,204
0.006607961
2.70
1,596,109
745,489
0.006589734
2.67
1,579,361
744,803
0.006636505
2.56
1,516,619
729,904
0.006492027
2.70
1,600,069
739,747
0.006544266
2.66
1,577,382
742,395
0.006460831
2.67
1,580,376
737,315
0.006511195
2.70
1,600,747
744,155
0.006595205
2.66
1,574,975
741,217
0.006623694
2.69
1,591,047
743,680
0.006546195
2.56
1,513,602
730,329
0.006475364
2.68
1,584,045
738,638
0.006587654
2.69
1,591,487
737,932
0.006617498
2.67
1,582,370
740,891
0.006600362
2.69
1,589,725
740,896
0.006533698
2.57
1,519,581
730,164
0.006592708
2.54
1,503,955
720,313
0.006579635
2.69
1,592,627
745,433
0.006649478
2.57
1,518,955
725,951
0.006503699
2.69
1,590,369
740,572
0.006556199
2.68
1,586,765
743,176
0.006634845
2.70
1,596,777
742,595
0.006599376
2.56
1,514,171
731,173
0.006449533
2.56
1,515,687
729,244
0.006478962
2.69
1,591,400
741,443
0.006548232
2.67
1,578,048
741,124
0.006583856
2.58
1,523,686
727,015
0.006587294
2.64
1,565,382
735,330
0.006459536
2.66
1,579,317
738,861
0.006676722
2.67
1,583,281
741,993
0.006491567
2.56
1,513,437
728,516
0.006524483
2.57
1,519,385
726,519
0.006482661
2.55
1,510,857
726,908
0.006514537
2.56
1,516,037
729,722
0.006562973
2.68
1,585,642
744,078
0.006510317
2.58
1,522,924
729,074
0.006501411
2.56
1,515,464
730,028
0.006505579
2.69
1,592,749
743,885
0.006570006
2.57
1,519,819
725,802
0.006456257
2.68
1,584,849
738,661
0.006512454
2.66
1,574,359
739,241
0.006629433
2.56
1,515,002
730,369
0.006486622
2.59
1,533,861
732,872
0.006473185
2.56
1,511,121
728,215
0.006648027
2.71
1,602,799
744,886
0.006527039
2.57
1,519,928
732,206
0.006467978
2.65
1,570,603
736,272
0.006606727
2.68
1,584,195
738,651
0.006578654
2.68
1,584,843
736,987
0.006663237
2.67
1,583,279
738,972
0.006482770
2.67
1,576,772
740,660
0.006663603
2.66
1,575,495
738,963
0.006642665
2.69
1,590,485
739,432
0.006483031
2.55
1,510,043
725,071
0.006441208
2.71
1,601,001
744,776
0.006518709
2.56
1,511,867
730,615
0.006559125
2.69
1,589,439
740,155
0.006584490
2.57
1,522,653
730,379
0.006607146
2.64
1,561,215
736,082
0.006647667
2.71
1,604,236
741,906
0.006566209
2.56
1,511,870
725,418
0.006555064
2.64
1,563,612
739,322
0.006535532
2.60
1,536,361
733,197
0.006491575
2.68
1,585,884
738,106
0.006532252
2.66
1,575,012
732,887
0.006495742
2.65
1,566,600
741,402
0.006477982
2.71
1,604,835
747,752
0.006664543
2.67
1,583,020
735,607
0.006705222
2.56
1,513,454
726,688
0.006508660
2.70
1,595,756
743,319
0.006510691
2.75
1,613,691
745,838
0.006766263
2.68
1,587,059
745,482
0.006485588
2.56
1,515,384
724,909
0.006526473
2.70
1,598,293
745,385
0.006675014
2.71
1,605,095
745,066
0.006539858
2.64
1,564,458
734,337
0.006463298
2.58
1,524,313
731,335
0.006505433
2.72
1,610,527
751,427
0.006589755
2.57
1,518,973
728,491
0.006499078
2.71
1,602,219
742,560
0.006539338
2.68
1,588,257
740,462
0.006648610
2.67
1,578,215
740,803
0.006449131
2.57
1,517,542
730,998
0.006496580
2.63
1,560,807
731,601
0.006656891
2.69
1,591,513
739,774
0.006545330
2.57
1,521,179
727,601
0.006482466
2.63
1,558,469
731,371
0.006537361
2.69
1,592,819
739,168
0.006566111
2.68
1,587,131
730,198
0.006631371
2.69
1,590,543
740,731
0.006508195
2.55
1,510,304
726,704
0.006493924
2.64
1,564,706
740,078
0.006459289
2.57
1,520,875
729,078
0.006451841
2.69
1,591,240
744,688
0.006512676
2.70
1,596,778
741,274
0.006515383
2.74
1,604,116
741,505
0.006766997
2.73
1,614,209
742,253
0.006632310
2.54
1,503,173
727,978
0.006477833
2.66
1,574,763
736,613
0.006691425
2.69
1,595,523
739,385
0.006519603
2.57
1,518,767
728,832
0.006482416
2.56
1,514,722
729,600
0.006594030
2.72
1,612,941
737,367
0.006722207
2.54
1,504,400
727,552
0.006554865
2.69
1,591,193
740,448
0.006523822
2.59
1,529,179
733,249
0.006543094
2.67
1,578,161
742,084
0.006467938
2.66
1,576,731
741,373
0.006697052
2.69
1,589,385
740,504
0.006670489
2.70
1,600,099
745,572
0.006542782
2.65
1,571,778
733,763
0.006651218
2.67
1,577,473
737,133
0.006585230
2.65
1,566,776
735,408
0.006485700
2.67
1,579,474
742,975
0.006473616
2.69
1,591,817
743,541
0.006507730
2.63
1,554,294
733,105
0.006443929
2.73
1,603,557
743,618
0.006659241
2.68
1,589,707
742,225
0.006496325
2.55
1,505,780
725,781
0.006460544
2.68
1,586,775
739,730
0.006524346
2.55
1,507,814
725,375
0.006502628
2.66
1,570,461
742,252
0.006611430
2.56
1,512,565
731,461
0.006582002
2.63
1,556,615
728,590
0.006438670
2.68
1,585,441
736,406
0.006531691
2.55
1,505,447
729,090
0.006469295
2.64
1,559,089
734,962
0.006466430
2.68
1,588,319
742,665
0.006640336
2.71
1,593,641
743,898
0.006706066
2.69
1,591,385
743,762
0.006537056
2.74
1,609,197
746,492
0.006740649
2.68
1,583,757
739,841
0.006632211
2.65
1,568,094
738,992
0.006625389
2.67
1,581,129
742,793
0.006628514
2.70
1,591,413
741,378
0.006574244
2.70
1,594,751
746,647
0.006646431
2.56
1,512,175
728,513
0.006493099
2.71
1,600,239
750,549
0.006612734
2.58
1,527,582
735,215
0.006500182
2.69
1,595,116
739,528
0.006556692
2.64
1,565,113
735,037
0.006533463
2.66
1,576,171
740,235
0.006524923
2.56
1,514,608
727,696
0.006445183
2.72
1,608,277
744,105
0.006615287
2.68
1,587,075
741,796
0.006538151
2.67
1,579,215
740,058
0.006639974
2.56
1,515,783
730,652
0.006567787
2.58
1,525,649
731,321
0.006526173
2.57
1,518,939
730,520
0.006491955
2.68
1,586,583
744,040
0.006582631
2.67
1,580,486
738,450
0.006569611
2.68
1,587,014
739,254
0.006616277
2.69
1,590,541
744,471
0.006618830
2.57
1,518,564
731,151
0.006533048
2.68
1,586,419
741,585
0.006538674
2.59
1,532,162
732,316
0.006488101
2.70
1,597,604
739,485
0.006613466
2.57
1,519,183
730,705
0.006503674
2.66
1,576,160
737,463
0.006556330
2.72
1,610,881
744,362
0.006550862
2.65
1,566,765
731,968
0.006580549
2.68
1,588,591
739,988
0.006537268
2.65
1,566,683
734,167
0.006533935
2.57
1,520,731
732,274
0.006577997
2.69
1,592,899
738,998
0.006552164
2.68
1,587,241
742,637
0.006521279
2.57
1,518,429
728,760
0.006519092
2.70
1,599,431
745,941
0.006609664
2.68
1,589,875
738,719
0.006708415
2.69
1,594,093
740,343
0.006537529
2.63
1,558,648
736,754
0.006450082
2.68
1,585,643
740,381
0.006616696
2.70
1,580,927
737,879
0.006687425
2.58
1,527,535
737,672
0.006601071
2.69
1,591,483
740,756
0.006523884
2.66
1,574,986
739,158
0.006469041
2.64
1,561,979
736,872
0.006535343
2.66
1,574,641
739,658
0.006602999
2.73
1,603,421
745,415
0.006734561
2.68
1,585,003
739,075
0.006505760
2.57
1,520,721
727,041
0.006555186
2.56
1,512,507
728,361
0.006529301
2.55
1,509,001
723,339
0.006452896
2.56
1,515,957
724,193
0.006515552
2.69
1,591,262
738,447
0.006571750
2.60
1,539,782
739,637
0.006654249
2.67
1,579,246
741,040
0.006650812
2.64
1,570,391
734,577
0.006674094
2.57
1,522,137
728,072
0.006599042
2.70
1,596,868
741,576
0.006558365
2.70
1,596,459
740,687
0.006648677
2.55
1,505,705
724,439
0.006451751
2.63
1,556,853
729,638
0.006565605
2.65
1,571,364
736,098
0.006686542
2.74
1,620,903
753,846
0.006567636
2.70
1,596,137
739,637
0.006574980
2.67
1,576,963
740,266
0.006542584
2.70
1,597,645
744,483
0.006601282
2.73
1,596,371
740,224
0.006720553
2.72
1,610,789
742,569
0.006531334
2.69
1,590,167
743,896
0.006628417
2.63
1,559,007
736,287
0.006504720
2.64
1,561,206
735,831
0.006483731
2.67
1,578,437
740,129
0.006477637
2.70
1,596,186
738,291
0.006518991
2.67
1,577,911
744,430
0.006497376
2.66
1,572,549
733,299
0.006575554
2.72
1,607,069
745,436
0.006615449
2.68
1,583,627
739,310
0.006535398
2.70
1,597,196
744,291
0.006572221
2.66
1,573,025
741,680
0.006541231
2.69
1,591,421
744,395
0.006655710
2.67
1,581,078
737,172
0.006575971
2.68
1,586,753
745,203
0.006504356
2.72
1,607,760
747,942
0.006558002
2.56
1,512,326
729,280
0.006497013
2.66
1,572,693
737,090
0.006526180
2.68
1,582,358
741,282
0.006607065
2.57
1,521,250
728,467
0.006524721
2.70
1,597,845
744,289
0.006557221
2.65
1,573,027
735,311
0.006674774
2.59
1,532,079
733,905
0.006529930
2.70
1,596,811
741,889
0.006591024
2.60
1,536,025
730,498
0.006473055
2.68
1,586,855
740,513
0.006529617
2.57
1,517,391
730,065
0.006472691
2.66
1,571,392
739,514
0.006602117
2.59
1,529,240
737,094
0.006483055
2.67
1,581,069
736,093
0.006596961
2.66
1,572,888
733,654
0.006513629
2.66
1,574,319
736,983
0.006476181
2.56
1,513,625
724,943
0.006564306
2.57
1,518,591
729,124
0.006470244
2.56
1,512,061
729,406
0.006445295
2.71
1,605,289
745,029
0.006556181
2.65
1,566,249
732,023
0.006452847
2.56
1,513,077
728,030
0.006518681
2.71
1,600,919
747,196
0.006641650
2.65
1,569,331
737,179
0.006620868
2.74
1,620,054
743,110
0.006566702
2.69
1,590,135
735,830
0.006522691
2.69
1,592,537
743,468
0.006653681
2.67
1,579,297
748,575
0.006561286
2.70
1,598,557
742,400
0.006634567
2.66
1,575,925
737,394
0.006474463
2.57
1,519,125
731,666
0.006505817
2.57
1,520,559
727,608
0.006489775
2.65
1,566,608
734,583
0.006516546
2.61
1,545,913
730,578
0.006546442
2.59
1,529,318
731,640
0.006607275
2.53
1,495,034
725,562
0.006555921
2.60
1,539,290
732,008
0.006602067
2.71
1,586,716
740,502
0.006709098
2.68
1,583,612
745,358
0.006502068
2.70
1,594,665
740,267
0.006562901
2.74
1,609,941
743,282
0.006724307
2.58
1,525,916
732,087
0.006590245
2.70
1,597,781
743,075
0.006632328
2.54
1,504,820
725,385
0.006509150
2.67
1,581,573
735,581
0.006495661
2.68
1,584,744
741,160
0.006683213
2.69
1,594,191
742,977
0.006589776
2.57
1,517,522
731,437
0.006518005
2.71
1,600,947
747,911
0.006521078
2.69
1,594,189
738,636
0.006522589
2.56
1,514,983
730,191
0.006584620
2.64
1,565,239
733,839
0.006572901
2.66
1,572,833
738,991
0.006522485
2.66
1,574,869
739,754
0.006643578
2.68
1,585,635
743,919
0.006535558
2.74
1,606,481
743,183
0.006707745
2.67
1,578,227
737,782
0.006569828
2.72
1,591,068
740,191
0.006692381
2.57
1,518,950
730,095
0.006496965
2.57
1,519,237
727,739
0.006676078
2.68
1,584,343
742,499
0.006640558
2.62
1,549,591
736,215
0.006539985
2.69
1,592,915
745,581
0.006652121
2.73
1,604,597
744,087
0.006717017
2.70
1,596,987
738,596
0.006495714
2.56
1,515,129
727,334
0.006487590
2.58
1,523,935
731,600
0.006513788
2.68
1,588,782
745,000
0.006517538
2.65
1,570,686
735,204
0.006611548
2.68
1,585,681
740,753
0.006529568
2.70
1,601,411
748,172
0.006579829
2.70
1,595,843
740,345
0.006606861
2.60
1,538,164
734,775
0.006557902
2.69
1,589,369
741,833
0.006615819
2.69
1,591,475
742,442
0.006545871
2.58
1,525,277
731,451
0.006569830
2.72
1,607,985
740,614
0.006654621
2.64
1,566,571
736,927
0.006688632
2.64
1,561,435
734,840
0.006542017
2.69
1,594,523
742,086
0.006533893
2.65
1,569,495
737,408
0.006513684
2.65
1,570,959
741,106
0.006543216
2.66
1,573,593
737,914
0.006591756
2.57
1,517,420
730,221
0.006498059
2.69
1,589,117
738,433
0.006541393
2.57
1,519,839
726,470
0.006494935
2.67
1,580,565
738,931
0.006734308
2.67
1,580,804
740,846
0.006532643
2.58
1,524,509
731,065
0.006568216
2.68
1,588,123
742,047
0.006495872
2.56
1,514,043
729,612
0.006578840
2.68
1,587,103
740,960
0.006670195
2.56
1,515,237
730,435
0.006497955
2.59
1,529,594
730,587
0.006577278
2.68
1,586,162
744,086
0.006511497
2.57
1,522,176
730,626
0.006498424
2.67
1,576,887
736,765
0.006569466
2.71
1,605,567
747,616
0.006642122
2.57
1,518,842
730,226
0.006495924
2.68
1,584,197
741,750
0.006537175
2.69
1,593,345
746,255
0.006611861
2.68
1,588,381
742,840
0.006573164
2.67
1,580,657
740,639
0.006567747
2.57
1,521,785
731,222
0.006515716
2.69
1,590,749
742,235
0.006533112
2.74
1,621,200
754,400
0.006681133
2.70
1,597,149
750,458
0.006593320
2.68
1,584,957
741,878
0.006650768
2.69
1,569,874
738,210
0.006731497
2.69
1,594,267
740,415
0.006547019
2.58
1,522,940
729,578
0.006485091
2.58
1,522,821
730,711
0.006545664
2.56
1,515,213
725,724
0.006441342
2.68
1,588,577
742,284
0.006621810
2.69
1,594,309
738,431
0.006564362
2.68
1,584,892
741,022
0.006572175
2.57
1,517,943
727,958
0.006506602
2.57
1,521,039
727,287
0.006530299
2.72
1,607,133
746,314
0.006626445
2.69
1,594,703
738,590
0.006551029
2.55
1,505,789
721,548
0.006566967
2.57
1,519,041
729,642
0.006631185
2.67
1,586,961
743,663
0.006695717
2.67
1,579,071
739,589
0.006625509
2.70
1,598,903
740,658
0.006582905
2.66
1,575,871
735,335
0.006645925
2.64
1,567,481
735,056
0.006678269
2.67
1,580,776
739,632
0.006525143
2.70
1,599,705
744,704
0.006622852
2.70
1,595,767
742,233
0.006518217
2.58
1,525,309
735,635
0.006530144
2.57
1,520,590
731,002
0.006458530
2.63
1,559,648
736,356
0.006539884
2.56
1,514,821
728,833
0.006456082
