1.68
2,295,042
810,961
0.006422486
1.45
1,996,964
734,080
0.003456554
1.37
1,896,605
727,381
0.003592902
1.43
1,974,243
733,613
0.003437962
1.44
1,976,935
738,395
0.003472491
1.38
1,897,295
726,012
0.003548216
1.44
1,988,743
734,981
0.003516603
1.48
2,042,229
745,190
0.003553789
1.47
2,027,736
737,846
0.003541342
1.35
1,862,051
722,441
0.003446763
1.35
1,863,127
717,627
0.003565882
1.43
1,964,783
731,409
0.003507187
1.38
1,893,021
728,041
0.003571403
1.37
1,876,624
718,673
0.003614891
1.36
1,876,557
725,891
0.003527186
1.38
1,898,379
726,820
0.003640097
1.37
1,891,036
725,772
0.003644785
1.37
1,898,425
723,449
0.003649316
1.43
1,971,322
727,894
0.003498594
1.35
1,855,393
718,992
0.003471157
1.37
1,888,381
726,409
0.003519176
1.37
1,890,201
723,684
0.003627244
1.38
1,890,421
725,639
0.003642295
1.37
1,881,547
717,673
0.003580006
1.44
1,982,332
742,492
0.003544591
1.36
1,884,295
723,454
0.003669951
1.45
2,001,409
730,750
0.003550685
1.37
1,877,777
724,782
0.003575944
1.46
2,016,015
740,994
0.003539643
1.36
1,874,435
724,721
0.003490540
1.37
1,879,191
721,152
0.003521633
1.37
1,900,033
725,391
0.003678710
1.37
1,891,839
726,939
0.003651680
1.38
1,902,745
725,665
0.003615848
1.37
1,882,311
723,982
0.003598609
1.36
1,878,483
723,047
0.003593818
1.43
1,966,353
730,967
0.003538091
1.37
1,885,397
726,754
0.003541215
1.37
1,879,331
719,476
0.003520079
1.36
1,866,315
725,475
0.003470550
1.44
1,986,123
739,528
0.003544921
1.36
1,877,349
729,393
0.003563619
1.35
1,858,657
724,598
0.003461018
1.37
1,889,603
725,875
0.003520339
1.38
1,894,799
729,165
0.003580702
1.44
1,980,825
736,770
0.003523672
1.37
1,877,457
724,272
0.003628513
1.37
1,890,441
725,635
0.003654145
1.39
1,910,003
732,130
0.003572533
1.36
1,872,324
723,307
0.003455506
1.38
1,898,795
722,327
0.003538159
1.37
1,890,560
725,804
0.003642634
1.38
1,902,223
727,863
0.003613886
1.45
1,996,167
734,884
0.003537170
1.46
2,007,881
731,573
0.003547795
1.39
1,913,801
728,156
0.003569303
1.37
1,888,295
726,938
0.003586446
2.59
1,531,393
735,364
0.006412136
2.64
1,563,181
740,187
0.006370106
2.49
1,474,491
727,566
0.006310577
2.60
1,539,445
742,631
0.006315838
2.49
1,475,441
729,171
0.006307829
2.48
1,467,993
724,092
0.006272466
2.61
1,547,221
738,509
0.006329861
2.63
1,555,277
745,317
0.006383244
2.49
1,475,587
729,914
0.006306123
2.62
1,553,263
744,061
0.006387162
2.59
1,532,829
735,510
0.006446795
2.60
1,539,177
737,242
0.006314247
2.50
1,477,277
728,787
0.006267061
2.59
1,534,785
737,273
0.006434256
2.60
1,537,027
738,763
0.006307020
2.61
1,542,835
739,674
0.006433735
2.60
1,541,925
737,443
0.006306030
2.50
1,477,653
727,687
0.006400517
2.48
1,469,451
725,988
0.006317655
2.58
1,526,415
736,663
0.006306457
2.50
1,478,517
729,243
0.006268906
2.60
1,542,253
732,422
0.006349425
2.60
1,540,783
742,876
0.006425474
2.58
1,527,317
736,220
0.006292978
2.59
1,532,861
739,548
0.006288446
2.50
1,478,525
732,454
0.006317925
2.61
1,544,099
738,845
0.006340017
2.49
1,476,513
725,090
0.006275123
2.64
1,545,601
741,989
0.006494649
2.60
1,536,881
738,270
0.006426213
2.56
1,517,169
739,762
0.006340329
2.61
1,543,943
737,994
0.006343151
2.61
1,547,213
741,103
0.006521689
2.60
1,538,037
743,079
0.006278152
2.61
1,542,343
742,146
0.006484814
2.59
1,534,053
741,438
0.006307222
2.62
1,552,461
740,362
0.006349929
2.49
1,473,798
730,468
0.006385971
2.59
1,531,711
741,616
0.006298837
2.62
1,548,479
747,065
0.006452062
2.50
1,480,559
729,210
0.006300199
2.62
1,548,941
737,288
0.006378114
2.61
1,544,312
746,123
0.006307386
2.60
1,541,779
738,766
0.006455821
2.49
1,470,576
729,493
0.006309424
2.49
1,476,071
726,602
0.006323435
2.64
1,563,693
747,829
0.006350778
2.58
1,529,561
737,423
0.006285362
2.50
1,478,113
729,597
0.006299998
2.61
1,542,871
740,176
0.006449794
2.61
1,544,077
742,483
0.006459637
2.62
1,551,317
740,975
0.006368284
2.68
1,572,359
746,338
0.006536094
2.58
1,527,630
739,872
0.006288135
2.50
1,479,145
730,480
0.006290688
2.50
1,478,581
726,925
0.006271261
2.61
1,543,857
735,983
0.006316832
2.59
1,531,256
735,716
0.006387144
2.59
1,533,821
739,598
0.006309599
2.48
1,468,454
722,074
0.006328036
2.52
1,492,724
734,335
0.006375953
2.62
1,549,003
741,535
0.006337463
2.50
1,480,003
728,939
0.006301219
2.50
1,478,023
729,256
0.006298616
2.51
1,482,829
728,558
0.006303355
2.63
1,557,289
745,417
0.006497884
2.61
1,543,975
741,834
0.006368562
2.48
1,467,455
721,841
0.006339662
2.51
1,482,297
730,123
0.006413984
2.64
1,545,740
737,574
0.006561846
2.66
1,558,748
739,292
0.006499868
2.59
1,533,629
737,915
0.006334770
2.63
1,556,265
747,669
0.006412947
2.50
1,476,884
729,672
0.006369406
2.58
1,526,678
741,174
0.006349927
2.48
1,466,821
727,969
0.006348416
2.62
1,551,883
740,466
0.006356963
2.50
1,480,701
729,487
0.006279047
2.50
1,482,321
733,905
0.006346129
2.61
1,543,229
741,157
0.006413056
2.49
1,476,491
731,182
0.006297801
2.62
1,548,969
738,111
0.006317019
2.50
1,482,299
732,069
0.006359258
2.48
1,469,443
726,516
0.006300874
2.50
1,477,776
729,431
0.006293166
2.62
1,550,697
742,676
0.006433584
2.62
1,552,665
739,652
0.006336450
2.51
1,485,129
728,902
0.006286191
2.59
1,532,299
737,855
0.006448585
2.50
1,480,127
732,099
0.006400724
2.60
1,539,619
739,579
0.006448693
2.61
1,548,655
738,159
0.006331350
2.62
1,551,719
742,513
0.006466401
2.60
1,539,657
739,154
0.006399162
2.60
1,536,771
741,487
0.006461040
2.50
1,481,193
728,626
0.006280104
2.61
1,546,485
737,364
0.006325989
2.48
1,465,973
721,136
0.006307552
2.49
1,473,739
729,058
0.006385575
2.51
1,486,093
729,370
0.006294430
2.59
1,533,591
736,904
0.006418544
2.59
1,534,655
736,392
0.006329013
2.59
1,531,661
740,097
0.006383544
2.60
1,540,272
740,949
0.006339068
2.49
1,473,708
729,704
0.006377245
2.56
1,513,692
735,213
0.006351620
2.62
1,553,625
743,942
0.006375526
2.50
1,478,415
730,743
0.006323238
2.49
1,470,834
729,545
0.006346362
2.58
1,529,444
739,455
0.006381831
2.65
1,568,737
747,633
0.006452612
2.62
1,552,869
739,831
0.006385008
2.48
1,469,175
724,710
0.006339282
2.60
1,539,306
740,212
0.006481416
2.59
1,531,782
738,839
0.006435219
2.49
1,471,197
725,686
0.006449906
2.61
1,545,239
738,105
0.006353868
2.50
1,478,529
730,117
0.006308920
2.51
1,485,009
735,247
0.006327305
2.49
1,472,718
727,898
0.006394388
2.64
1,540,050
739,954
0.006509336
2.61
1,546,813
739,651
0.006344079
2.57
1,521,197
737,784
0.006342255
2.56
1,516,051
728,790
0.006384027
2.49
1,469,981
725,347
0.006386995
2.50
1,478,291
730,940
0.006320227
2.64
1,564,308
747,989
0.006377362
2.61
1,543,747
738,718
0.006389601
2.58
1,531,153
736,186
0.006472101
2.60
1,536,248
739,746
0.006446945
2.59
1,533,671
740,737
0.006281011
2.62
1,552,499
740,283
0.006341323
2.58
1,527,805
735,294
0.006311896
2.49
1,474,536
730,940
0.006309708
2.57
1,518,557
741,242
0.006289190
2.50
1,480,383
729,689
0.006332679
2.60
1,542,219
738,458
0.006338095
2.48
1,467,077
729,011
0.006287315
2.62
1,548,601
743,813
0.006411741
2.49
1,470,361
728,125
0.006284764
2.60
1,538,343
745,484
0.006323723
2.61
1,547,713
739,988
0.006348618
2.59
1,534,195
742,504
0.006325910
2.54
1,505,541
734,149
0.006362005
2.59
1,532,298
741,236
0.006330286
2.50
1,479,001
733,017
0.006316953
2.61
1,548,391
742,560
0.006341068
2.60
1,538,446
740,784
0.006302474
2.58
1,528,854
736,585
0.006420861
2.58
1,525,763
736,102
0.006339351
2.51
1,485,721
733,489
0.006336538
2.61
1,542,949
735,011
0.006355809
2.60
1,538,273
738,053
0.006415966
2.48
1,469,751
726,259
0.006343519
2.58
1,528,069
739,175
0.006296748
2.48
1,466,999
722,663
0.006283363
2.60
1,542,145
734,655
0.006328676
2.59
1,533,329
741,202
0.006407479
2.57
1,519,049
737,992
0.006335812
2.60
1,541,580
741,744
0.006322478
2.61
1,542,699
739,158
0.006376906
2.62
1,550,635
738,973
0.006345240
2.48
1,466,375
727,776
0.006289094
2.59
1,534,211
739,030
0.006486750
2.56
1,513,609
732,795
0.006364667
2.49
1,474,793
729,335
0.006427636
2.62
1,549,957
740,004
0.006345867
2.49
1,472,993
729,001
0.006310711
2.61
1,548,595
740,740
0.006398835
2.60
1,541,085
740,915
0.006464773
2.60
1,537,941
741,541
0.006469149
2.63
1,557,911
743,051
0.006388055
2.59
1,535,459
741,297
0.006325920
2.60
1,538,994
735,697
0.006455711
2.61
1,542,343
741,007
0.006439930
2.51
1,481,893
730,370
0.006304255
2.61
1,544,218
740,116
0.006363733
2.51
1,482,201
729,582
0.006333473
2.58
1,528,940
735,197
0.006425764
2.53
1,494,897
732,853
0.006469620
2.60
1,541,713
745,333
0.006427276
2.59
1,535,937
735,764
0.006353214
2.61
1,544,957
742,859
0.006483474
2.50
1,476,279
726,981
0.006276964
2.62
1,548,361
741,589
0.006424256
2.58
1,525,396
733,602
0.006450089
2.62
1,548,625
741,927
0.006338579
2.50
1,481,104
732,831
0.006402902
2.50
1,477,595
731,956
0.006335351
2.49
1,474,101
722,863
0.006285508
2.61
1,546,419
741,229
0.006561652
2.60
1,538,475
733,914
0.006339257
2.56
1,514,189
731,088
0.006349726
2.49
1,471,859
726,382
0.006335352
2.48
1,467,671
727,225
0.006352591
2.60
1,537,443
739,962
0.006484258
2.63
1,559,395
742,803
0.006346914
2.59
1,536,549
737,628
0.006520457
2.48
1,469,035
728,093
0.006305925
2.64
1,560,097
746,231
0.006442540
2.59
1,533,447
741,897
0.006417123
2.63
1,555,207
741,777
0.006358583
2.49
1,471,205
726,325
0.006368061
2.54
1,505,565
737,804
0.006508947
2.65
1,554,213
744,850
0.006531135
2.59
1,531,011
732,364
0.006423322
2.61
1,542,714
734,770
0.006350979
2.59
1,537,801
729,724
0.006506291
2.61
1,546,927
740,486
0.006419937
2.57
1,521,747
735,760
0.006374417
2.65
1,571,480
745,340
0.006511084
2.62
1,551,353
743,839
0.006338584
2.62
1,552,647
743,988
0.006394417
2.48
1,469,889
727,972
0.006283376
2.51
1,487,218
731,162
0.006341709
2.63
1,556,585
744,005
0.006423376
2.64
1,548,510
743,846
0.006450147
2.61
1,543,459
741,889
0.006487074
2.65
1,553,997
743,641
0.006539365
2.63
1,558,811
745,921
0.006421606
2.64
1,543,451
743,333
0.006542960
2.61
1,543,171
739,404
0.006360408
2.51
1,484,357
729,394
0.006417335
2.60
1,541,493
740,635
0.006444523
2.60
1,538,357
740,355
0.006427960
2.57
1,521,476
734,141
0.006283742
2.61
1,545,213
738,214
0.006348169
2.59
1,533,959
739,265
0.006453741
2.58
1,528,735
737,599
0.006458117
2.59
1,536,115
736,634
0.006516086
2.49
1,470,804
727,677
0.006307805
2.63
1,559,353
743,824
0.006366971
2.56
1,512,167
729,130
0.006390409
2.60
1,539,925
742,893
0.006308222
2.60
1,538,171
738,184
0.006461972
2.59
1,533,947
742,625
0.006304941
2.64
1,560,704
746,338
0.006364681
2.50
1,477,153
733,847
0.006381712
2.59
1,530,621
735,572
0.006388214
2.62
1,549,733
746,170
0.006445507
2.59
1,531,041
741,406
0.006342694
2.61
1,546,987
740,904
0.006336549
2.59
1,531,215
740,367
0.006429827
2.61
1,546,677
743,684
0.006483524
2.51
1,485,303
733,372
0.006339672
2.56
1,514,553
733,527
0.006273996
2.62
1,551,413
736,573
0.006356236
2.58
1,525,325
740,550
0.006298945
2.50
1,477,995
726,052
0.006301862
2.59
1,531,461
736,215
0.006395142
2.63
1,537,198
735,350
0.006525401
2.61
1,543,491
739,892
0.006322072
2.58
1,526,779
737,907
0.006338530
2.49
1,473,119
725,231
0.006299989
2.62
1,552,816
741,476
0.006472799
2.59
1,534,233
745,726
0.006300771
2.62
1,554,820
740,313
0.006320302
2.64
1,542,474
735,569
0.006590716
2.60
1,539,091
740,255
0.006429781
2.52
1,491,478
733,048
0.006440250
2.60
1,540,943
744,884
0.006396345
2.61
1,542,357
733,061
0.006373845
2.51
1,484,786
734,534
0.006427282
2.51
1,484,039
734,376
0.006354731
2.58
1,533,821
732,258
0.006530564
2.59
1,533,981
740,772
0.006302546
2.60
1,539,873
740,556
0.006338482
2.48
1,467,471
729,093
0.006295306
2.59
1,532,046
733,406
0.006436190
2.49
1,473,777
727,411
0.006306766
2.61
1,543,843
735,793
0.006378223
2.63
1,557,985
741,804
0.006404526
2.51
1,480,428
729,510
0.006317286
2.50
1,477,169
729,884
0.006396819
2.49
1,474,057
730,210
0.006321871
2.59
1,531,617
741,868
0.006400360
2.61
1,545,267
744,038
0.006403850
2.49
1,471,055
725,228
0.006309476
2.57
1,528,405
735,943
0.006510673
2.52
1,494,239
736,485
0.006343540
2.49
1,472,175
725,080
0.006279373
2.60
1,540,735
738,301
0.006348331
2.59
1,533,440
740,752
0.006363853
2.62
1,554,055
748,696
0.006449426
2.60
1,541,195
740,759
0.006475466
2.58
1,525,973
733,982
0.006448644
2.58
1,528,367
731,152
0.006338280
2.49
1,471,649
727,232
0.006313021
2.58
1,530,973
735,922
0.006504999
2.56
1,512,451
730,352
0.006358386
2.58
1,526,809
735,085
0.006273387
2.61
1,548,877
744,982
0.006338960
2.50
1,476,591
729,649
0.006291304
2.49
1,471,012
722,813
0.006344116
2.51
1,486,375
730,824
0.006342867
2.51
1,485,179
731,915
0.006424793
2.62
1,548,106
741,316
0.006382763
2.49
1,473,383
731,638
0.006342295
2.51
1,484,457
728,816
0.006318598
2.62
1,550,935
739,411
0.006440471
2.49
1,475,387
729,179
0.006335265
2.61
1,544,373
740,717
0.006345785
2.59
1,532,713
740,084
0.006385942
2.60
1,541,775
739,373
0.006395838
2.59
1,532,423
736,931
0.006458285
2.58
1,532,007
735,002
0.006508181
2.61
1,542,515
737,277
0.006315318
2.59
1,536,881
740,512
0.006297402
2.50
1,476,317
731,884
0.006348755
2.48
1,467,971
726,563
0.006386049
2.48
1,467,739
723,075
0.006386256
2.63
1,554,377
745,047
0.006343601
2.58
1,529,541
732,371
0.006289434
2.48
1,467,483
721,423
0.006289227
2.59
1,531,474
737,210
0.006330946
2.49
1,474,661
731,636
0.006427039
2.63
1,559,068
743,438
0.006371779
2.49
1,473,472
727,897
0.006351936
2.52
1,490,629
734,669
0.006335894
2.60
1,540,193
738,540
0.006447612
2.60
1,539,877
742,160
0.006319385
2.61
1,545,513
739,859
0.006335270
2.58
1,525,943
736,834
0.006287666
2.60
1,539,145
742,081
0.006322146
2.63
1,557,713
743,743
0.006473187
2.62
1,551,057
739,487
0.006379802
2.61
1,543,137
735,596
0.006311156
2.48
1,466,031
727,009
0.006263710
2.48
1,464,839
722,489
0.006289283
2.49
1,470,981
729,296
0.006282825
2.49
1,473,181
725,886
0.006281106
2.62
1,549,481
741,807
0.006328709
2.50
1,481,785
731,238
0.006468814
2.64
1,562,003
747,963
0.006434387
2.49
1,471,417
726,805
0.006315117
2.61
1,544,251
746,949
0.006448241
2.62
1,549,287
740,449
0.006362253
2.60
1,541,193
740,168
0.006330535
2.59
1,533,500
736,766
0.006296421
2.58
1,524,613
738,486
0.006423190
2.61
1,548,280
742,481
0.006448450
2.61
1,544,770
738,676
0.006366108
2.48
1,464,547
726,896
0.006287463
2.56
1,514,945
733,872
0.006333348
2.59
1,530,985
741,049
0.006314651
2.47
1,459,095
724,323
0.006289495
2.61
1,543,265
739,179
0.006354182
2.50
1,479,687
730,184
0.006318297
2.59
1,532,253
741,743
0.006465587
2.50
1,481,905
729,609
0.006283818
2.58
1,528,743
739,964
0.006372620
2.63
1,555,242
743,420
0.006355589
2.48
1,468,063
726,871
0.006319495
2.62
1,550,501
744,924
0.006443818
2.49
1,472,987
728,783
0.006422152
2.49
1,473,925
731,853
0.006354809
2.62
1,550,767
743,783
0.006377309
2.61
1,546,153
745,923
0.006426058
2.50
1,477,840
730,017
0.006287205
2.59
1,535,657
740,571
0.006325748
2.58
1,526,465
736,347
0.006298873
2.61
1,542,413
737,170
0.006346372
2.50
1,477,561
728,295
0.006290591
2.63
1,553,569
746,172
0.006438612
2.49
1,474,495
730,360
0.006318873
2.61
1,544,737
742,938
0.006447102
2.60
1,538,701
734,885
0.006339290
2.61
1,547,291
742,915
0.006423352
2.59
1,533,707
738,692
0.006291843
2.58
1,528,935
732,116
0.006264812
2.59
1,536,607
738,510
0.006421895
2.62
1,548,611
745,771
0.006366374
2.58
1,529,738
740,452
0.006284135
2.56
1,517,157
734,104
0.006328458
2.55
1,511,477
733,920
0.006334291
2.65
1,569,755
749,920
0.006460385
2.61
1,547,627
739,297
0.006351844
2.61
1,546,385
742,713
0.006479395
2.58
1,527,107
734,834
0.006323146
2.52
1,490,553
732,597
0.006319084
2.51
1,487,179
732,669
0.006338667
2.61
1,547,031
738,743
0.006360543
2.65
1,568,527
746,320
0.006496167
2.51
1,486,947
733,448
0.006344397
2.48
1,467,023
723,818
0.006350543
2.64
1,563,940
751,932
0.006492105
2.59
1,536,463
735,241
0.006358877
2.50
1,478,259
725,607
0.006329033
2.48
1,467,243
725,859
0.006290023
2.64
1,565,461
743,909
0.006453980
2.57
1,519,941
736,892
0.006320336
2.62
1,550,345
740,061
0.006364554
2.49
1,470,745
727,336
0.006320023
2.64
1,560,969
748,027
0.006534605
2.50
1,475,853
727,401
0.006324763
2.61
1,545,831
740,989
0.006381483
2.62
1,549,459
742,311
0.006324087
2.59
1,532,596
743,344
0.006348618
2.49
1,472,775
726,014
0.006333722
2.50
1,481,026
730,239
0.006436430
2.59
1,530,987
738,791
0.006284295
2.61
1,547,111
740,838
0.006353723
2.64
1,561,577
744,155
0.006434295
2.49
1,473,453
729,271
0.006385805
2.62
1,550,335
747,529
0.006414348
2.60
1,541,443
738,180
0.006443775
2.61
1,546,759
740,514
0.006341744
2.50
1,477,265
730,142
0.006349557
2.51
1,482,647
731,699
0.006272943
2.60
1,535,919
736,674
0.006463827
2.61
1,544,471
741,251
0.006473775
2.61
1,543,407
738,772
0.006322995
2.60
1,539,174
740,553
0.006419245
2.49
1,471,441
727,509
0.006330495
2.50
1,478,185
728,817
0.006279089
2.56
1,515,891
733,800
0.006338152
2.62
1,552,759
742,701
0.006324037
2.60
1,537,880
740,607
0.006468047
2.60
1,539,959
740,092
0.006480182
2.49
1,470,707
725,680
0.006390912
2.51
1,482,513
730,431
0.006280704
2.61
1,544,965
737,088
0.006320808
2.50
1,477,719
727,542
0.006305966
2.50
1,480,855
730,069
0.006379142
2.51
1,483,311
732,575
0.006335288
2.57
1,518,865
734,951
0.006370861
2.61
1,546,355
739,358
0.006315705
2.49
1,476,241
727,429
0.006291122
2.48
1,466,851
729,983
0.006278518
2.60
1,537,705
738,616
0.006426903
2.62
1,551,425
741,030
0.006499871
2.60
1,542,409
735,802
0.006313727
2.68
1,569,307
745,948
0.006559038
2.59
1,541,093
740,329
0.006497580
2.64
1,545,127
737,917
0.006505132
2.57
1,522,859
735,714
0.006366903
2.63
1,552,504
743,870
0.006354925
2.52
1,490,187
730,749
0.006312790
2.61
1,546,113
744,635
0.006446956
2.61
1,542,611
740,205
0.006384560
2.60
1,535,549
742,762
0.006432373
2.62
1,549,781
742,632
0.006356748
2.60
1,542,347
740,864
0.006428883
2.97
306,384
166,716
0.009576905
2.62
304,909
166,679
0.004716344
2.59
303,063
166,677
0.004646708
2.58
308,782
166,705
0.005058582
2.47
302,645
166,674
0.003393638
2.60
307,195
166,694
0.006347590
2.51
306,494
166,674
0.006348892
2.59
304,178
166,691
0.004742906
2.47
303,531
166,683
0.004270511
2.59
310,740
166,708
0.005463477
2.49
302,932
166,679
0.003192805
2.65
308,681
166,707
0.006489569
2.49
303,219
166,678
0.003409107
2.48
300,829
166,699
0.003282596
2.58
307,416
166,693
0.004850822
2.49
303,517
166,691
0.003379315
2.50
308,831
166,704
0.006429881
2.56
306,088
166,690
0.004444261
2.51
307,445
166,684
0.006358527
2.69
307,130
166,689
0.006533371
2.67
304,944
166,669
0.006576704
2.46
302,894
166,643
0.003747388
2.56
303,759
166,675
0.004902229
2.49
303,065
166,657
0.003239263
2.51
304,858
166,674
0.006397173
2.63
308,468
166,702
0.006495819
2.49
305,800
166,695
0.003777231
2.59
307,212
166,667
0.005519675
2.59
304,451
166,688
0.004472490
2.48
304,094
166,692
0.003304628
2.51
306,464
166,700
0.006348215
2.60
307,316
166,702
0.005345665
2.56
306,254
166,694
0.005226915
2.47
305,306
166,697
0.002887076
2.57
307,017
166,695
0.004924260
2.60
305,763
166,684
0.006398840
2.52
306,959
166,709
0.006438996
2.60
306,712
166,680
0.005771029
2.62
306,893
166,662
0.006489569
2.55
303,562
166,665
0.004368115
2.63
304,987
166,699
0.004522385
2.64
309,626
166,686
0.006519256
2.51
305,162
166,706
0.006380715
2.58
306,288
166,694
0.005725924
2.66
310,267
166,711
0.006495819
2.69
305,432
166,669
0.006563527
2.63
309,269
166,678
0.006504517
2.62
306,351
166,685
0.005299051
2.53
305,606
166,694
0.006415819
2.67
308,798
166,698
0.006537745
2.61
310,218
166,704
0.005342280
2.54
306,999
166,688
0.004500771
2.48
304,736
166,671
0.002965097
2.63
307,415
166,689
0.006481392
2.52
306,095
166,682
0.006377642
2.65
307,521
166,710
0.006470350
2.65
305,101
166,685
0.006462850
2.49
300,872
166,651
0.004076084
2.59
312,815
166,724
0.005294050
2.60
306,098
166,721
0.005167957
2.50
307,211
166,680
0.006335923
2.60
307,342
166,660
0.005404519
2.49
304,609
166,709
0.003238482
2.58
304,336
166,704
0.004787020
2.58
312,028
166,701
0.005219676
2.49
303,945
166,689
0.004152386
2.54
306,591
166,691
0.006422278
2.61
309,653
166,683
0.006470662
2.64
303,189
166,700
0.002855150
2.49
303,495
166,675
0.004050824
2.65
309,990
166,702
0.006729100
2.63
301,616
166,681
0.002848379
2.62
306,915
166,718
0.005779049
2.51
303,750
166,694
0.006394621
2.60
307,353
166,677
0.006361236
2.49
304,541
166,697
0.003714732
2.60
304,998
166,675
0.004517438
2.64
309,987
166,746
0.005404624
2.61
304,964
166,690
0.004944728
2.59
307,630
166,686
0.005522383
2.52
307,266
166,690
0.006378059
2.57
305,392
166,701
0.004545667
2.59
309,033
166,671
0.005462436
2.63
309,817
166,687
0.006434308
2.60
304,800
166,680
0.005583738
2.50
303,285
166,700
0.003177597
2.66
308,097
166,705
0.006534152
2.52
306,060
166,684
0.006396027
2.49
301,855
166,657
0.003976449
2.50
303,864
166,702
0.003353638
2.59
306,122
166,680
0.005767851
2.56
304,639
166,701
0.004840041
2.59
307,475
166,684
0.005705247
2.53
304,521
166,686
0.006478996
2.61
305,457
166,700
0.005010926
2.62
309,053
166,699
0.006379621
2.66
306,745
166,672
0.006589777
2.64
311,158
166,698
0.006492954
2.66
306,383
166,684
0.006497329
2.52
306,836
166,687
0.006426808
2.62
307,830
166,677
0.006400402
2.49
306,126
166,705
0.003522440
2.49
306,639
166,714
0.003591971
2.70
309,351
166,710
0.006564829
2.48
305,344
166,695
0.003771762
2.51
307,381
166,691
0.006345975
2.63
308,813
166,686
0.005524102
2.47
303,247
166,681
0.004038793
2.59
306,715
166,693
0.005288582
2.49
302,645
166,700
0.003296867
2.49
304,756
166,674
0.003590617
2.51
305,678
166,670
0.006380038
2.67
305,266
166,671
0.006512746
2.47
304,207
166,694
0.004150981
2.61
309,111
166,685
0.005669414
2.57
306,203
166,721
0.004728115
2.50
306,871
166,709
0.006563944
2.50
304,639
166,701
0.006373632
2.59
303,963
166,694
0.004350147
2.47
302,983
166,702
0.003747283
2.57
307,294
166,684
0.005527123
2.48
304,359
166,683
0.004143584
2.49
301,659
166,671
0.003580565
2.52
307,638
166,719
0.006378944
2.56
303,246
166,731
0.004279887
2.56
306,082
166,707
0.003194941
2.63
310,617
166,716
0.005347853
2.59
302,615
166,669
0.004446553
2.61
306,239
166,676
0.004898895
2.52
306,731
166,681
0.006336548
2.58
306,907
166,709
0.004243428
2.60
308,062
166,688
0.005476342
2.61
303,564
166,684
0.004589782
2.56
304,898
166,702
0.005036082
2.57
304,917
166,692
0.004314782
2.51
305,131
166,699
0.006395559
2.63
306,325
166,695
0.006388424
2.58
306,421
166,679
0.004952749
2.49
304,054
166,686
0.004083637
2.49
303,335
166,696
0.003329472
2.62
304,387
166,707
0.004999260
2.51
306,690
166,683
0.006377434
2.58
306,662
166,674
0.005602018
2.60
305,739
166,674
0.006366809
2.50
304,803
166,686
0.002988170
2.66
309,170
166,704
0.006475923
2.62
306,109
166,679
0.006408528
2.67
309,340
166,676
0.006570402
2.68
308,199
166,693
0.006575610
2.48
304,076
166,716
0.003376451
2.60
303,963
166,706
0.004457230
2.64
306,197
166,687
0.006450350
2.66
308,650
166,693
0.006570090
2.52
305,344
166,684
0.006397121
2.66
305,001
166,695
0.006501340
2.66
305,611
166,683
0.006492173
2.63
304,685
166,702
0.004444730
2.63
307,676
166,678
0.006518579
2.50
304,493
166,700
0.003905616
2.51
306,277
166,703
0.006443215
2.60
304,616
166,732
0.004872073
2.62
307,706
166,715
0.005356186
2.63
308,845
166,685
0.006494205
2.48
304,252
166,682
0.003341607
2.66
305,145
166,680
0.006475507
2.51
307,791
166,694
0.006352642
2.59
305,466
166,695
0.005790768
2.60
309,349
166,687
0.005349311
2.65
304,947
166,710
0.006474934
2.50
304,123
166,690
0.003450722
2.70
308,904
166,724
0.006592850
2.48
303,044
166,671
0.003001817
2.57
306,361
166,681
0.005050302
2.61
306,694
166,678
0.006434256
2.62
309,219
166,691
0.005263947
2.49
305,553
166,686
0.004230980
2.64
308,882
166,691
0.006488110
2.52
304,422
166,682
0.006390559
2.65
305,189
166,705
0.006435246
2.48
303,639
166,701
0.003421867
2.59
304,893
166,679
0.005738008
2.62
306,034
166,696
0.005569519
2.62
305,517
166,697
0.004758792
2.52
304,730
166,674
0.006383527
2.63
309,411
166,699
0.005354884
2.50
304,596
166,679
0.003358014
2.60
311,653
166,665
0.005270666
2.57
307,588
166,715
0.004932020
2.60
308,388
166,671
0.005679519
2.52
306,235
166,683
0.006403215
2.66
311,639
166,685
0.006573892
2.49
302,899
166,718
0.003339107
2.49
306,223
166,673
0.003663950
2.62
309,859
166,707
0.005163583
2.68
307,661
166,701
0.006543736
2.51
307,051
166,681
0.006386497
2.61
307,239
166,693
0.006370143
2.61
302,607
166,667
0.004497230
2.62
308,885
166,703
0.006359570
2.48
302,202
166,658
0.003543274
2.65
310,101
166,673
0.006581288
2.63
303,653
166,692
0.004991031
2.49
303,478
166,680
0.003810929
2.56
303,850
166,693
0.004462751
2.65
305,902
166,680
0.006495350
2.56
305,563
166,714
0.005166656
2.62
307,351
166,694
0.006438371
2.51
302,866
166,670
0.006395090
2.63
307,771
166,723
0.005024884
2.48
302,138
166,687
0.003344472
2.50
303,089
166,710
0.003359159
2.63
306,389
166,692
0.005085510
2.62
307,944
166,672
0.006468059
2.52
307,233
166,665
0.006372382
2.49
304,175
166,726
0.003737024
2.61
308,666
166,685
0.006450142
2.47
301,746
166,678
0.004023168
2.49
304,200
166,682
0.003072598
2.65
309,122
166,692
0.006412642
2.52
304,657
166,688
0.006383528
2.55
304,303
166,710
0.004424782
2.61
307,872
166,748
0.005309259
2.49
304,149
166,697
0.003015827
2.47
303,190
166,696
0.003324576
2.63
311,031
166,680
0.005333895
2.52
304,549
166,677
0.006354309
2.49
302,511
166,685
0.003112389
2.49
305,040
166,702
0.003153639
2.58
310,667
166,695
0.005230926
2.63
305,507
166,691
0.006436444
2.58
302,648
166,705
0.004458948
2.49
306,502
166,659
0.003496971
2.58
306,207
166,682
0.005129312
2.66
304,129
166,660
0.006496288
2.59
304,047
166,690
0.004692750
2.48
306,477
166,713
0.003946919
2.48
301,034
166,698
0.003458118
2.53
306,144
166,705
0.006453320
2.47
303,121
166,685
0.004012231
2.58
302,924
166,672
0.004331501
2.55
305,986
166,692
0.004530928
2.61
312,262
166,702
0.005239572
2.63
307,576
166,708
0.006417590
2.51
307,610
166,680
0.006391914
2.61
303,963
166,681
0.004795510
2.59
310,482
166,690
0.005617120
2.50
303,771
166,686
0.002992596
2.63
304,925
166,671
0.002897700
2.48
305,766
166,689
0.003531709
2.52
308,671
166,694
0.006389670
2.57
304,205
166,707
0.004622726
2.64
308,815
166,719
0.006483545
2.47
306,471
166,711
0.004082261
2.48
304,076
166,699
0.003694608
2.48
303,297
166,701
0.003990804
2.52
307,662
166,666
0.006391254
2.62
310,332
166,716
0.005183139
2.60
308,229
166,684
0.005517563
2.49
302,004
166,691
0.003192163
2.57
307,498
166,694
0.004906890
2.61
304,394
166,683
0.006418129
2.53
307,196
166,698
0.006448077
2.49
305,350
166,687
0.002990967
2.61
306,605
166,684
0.005149598
2.48
302,591
166,687
0.003166956
2.68
308,974
166,690
0.006548545
2.64
309,196
166,708
0.005407981
2.51
305,354
166,701
0.006384484
2.58
305,683
166,710
0.005446418
2.58
308,495
166,693
0.005647615
2.47
306,016
166,701
0.003162112
2.61
307,794
166,677
0.006528389
2.62
307,750
166,712
0.005291471
2.49
303,831
166,686
0.004052366
2.50
303,216
166,696
0.006423338
2.49
305,170
166,684
0.003967002
2.69
307,504
166,688
0.006534067
2.49
302,837
166,699
0.004007054
2.62
305,952
166,652
0.006429952
2.57
310,134
166,703
0.005340795
2.65
307,144
166,703
0.006425891
2.60
304,979
166,686
0.005558501
2.51
301,966
166,700
0.003504245
2.65
305,813
166,707
0.006447921
2.68
309,298
166,678
0.006585056
2.52
304,384
166,686
0.006386985
2.50
302,937
166,685
0.003721900
2.63
307,187
166,695
0.006509640
2.63
304,578
166,716
0.004762049
2.60
305,859
166,696
0.004840173
2.49
302,128
166,719
0.003477892
2.51
307,045
166,682
0.006403131
2.68
311,212
166,694
0.006574379
2.50
300,937
166,674
0.003737473
2.60
303,202
166,718
0.004594134
2.66
309,522
166,681
0.006465943
2.59
302,154
166,685
0.004293823
2.51
305,852
166,684
0.006383912
2.62
311,166
166,681
0.006464641
2.47
303,750
166,704
0.004115075
2.49
304,024
166,714
0.004125959
2.58
306,877
166,678
0.005631939
2.50
306,059
166,657
0.003114144
2.51
305,267
166,699
0.006356465
2.56
305,094
166,688
0.004627883
2.63
309,605
166,697
0.006484745
2.58
304,855
166,706
0.004893298
2.62
303,992
166,692
0.005081734
2.55
303,445
166,701
0.004470645
2.52
304,057
166,672
0.006402402
2.60
310,266
166,675
0.005220223
2.49
303,238
166,713
0.003955024
2.48
302,640
166,696
0.003391226
2.56
308,321
166,708
0.004629186
2.66
308,231
166,689
0.006493756
2.52
305,645
166,716
0.006400215
2.64
306,508
166,689
0.005173609
2.59
304,509
166,691
0.004338094
2.61
305,165
166,683
0.005740324
2.55
305,542
166,676
0.004751008
2.60
306,275
166,690
0.005758970
2.49
306,084
166,698
0.006350841
2.65
309,719
166,681
0.006503652
2.59
310,215
166,694
0.005676210
2.50
303,074
166,691
0.003833150
2.60
308,396
166,716
0.005338713
2.59
304,590
166,698
0.004556895
2.51
305,898
166,683
0.006408392
2.62
305,920
166,641
0.006495996
2.60
303,231
166,677
0.004484604
2.50
302,625
166,670
0.003022844
2.60
308,299
166,691
0.005362150
2.62
303,662
166,684
0.004256012
2.53
306,571
166,703
0.006363758
2.48
302,475
166,705
0.003070552
2.66
309,492
166,687
0.006528809
2.58
308,394
166,673
0.005728033
2.58
308,437
166,690
0.005583555
2.63
306,273
166,696
0.004593875
2.53
305,806
166,691
0.006392612
2.67
306,167
166,690
0.006495736
2.48
303,922
166,670
0.004222210
2.59
307,758
166,725
0.005542253
2.55
304,163
166,703
0.004225074
2.60
304,599
166,691
0.004360543
2.51
305,940
166,697
0.006344748
2.61
304,816
166,682
0.006389123
2.56
306,156
166,683
0.004823092
2.67
309,813
166,708
0.006514642
2.60
309,052
166,692
0.005634597
2.48
304,984
166,696
0.004213512
2.51
304,018
166,690
0.006380269
2.58
307,126
166,683
0.005395172
2.59
307,516
166,669
0.005733971
2.55
304,219
166,696
0.004880070
2.49
304,398
166,685
0.003569611
2.49
304,476
166,698
0.003617892
2.51
304,679
166,678
0.006389071
2.59
308,889
166,706
0.005708763
2.47
301,873
166,664
0.003738933
2.61
304,817
166,659
0.006418498
2.51
304,838
166,694
0.003770859
2.57
307,363
166,699
0.005089288
2.52
304,413
166,686
0.006445945
2.67
308,823
166,717
0.006545789
2.61
308,615
166,696
0.005636264
2.57
306,372
166,699
0.004742259
2.50
304,636
166,714
0.003116489
2.66
307,131
166,678
0.006553497
2.50
306,968
166,698
0.006342145
2.48
301,689
166,679
0.004150024
2.56
304,709
166,685
0.004992362
2.51
305,303
166,683
0.003028573
2.68
307,283
166,676
0.006544956
2.65
305,897
166,690
0.006425061
2.67
306,470
166,695
0.006505685
2.52
304,921
166,677
0.006403550
2.60
307,670
166,700
0.005395641
2.51
304,072
166,662
0.003656225
2.63
306,415
166,659
0.006449644
2.48
305,057
166,700
0.003723047
2.61
306,165
166,699
0.006419020
2.53
306,372
166,688
0.006372144
2.47
301,394
166,694
0.004235544
2.64
307,002
166,666
0.006505634
2.56
306,314
166,696
0.004990331
2.47
303,756
166,682
0.003345186
2.63
308,308
166,671
0.006484436
2.50
305,384
166,702
0.006425477
2.60
304,376
166,690
0.004546845
2.49
304,243
166,695
0.003170135
2.59
305,885
166,651
0.005011893
2.48
301,629
166,694
0.003911224
2.49
307,127
166,675
0.003500185
2.52
305,524
166,670
0.006377562
2.63
307,361
166,679
0.005461839
2.59
305,849
166,708
0.004332784
2.51
306,451
166,683
0.006390895
2.64
307,937
166,683
0.005230174
2.48
304,110
166,692
0.004041588
2.60
306,347
166,686
0.005390902
2.49
304,620
166,710
0.003317478
2.57
311,287
166,677
0.005138195
2.56
304,670
166,720
0.004688979
2.59
307,536
166,691
0.005716525
2.58
305,328
166,707
0.004416325
2.52
305,293
166,689
0.006384021
2.65
305,906
166,676
0.006498864
2.57
307,255
166,713
0.005112883
2.48
302,621
166,702
0.002957845
2.62
305,739
166,684
0.005415120
2.60
308,576
166,708
0.004774448
2.51
307,200
166,698
0.006367614
2.61
309,722
166,716
0.005376996
2.47
304,159
166,674
0.003179614
2.61
304,509
166,682
0.006392407
2.57
303,223
166,703
0.004480387
2.49
303,755
166,685
0.004056484
2.52
307,973
166,693
0.006389750
2.64
305,269
166,682
0.006500374
2.56
308,400
166,677
0.005542464
2.59
307,487
166,698
0.005551109
2.63
308,010
166,718
0.006484593
2.65
308,708
166,680
0.006528968
2.53
307,363
166,674
0.006380219
2.50
306,094
166,667
0.003023365
2.62
304,594
166,687
0.006407250
2.50
305,626
166,684
0.003384353
2.56
303,742
166,721
0.004244868
2.58
305,815
166,699
0.005344913
2.58
304,968
166,692
0.006411417
2.59
307,312
166,699
0.005270227
2.49
302,587
166,703
0.003082116
2.63
309,847
166,689
0.005343872
2.54
306,166
166,699
0.004184973
2.63
304,750
166,691
0.006428813
2.53
305,489
166,682
0.006415323
2.67
306,506
166,685
0.006577041
2.48
304,001
166,675
0.003497895
2.51
305,789
166,706
0.003367010
2.62
309,560
166,726
0.006516781
2.47
304,556
166,689
0.004083776
2.51
305,455
166,700
0.006379386
2.58
306,614
166,674
0.005703714
2.49
303,422
166,682
0.003473155
2.49
302,655
166,691
0.003471332
2.64
304,485
166,704
0.002857065
2.56
305,921
166,699
0.005038458
2.53
304,578
166,683
0.006389751
2.55
306,317
166,691
0.005681162
2.57
306,703
166,701
0.004672210
2.67
308,060
166,683
0.006573813
2.64
308,383
166,685
0.006542563
2.58
306,475
166,700
0.005161999
2.52
304,392
166,704
0.006384334
2.65
311,737
166,703
0.006508032
2.64
308,186
166,693
0.006502876
2.61
306,932
166,683
0.005543350
2.66
307,134
166,674
0.006521469
2.69
307,928
166,690
0.006614385
2.52
306,105
166,690
0.006394856
2.46
302,834
166,680
0.004180912
2.54
304,226
166,681
0.004561429
2.49
304,736
166,693
0.003748518
2.59
305,281
166,665
0.005498715
2.69
308,873
166,701
0.006546625
2.59
309,498
166,690
0.005763402
2.48
303,905
166,681
0.004179765
2.68
306,607
166,702
0.006566469
2.66
305,898
166,678
0.006580428
2.62
309,474
166,672
0.006477772
2.48
302,532
166,690
0.002890034
2.51
304,270
166,675
0.006393606
2.64
309,533
166,688
0.006510845
2.57
306,502
166,681
0.005582517
2.48
303,839
166,685
0.004066954
2.47
303,041
166,690
0.004280911
2.61
307,806
166,753
0.005241530
2.52
305,173
166,697
0.006382095
2.59
301,961
166,670
0.004312474
2.69
311,735
166,701
0.006589803
2.61
307,978
166,700
0.004711272
2.48
301,543
166,680
0.003991069
2.59
306,768
166,693
0.005182780
2.52
306,859
166,690
0.006417669
2.61
304,654
166,666
0.006471887
2.63
307,795
166,705
0.004783877
2.60
312,095
166,674
0.005721371
2.62
306,008
166,694
0.004304192
2.61
307,183
166,698
0.004936740
2.52
308,084
166,697
0.006365273
2.64
309,361
166,690
0.006477929
2.62
309,255
166,635
0.006541209
2.48
303,710
166,699
0.004193881
2.55
305,308
166,697
0.004326953
2.49
305,431
166,674
0.002908888
2.70
309,164
166,665
0.006607251
2.62
306,532
166,671
0.006451003
2.66
306,389
166,699
0.006551783
2.60
306,120
166,674
0.006489543
2.51
306,587
166,681
0.006308411
2.47
306,425
166,698
0.004087847
2.62
310,140
166,689
0.006406796
2.60
304,328
166,685
0.004555710
2.48
303,620
166,685
0.002890249
2.61
306,335
166,698
0.005418988
2.52
304,942
166,685
0.006355962
2.59
305,242
166,687
0.004861958
2.60
308,789
166,678
0.005315811
2.49
305,040
166,685
0.003098268
2.49
304,657
166,700
0.003814880
2.65
310,640
166,719
0.005147686
2.51
305,670
166,687
0.006369869
2.62
306,745
166,701
0.004791594
2.46
304,050
166,662
0.004002275
2.50
304,664
166,680
0.004104097
2.56
302,350
166,671
0.004444878
2.67
309,737
166,684
0.006556535
2.51
303,213
166,688
0.006348306
2.63
308,079
166,685
0.005294145
2.48
305,629
166,689
0.002976342
2.61
310,664
166,670
0.005326176
2.55
304,543
166,696
0.004324045
2.52
303,160
166,679
0.003993213
2.51
306,424
166,708
0.006357994
2.66
304,731
166,702
0.006459348
2.58
308,366
166,673
0.005591226
2.60
305,209
166,659
0.004634407
2.51
302,992
166,685
0.003055040
2.64
308,394
166,742
0.006451431
2.50
305,406
166,645
0.006330911
2.65
305,998
166,688
0.006412577
2.67
305,946
166,677
0.006433567
2.59
304,888
166,681
0.005481695
2.58
307,345
166,693
0.005116697
2.48
308,052
166,701
0.003034622
2.52
305,302
166,683
0.006330755
2.52
302,267
166,690
0.003521548
2.61
305,004
166,708
0.004850240
2.49
303,422
166,691
0.003166601
2.50
305,281
166,701
0.002949884
2.61
308,083
166,705
0.005596695
2.52
305,770
166,679
0.006376327
2.50
303,305
166,655
0.003543110
2.49
302,940
166,675
0.003322955
2.66
304,577
166,687
0.006550962
2.54
303,690
166,683
0.004446492
2.67
308,703
166,692
0.006518462
2.51
306,964
166,674
0.006351379
2.59
307,898
166,675
0.005116385
2.56
304,270
166,696
0.004389721
2.64
306,625
166,701
0.006464712
2.62
303,633
166,682
0.004839615
2.52
303,660
166,721
0.003075769
2.51
305,775
166,679
0.006328775
2.62
307,784
166,704
0.005143989
2.59
306,280
166,663
0.005571695
2.59
305,563
166,692
0.004350763
2.50
303,324
166,702
0.002937228
2.68
306,899
166,702
0.006477420
2.50
305,903
166,681
0.006354504
2.49
303,109
166,673
0.003539985
2.62
306,215
166,710
0.005211697
2.59
305,629
166,690
0.006376067
2.65
307,557
166,693
0.006489191
2.50
305,221
166,667
0.003779307
2.50
304,802
166,684
0.006347733
2.62
311,301
166,682
0.005235239
2.58
309,076
166,707
0.005664820
2.57
305,198
166,688
0.004726907
2.65
304,504
166,685
0.002854467
2.59
307,821
166,674
0.005553623
2.53
305,591
166,711
0.006334869
2.66
304,496
166,656
0.006497576
2.68
306,384
166,679
0.006523879
2.50
303,832
166,683
0.003064206
2.62
305,197
166,700
0.006445025
2.49
301,074
166,663
0.002963113
2.59
304,497
166,683
0.004689408
2.50
305,072
166,680
0.006339297
2.60
305,905
166,672
0.004904250
2.61
307,232
166,698
0.004755605
2.55
304,681
166,704
0.004256232
2.61
306,260
166,683
0.006379556
2.60
307,109
166,680
0.005214405
2.51
308,243
166,687
0.006334765
2.64
307,950
166,676
0.005816850
2.48
303,913
166,679
0.003498579
2.62
308,728
166,686
0.006449452
2.62
309,906
166,673
0.006519192
2.61
304,254
166,686
0.004962323
2.50
306,266
166,667
0.006344505
2.61
302,502
166,685
0.004577949
2.65
307,206
166,676
0.006442941
2.51
302,555
166,676
0.003859098
2.62
308,182
166,703
0.006455703
2.66
306,683
166,691
0.006457837
2.52
304,164
166,688
0.006360807
2.63
306,593
166,674
0.006495025
2.50
304,505
166,693
0.002903842
2.61
307,849
166,701
0.005663987
2.63
310,078
166,667
0.006515754
2.64
307,065
166,689
0.005182061
2.66
307,032
166,694
0.006576691
2.59
306,852
166,725
0.005375290
2.64
311,109
166,683
0.005476540
2.49
307,519
166,702
0.003287122
2.71
309,401
166,718
0.006626847
2.64
309,376
166,687
0.006484400
2.52
303,881
166,713
0.006371171
2.55
304,674
166,662
0.004452481
2.67
307,534
166,653
0.006463983
2.48
302,690
166,673
0.004081910
2.61
309,394
166,691
0.006451848
2.48
302,607
166,650
0.003027070
2.55
306,463
166,680
0.006371797
2.69
309,192
166,659
0.006511743
2.59
308,493
166,667
0.005309822
2.62
305,477
166,695
0.005746382
2.46
301,910
166,707
0.004003004
2.60
306,376
166,696
0.005282322
2.55
308,347
166,674
0.006386431
2.57
305,597
166,699
0.004636178
2.65
308,420
166,718
0.006458463
2.64
308,811
166,689
0.006526743
2.60
302,827
166,673
0.002844102
2.61
308,193
166,670
0.005137635
2.53
304,544
166,694
0.006348307
2.63
306,665
166,674
0.006446952
2.63
305,897
166,686
0.002833946
2.65
309,572
166,702
0.006474139
2.66
303,782
166,687
0.006423255
2.63
308,286
166,689
0.006425025
2.58
306,975
166,711
0.004480137
2.48
304,218
166,696
0.003513736
2.59
306,621
166,695
0.005394508
2.70
307,629
166,716
0.006579503
2.48
304,955
166,670
0.003999150
2.57
306,428
166,716
0.005695705
2.52
309,397
166,683
0.006364244
2.61
310,201
166,710
0.005661695
2.50
304,951
166,672
0.002916290
2.63
308,070
166,662
0.006465025
2.58
309,983
166,699
0.005124926
2.60
305,865
166,687
0.005388467
2.51
303,398
166,696
0.006372994
2.59
306,911
166,709
0.004901646
2.65
304,478
166,678
0.006453255
2.61
304,788
166,683
0.006383932
2.59
312,870
166,711
0.005283050
2.49
304,573
166,692
0.003256757
2.49
304,845
166,716
0.002988373
2.60
306,190
166,711
0.005153520
2.50
304,448
166,703
0.003426340
2.58
308,416
166,689
0.005662060
2.58
305,246
166,690
0.004380867
2.65
305,716
166,699
0.006483723
2.52
304,230
166,687
0.006333932
2.57
306,425
166,662
0.005637216
2.48
303,687
166,707
0.003961025
2.60
306,365
166,713
0.004820865
2.48
305,261
166,675
0.003213945
2.64
309,437
166,702
0.006505233
2.47
303,980
166,662
0.002953946
2.68
309,234
166,694
0.006572629
2.56
303,868
166,710
0.004887167
2.49
303,351
166,676
0.003361965
2.59
305,280
166,659
0.004497690
2.49
303,359
166,697
0.003973629
2.51
305,344
166,653
0.006335651
2.70
308,078
166,689
0.006527265
2.59
305,556
166,690
0.005707216
2.61
304,852
166,683
0.004678001
2.49
303,787
166,677
0.002903686
2.52
303,241
166,691
0.003131445
2.49
304,859
166,678
0.006335703
2.61
305,478
166,665
0.004418628
2.67
306,998
166,661
0.006522525
2.67
306,107
166,685
0.006511796
2.58
304,612
166,679
0.005099666
2.50
303,388
166,662
0.003187382
2.52
306,289
166,690
0.006362734
2.59
306,902
166,692
0.005118520
2.60
308,491
166,679
0.005751851
2.67
308,108
166,663
0.006556379
2.59
303,091
166,699
0.004460450
2.48
303,753
166,689
0.004095139
2.51
305,624
166,675
0.006355442
2.68
308,458
166,687
0.006480806
2.56
303,149
166,697
0.004651282
2.60
304,978
166,696
0.006359088
2.65
303,395
166,681
0.002820509
2.60
302,858
166,688
0.004514356
2.59
306,109
166,702
0.005552216
2.53
307,051
166,691
0.006350911
2.47
302,928
166,693
0.003284049
2.66
307,493
166,665
0.006454661
2.66
309,100
166,704
0.006475442
2.58
302,717
166,690
0.004560971
2.59
306,018
166,722
0.005164249
2.52
307,185
166,682
0.006356327
2.59
309,454
166,696
0.005339145
2.60
304,449
166,692
0.004602793
2.48
301,732
166,682
0.003596027
2.63
306,761
166,669
0.004842740
2.63
308,007
166,682
0.006404244
2.53
306,868
166,699
0.006367942
2.63
306,944
166,705
0.006468724
2.50
304,193
166,703
0.003220924
2.60
308,694
166,718
0.005591331
2.62
309,176
166,705
0.005562842
2.49
303,699
166,694
0.003354934
2.51
304,049
166,712
0.006347005
2.59
307,093
166,677
0.005404822
2.60
306,802
166,652
0.006381380
2.48
302,633
166,680
0.004046493
2.60
306,015
166,676
0.006356588
2.61
308,867
166,686
0.005617894
2.60
308,923
166,694
0.005315499
2.49
302,661
166,684
0.004200972
2.47
305,128
166,689
0.003092018
2.60
303,981
166,687
0.004876334
2.60
308,215
166,689
0.005657685
2.46
304,294
166,659
0.003249206
2.51
304,199
166,675
0.006434088
2.68
305,892
166,689
0.006561014
2.50
305,024
166,692
0.002917435
2.64
311,468
166,697
0.005397373
2.67
304,133
166,676
0.006512420
2.63
310,811
166,675
0.006463359
2.52
307,714
166,729
0.006368516
2.62
307,606
166,663
0.006463932
2.60
306,594
166,688
0.006426067
2.62
307,838
166,704
0.004872063
2.70
307,438
166,706
0.006536796
2.62
307,642
166,684
0.006405546
2.62
308,555
166,659
0.006478098
2.53
305,132
166,681
0.006353775
2.56
304,196
166,663
0.004619408
2.49
303,158
166,706
0.003148007
2.61
306,972
166,703
0.004923834
2.64
307,096
166,682
0.006438254
2.67
306,778
166,688
0.006492213
2.62
305,071
166,711
0.002849103
2.57
302,526
166,699
0.004326545
2.48
302,962
166,676
0.003271393
2.60
308,984
166,725
0.005702476
2.67
307,315
166,702
0.006489660
2.58
305,430
166,687
0.004295242
2.54
306,871
166,709
0.006386015
2.64
307,000
166,657
0.006509609
2.58
307,233
166,683
0.005126020
2.69
308,249
166,676
0.006518410
2.62
303,856
166,683
0.004833626
2.50
302,527
166,660
0.003610349
2.55
305,476
166,667
0.006382629
2.57
306,737
166,714
0.004611855
2.63
306,016
166,678
0.004824251
2.63
304,166
166,665
0.006435962
2.48
301,306
166,680
0.004111233
2.50
304,572
166,701
0.003192956
2.50
306,464
166,665
0.006356744
2.69
308,695
166,713
0.006544816
2.49
305,300
166,691
0.003526964
2.50
305,164
166,693
0.003742797
2.61
307,484
166,682
0.005702320
2.57
305,376
166,691
0.004541856
2.54
307,606
166,713
0.006383099
2.67
306,328
166,669
0.006516483
2.60
307,530
166,686
0.005362842
2.49
304,000
166,662
0.004255451
2.63
310,271
166,715
0.005377061
2.56
304,896
166,666
0.004379096
2.54
307,111
166,649
0.006433828
2.61
306,900
166,721
0.005024562
2.49
304,952
166,678
0.003842849
2.56
304,300
166,710
0.004974771
2.49
303,827
166,672
0.003213164
2.50
304,487
166,673
0.002965665
2.53
308,018
166,695
0.006375234
2.59
309,188
166,711
0.005223312
2.51
303,649
166,698
0.003036550
2.50
303,340
166,692
0.002915197
2.61
307,834
166,679
0.004877324
2.49
303,544
166,711
0.003732120
2.52
303,008
166,712
0.006356745
2.59
302,149
166,692
0.002858999
2.64
308,245
166,679
0.006468203
2.60
304,658
166,680
0.006383255
2.57
304,619
166,711
0.004320867
2.64
305,574
166,681
0.006389192
2.63
304,476
166,701
0.005009406
2.52
305,488
166,696
0.006362526
2.63
308,198
166,702
0.006417577
2.60
307,131
166,667
0.005009094
2.64
305,273
166,673
0.006494973
2.50
308,108
166,707
0.006454452
2.61
305,980
166,689
0.006366797
2.50
306,691
166,696
0.003261653
2.50
304,801
166,671
0.006366275
2.61
303,764
166,656
0.006360339
2.50
304,316
166,687
0.003999723
2.60
305,890
166,685
0.006372474
2.57
305,030
166,718
0.004332691
2.65
305,432
166,668
0.006438880
2.61
307,950
166,714
0.005195135
2.53
305,400
166,685
0.006386067
2.49
303,477
166,687
0.003019259
2.60
305,328
166,693
0.004830084
2.48
304,554
166,696
0.004226910
2.62
304,425
166,703
0.006429660
2.49
303,606
166,650
0.004061337
2.48
302,676
166,702
0.003051237
2.51
307,629
166,699
0.006332369
2.68
310,750
166,675
0.006590649
2.47
304,903
166,703
0.003898578
2.57
307,696
166,681
0.005241177
2.51
305,249
166,689
0.003314466
2.49
303,653
166,694
0.003323320
2.53
306,212
166,670
0.006354870
2.49
302,340
166,670
0.003299934
2.49
304,948
166,684
0.003763006
2.56
306,004
166,692
0.004815553
2.65
306,670
166,692
0.006398828
2.49
304,750
166,690
0.002961863
2.58
305,183
166,668
0.005600342
2.50
303,251
166,691
0.003142748
2.59
304,993
166,700
0.004945500
2.66
308,506
166,683
0.005408988
2.57
309,225
166,682
0.005108521
2.49
304,069
166,683
0.003804151
2.51
304,150
166,688
0.006375494
2.66
306,489
166,703
0.006496119
2.69
306,075
166,698
0.006576223
2.48
303,439
166,721
0.003836130
2.61
303,645
166,691
0.004393471
2.50
304,476
166,700
0.003420038
2.55
308,016
166,694
0.006401015
2.64
303,746
166,691
0.004990501
2.67
306,202
166,680
0.006478776
2.62
307,435
166,683
0.004872063
2.69
305,454
166,669
0.006627628
2.67
303,998
166,694
0.004949250
2.54
307,407
166,718
0.006374661
2.58
307,308
166,680
0.005038209
2.51
306,236
166,692
0.006484088
2.58
305,426
166,711
0.005061854
2.46
303,333
166,681
0.003949255
2.62
308,634
166,685
0.006464921
2.53
306,711
166,679
0.006372161
2.60
303,824
166,691
0.002866186
2.58
307,362
166,669
0.005359718
2.57
305,790
166,692
0.005041802
2.66
309,906
166,698
0.006481588
2.58
311,067
166,674
0.005270134
2.53
307,031
166,683
0.006369192
2.62
306,759
166,670
0.005518310
2.62
307,239
166,706
0.004620501
2.50
304,963
166,697
0.003628735
2.57
304,067
166,698
0.004833574
2.50
305,016
166,682
0.003349100
2.52
303,706
166,691
0.006360442
2.59
310,279
166,679
0.005372165
2.49
304,223
166,701
0.003876807
2.64
303,879
166,693
0.006437369
2.69
310,167
166,712
0.006546171
2.49
304,102
166,682
0.004158680
2.53
306,907
166,693
0.006391223
2.63
308,676
166,686
0.006537941
2.49
301,548
166,691
0.003728318
2.49
305,092
166,698
0.003985973
2.57
305,211
166,683
0.005512789
2.49
303,792
166,730
0.003974932
2.52
304,233
166,718
0.006383411
2.66
307,964
166,662
0.006493567
2.65
307,088
166,680
0.006505337
2.60
305,820
166,682
0.005421592
2.49
303,420
166,677
0.003733839
2.47
304,720
166,697
0.003129466
2.53
305,316
166,692
0.006362786
2.67
310,627
166,730
0.005415446
2.51
302,694
166,678
0.003675245
2.49
305,071
166,701
0.003300872
2.48
302,399
166,677
0.003175143
2.60
304,272
166,707
0.004907740
2.52
305,396
166,678
0.006361432
2.68
305,034
166,667
0.006562577
2.49
303,060
166,685
0.003470507
2.50
305,351
166,719
0.003090248
2.49
304,894
166,682
0.003416965
2.61
309,814
166,697
0.006443307
2.53
305,475
166,665
0.006380234
2.61
306,798
166,668
0.006390755
2.59
303,505
166,712
0.004278264
2.47
303,788
166,687
0.003966858
2.57
307,440
166,691
0.005693675
2.48
302,413
166,687
0.003397590
2.52
305,312
166,696
0.006371015
2.69
309,818
166,718
0.006584920
2.65
304,106
166,667
0.006503619
2.62
304,352
166,683
0.006393724
2.61
307,584
166,672
0.006471692
2.49
302,509
166,689
0.003254361
2.53
309,131
166,680
0.006376068
2.62
304,612
166,686
0.004715657
2.48
302,925
166,673
0.003539985
2.49
303,512
166,687
0.004105400
2.58
306,912
166,693
0.005185447
2.58
306,965
166,689
0.005106907
2.51
303,717
166,663
0.006332735
2.62
304,886
166,677
0.004589148
2.49
303,774
166,665
0.003981338
2.69
308,847
166,706
0.006596015
2.53
303,560
166,679
0.004327170
2.50
305,419
166,703
0.003610193
2.51
306,321
166,685
0.006355547
2.59
306,580
166,691
0.005586070
2.49
304,542
166,708
0.003483423
2.60
303,820
166,676
0.004730136
2.66
305,175
166,696
0.006442161
2.49
304,414
166,675
0.003197070
2.48
302,882
166,670
0.004133056
2.58
306,131
166,689
0.004378160
2.50
304,779
166,698
0.003227383
2.66
306,661
166,655
0.006478410
2.61
305,930
166,669
0.005511279
2.60
305,036
166,685
0.004692950
2.51
303,486
166,666
0.006343203
2.67
308,244
166,701
0.006473672
2.57
305,698
166,693
0.005696122
2.49
303,984
166,691
0.003371653
2.58
309,055
166,692
0.005136854
2.54
305,010
166,673
0.004624408
2.50
306,594
166,721
0.006350443
2.56
306,570
166,678
0.004980709
2.59
303,866
166,685
0.004277743
2.49
304,352
166,657
0.003338008
2.67
306,737
166,684
0.006513307
2.57
306,738
166,700
0.004630815
2.56
306,700
166,670
0.006393932
2.65
306,029
166,715
0.006457995
2.69
310,878
166,696
0.006571067
2.57
306,761
166,675
0.004594096
2.57
305,330
166,690
0.004917272
2.60
306,048
166,681
0.005130500
2.51
304,347
166,666
0.006341536
2.62
312,378
166,706
0.006512109
2.51
304,777
166,667
0.003288528
2.62
304,935
166,673
0.005434613
2.65
311,654
166,701
0.005388675
2.61
303,598
166,703
0.004309357
2.52
306,178
166,692
0.006365703
2.56
305,638
166,702
0.004882115
2.48
304,576
166,698
0.004126129
2.57
309,276
166,695
0.005576175
2.50
303,731
166,666
0.003547173
2.48
302,286
166,707
0.003335403
2.51
306,378
166,676
0.006379245
2.64
310,264
166,682
0.006485130
2.47
305,293
166,687
0.003692902
2.56
304,011
166,703
0.004464982
2.62
304,639
166,644
0.006469140
2.63
306,833
166,696
0.005193312
2.52
308,440
166,696
0.006337786
2.63
308,183
166,681
0.005573102
2.66
305,532
166,648
0.006496900
2.49
306,927
166,709
0.006470599
2.48
304,659
166,712
0.003355507
2.61
305,861
166,679
0.006382734
2.49
305,708
166,673
0.003632433
2.50
304,963
166,691
0.003198060
2.63
307,846
166,665
0.006442890
2.49
303,638
166,662
0.003421809
2.50
303,942
166,676
0.002922071
2.69
309,822
166,691
0.006567316
2.68
308,922
166,678
0.006576796
2.51
304,745
166,714
0.004012588
2.58
312,198
166,706
0.005353363
2.69
305,998
166,682
0.006482317
2.49
305,118
166,695
0.003515298
2.49
302,719
166,691
0.002898946
2.51
308,099
166,731
0.006352161
2.58
307,042
166,644
0.005314040
2.64
306,084
166,665
0.006428307
2.50
303,120
166,676
0.003261236
2.59
309,765
166,713
0.005506227
2.48
302,463
166,678
0.002889676
2.61
307,382
166,659
0.006498619
2.51
304,895
166,694
0.006351641
2.49
303,637
166,698
0.003996703
2.59
307,707
166,694
0.005103781
2.65
306,849
166,683
0.006461536
2.63
304,900
166,691
0.004917167
2.48
303,094
166,688
0.003310664
2.53
305,751
166,681
0.006374922
2.61
309,477
166,707
0.006498984
2.48
303,324
166,687
0.003534725
2.49
302,774
166,662
0.003363840
2.62
304,515
166,674
0.006410547
2.64
310,195
166,666
0.006475858
