1.89
1,866,009
744,510
0.004553533
1.77
1,743,812
726,332
0.004620304
1.76
1,745,115
725,652
0.004687492
1.85
1,824,545
736,343
0.004646346
1.86
1,828,497
737,228
0.004557596
1.80
1,768,718
728,825
0.004649887
1.84
1,812,009
735,418
0.004549991
1.79
1,759,381
723,363
0.004690981
1.89
1,864,691
740,002
0.004580200
1.88
1,853,762
739,731
0.004541502
1.79
1,765,531
729,405
0.004686450
1.80
1,766,724
722,232
0.004607543
1.88
1,849,315
741,674
0.004569107
1.87
1,840,517
739,857
0.004588898
1.84
1,809,879
735,412
0.004595930
1.78
1,757,100
728,017
0.004759939
1.79
1,759,314
729,651
0.004608377
1.88
1,848,983
739,667
0.004581502
1.79
1,755,604
729,718
0.004635305
1.87
1,840,607
734,367
0.004590356
1.99
1,963,819
756,262
0.004666814
1.87
1,846,121
741,138
0.004616815
1.78
1,752,380
730,177
0.004698637
1.79
1,757,269
728,757
0.004703168
1.77
1,745,481
724,070
0.004580096
1.89
1,860,745
741,501
0.004563898
1.87
1,840,359
741,871
0.004622023
1.78
1,755,526
724,731
0.004618690
1.79
1,764,923
728,390
0.004713273
1.80
1,771,156
727,459
0.004624888
1.89
1,864,823
740,833
0.004584002
1.77
1,742,720
728,671
0.004572649
1.77
1,746,756
724,862
0.004691398
1.87
1,845,082
737,304
0.004557909
1.86
1,832,749
742,631
0.004544992
1.89
1,864,133
743,478
0.004659003
1.87
1,844,440
735,893
0.004573169
1.78
1,755,293
726,495
0.004604731
1.90
1,873,613
745,128
0.004610929
1.88
1,850,473
737,590
0.004649054
1.88
1,851,505
739,324
0.004569263
1.87
1,840,999
742,823
0.004548899
1.78
1,748,797
725,296
0.004650773
1.78
1,746,185
725,348
0.004534367
1.87
1,845,297
739,284
0.004562284
1.78
1,756,629
725,116
0.004639211
1.88
1,853,169
744,989
0.004565409
1.79
1,756,327
728,420
0.004704158
1.77
1,745,553
720,601
0.004615721
1.85
1,818,383
733,907
0.004573586
1.85
1,824,703
738,472
0.004570409
1.76
1,731,736
722,268
0.004549679
1.85
1,825,796
734,787
0.004531763
1.80
1,767,026
730,647
0.004651815
1.91
1,880,482
743,535
0.004565774
1.89
1,858,341
744,709
0.004645357
1.79
1,761,042
727,464
0.004665201
1.89
1,857,423
743,876
0.004604211
1.87
1,843,879
738,038
0.004540096
1.87
1,842,567
738,163
0.004638430
1.78
1,748,407
721,684
0.004585461
1.88
1,857,133
739,373
0.004601503
1.89
1,864,559
739,124
0.004602700
1.76
1,733,275
722,150
0.004629159
1.78
1,749,209
726,973
0.004662284
1.86
1,829,423
735,130
0.004576607
1.85
1,824,899
736,758
0.004586087
1.87
1,844,689
735,713
0.004570253
1.76
1,738,331
724,056
0.004700096
1.89
1,863,337
734,719
0.004607388
1.86
1,833,768
735,719
0.004558274
1.86
1,829,353
737,224
0.004549420
1.85
1,817,684
734,379
0.004505305
1.79
1,760,441
726,299
0.004646503
1.77
1,745,507
730,254
0.004530877
1.89
1,858,209
747,811
0.004634055
1.78
1,748,389
726,392
0.004623847
1.90
1,870,228
740,103
0.004577857
1.87
1,838,089
741,372
0.004619888
1.77
1,746,371
727,444
0.004617649
1.87
1,840,484
737,889
0.004568170
1.90
1,874,175
744,665
0.004605826
1.78
1,749,801
726,914
0.004603221
1.87
1,841,719
736,545
0.004580358
1.91
1,877,973
745,745
0.004613326
1.88
1,854,509
742,354
0.004617492
1.87
1,842,941
737,886
0.004564576
1.89
1,864,413
749,027
0.004594107
1.85
1,821,278
730,980
0.004518587
1.87
1,844,125
740,196
0.004628534
1.80
1,768,640
731,500
0.004725253
1.88
1,848,319
737,670
0.004586659
1.87
1,844,254
737,946
0.004646295
1.78
1,752,252
728,181
0.004605097
1.78
1,748,913
722,722
0.004632128
1.79
1,761,705
725,299
0.004702388
1.87
1,844,224
737,191
0.004592649
1.86
1,837,787
736,711
0.004579576
1.89
1,859,713
740,230
0.004582285
1.88
1,848,910
736,688
0.004584732
1.80
1,769,267
729,520
0.004675461
1.78
1,754,819
726,706
0.004651972
1.78
1,750,452
728,038
0.004654055
1.88
1,848,117
740,627
0.004587544
1.86
1,829,691
733,939
0.004572909
1.86
1,836,887
739,657
0.004534107
1.88
1,855,397
741,585
0.004613899
1.78
1,754,488
727,781
0.004671868
1.78
1,751,019
721,258
0.004547284
1.88
1,846,227
739,404
0.004626712
1.86
1,833,323
738,310
0.004613899
1.88
1,852,176
740,240
0.004594993
1.85
1,825,389
735,029
0.004612806
1.88
1,849,111
739,619
0.004559263
1.88
1,847,669
738,705
0.004582701
1.87
1,842,134
741,056
0.004552805
1.85
1,819,804
729,306
0.004554160
1.86
1,834,830
741,034
0.004565461
1.85
1,821,785
736,155
0.004612493
1.86
1,833,105
736,472
0.004547545
1.77
1,739,855
723,613
0.004619629
1.90
1,868,633
740,198
0.004579524
1.79
1,758,799
729,564
0.004716763
1.77
1,747,059
725,666
0.004594993
1.88
1,847,251
735,607
0.004611555
1.84
1,813,005
730,084
0.004557597
1.88
1,856,323
742,502
0.004580930
1.87
1,842,079
733,063
0.004597388
1.89
1,863,661
740,156
0.004575879
1.78
1,754,903
720,834
0.004614159
1.79
1,760,743
728,669
0.004564420
1.89
1,857,007
741,376
0.004619211
1.85
1,816,783
736,014
0.004549056
1.78
1,749,590
725,619
0.004666347
1.79
1,761,841
730,246
0.004619733
1.90
1,871,731
745,675
0.004572493
1.78
1,746,819
724,896
0.004636243
1.79
1,761,495
727,289
0.004599629
1.87
1,839,115
740,253
0.004642285
1.80
1,768,348
732,257
0.004685514
1.89
1,857,845
737,174
0.004594159
1.77
1,749,191
727,633
0.004666712
1.91
1,876,329
741,931
0.004596920
1.79
1,756,856
727,578
0.004597545
1.87
1,842,426
739,658
0.004570982
1.89
1,865,820
742,821
0.004602493
1.79
1,760,236
731,887
0.004601347
1.77
1,742,617
724,786
0.004638691
1.79
1,762,013
729,195
0.004618379
1.80
1,771,801
725,767
0.004569472
1.90
1,871,015
737,800
0.004571920
1.88
1,850,792
738,568
0.004575931
1.86
1,829,519
738,376
0.004611712
1.76
1,739,315
725,372
0.004707285
1.91
1,879,337
744,558
0.004610566
1.85
1,826,687
731,910
0.004586400
1.78
1,753,303
728,277
0.004679055
1.88
1,856,033
736,809
0.004610045
1.90
1,871,897
738,169
0.004592441
1.85
1,826,528
741,211
0.004540253
1.87
1,844,947
738,398
0.004576972
1.84
1,813,033
729,620
0.004604629
1.88
1,846,160
739,796
0.004553482
1.79
1,762,292
727,715
0.004680982
1.79
1,761,431
728,618
0.004562702
1.89
1,864,941
735,905
0.004575046
1.79
1,765,037
730,763
0.004648743
1.85
1,824,637
737,495
0.004556035
1.88
1,848,085
740,800
0.004564421
1.89
1,866,125
731,985
0.004656399
1.79
1,766,829
732,702
0.004665201
1.87
1,846,333
733,432
0.004610931
1.89
1,861,541
740,754
0.004587232
1.90
1,870,799
738,788
0.004587962
1.87
1,840,433
742,739
0.004622909
1.86
1,828,289
737,247
0.004561452
1.88
1,849,401
740,282
0.004666555
1.85
1,826,863
738,147
0.004625306
1.80
1,774,617
733,552
0.004610409
1.88
1,858,215
735,906
0.004604212
1.88
1,855,065
736,528
0.004572181
1.86
1,837,080
730,566
0.004571035
1.87
1,839,541
739,569
0.004564003
1.90
1,867,808
749,035
0.004578223
1.88
1,847,472
739,650
0.004641712
1.79
1,770,829
732,942
0.004746555
1.95
1,897,628
747,865
0.004694003
1.77
1,744,634
721,694
0.004607494
1.91
1,877,645
738,147
0.004608066
1.88
1,854,535
736,534
0.004600254
1.88
1,854,345
743,060
0.004631191
1.80
1,768,742
731,481
0.004672441
1.86
1,830,182
736,515
0.004618692
1.89
1,857,356
742,357
0.004590879
1.79
1,764,927
727,719
0.004700514
1.79
1,773,571
733,683
0.004651607
1.88
1,848,046
734,378
0.004558431
1.88
1,849,549
739,650
0.004582337
1.81
1,781,605
733,412
0.004686452
1.90
1,874,422
740,783
0.004602389
1.79
1,762,497
731,365
0.004641451
1.78
1,751,939
726,766
0.004616608
1.80
1,774,193
731,615
0.004712753
1.89
1,864,307
737,807
0.004586764
1.75
1,724,382
720,660
0.004610618
1.87
1,839,129
733,719
0.004619577
1.87
1,843,883
741,234
0.004555358
1.78
1,751,027
734,188
0.004665775
1.87
1,841,375
732,622
0.004541243
1.87
1,840,645
735,050
0.004661920
1.79
1,767,890
733,387
0.004735409
1.89
1,862,187
738,719
0.004601920
1.87
1,843,322
734,965
0.004553900
1.87
1,840,210
738,063
0.004588118
1.79
1,755,045
728,697
0.004672024
1.80
1,769,845
733,812
0.004591556
1.79
1,756,019
726,049
0.004585254
1.79
1,760,837
728,361
0.004643066
1.91
1,876,701
743,072
0.004599525
1.78
1,753,774
727,439
0.004645618
1.79
1,767,899
734,935
0.004716555
1.79
1,761,105
725,343
0.004577806
1.87
1,843,375
740,687
0.004566661
1.90
1,867,622
749,814
0.004581712
1.79
1,761,139
727,095
0.004669472
1.89
1,862,938
736,732
0.004577493
1.89
1,862,934
746,067
0.004591087
1.79
1,757,573
720,686
0.004767077
1.86
1,836,191
742,363
0.004568848
1.86
1,832,547
734,054
0.004575931
1.87
1,838,771
738,480
0.004587754
1.79
1,760,710
732,345
0.004672180
1.79
1,763,479
727,776
0.004682753
1.89
1,861,347
737,602
0.004601973
1.85
1,822,375
735,803
0.004567702
1.78
1,745,773
724,691
0.004646608
1.89
1,862,705
742,536
0.004588900
1.79
1,764,873
730,559
0.004657858
1.79
1,763,629
738,699
0.004662493
1.89
1,861,043
741,845
0.004588223
1.89
1,865,795
742,108
0.004589212
1.92
1,878,584
742,181
0.004604316
1.88
1,852,437
745,119
0.004575931
1.87
1,842,893
735,544
0.004570045
1.86
1,831,732
739,535
0.004568170
1.77
1,736,605
724,358
0.004550150
1.79
1,758,163
732,515
0.004633119
1.86
1,834,363
736,776
0.004588483
1.87
1,839,335
741,307
0.004607286
1.89
1,858,117
735,297
0.004560098
1.84
1,812,709
733,371
0.004574160
1.78
1,746,784
723,967
0.004556657
1.79
1,770,410
731,193
0.004690615
1.81
1,772,402
730,899
0.004542229
1.86
1,830,837
737,675
0.004538844
1.76
1,735,733
722,921
0.004611473
1.89
1,861,021
733,727
0.004605795
1.78
1,752,263
728,066
0.004553660
1.78
1,749,512
729,717
0.004569858
1.88
1,854,122
736,870
0.004585379
1.88
1,847,253
740,485
0.004658086
1.78
1,753,739
727,165
0.004547619
1.81
1,782,241
731,126
0.004616785
1.90
1,868,211
740,645
0.004570535
1.87
1,838,223
737,239
0.004522150
1.90
1,869,478
740,526
0.004602619
1.83
1,798,097
733,268
0.004640066
1.80
1,769,404
730,137
0.004611785
1.77
1,742,203
723,802
0.004594493
1.78
1,747,090
726,917
0.004628452
1.89
1,859,925
745,813
0.004569077
1.89
1,861,669
744,233
0.004574338
1.87
1,843,326
737,293
0.004551317
1.78
1,751,549
725,048
0.004647358
1.85
1,819,681
738,892
0.004573400
1.88
1,847,337
733,321
0.004574234
1.86
1,834,113
737,018
0.004561995
1.87
1,841,917
741,602
0.004549287
1.78
1,746,547
725,641
0.004546943
1.89
1,866,033
738,448
0.004577723
1.92
1,866,125
739,039
0.001440457
1.87
1,841,539
740,338
0.004583088
1.77
1,742,192
729,855
0.004573297
1.85
1,821,939
734,384
0.004555225
1.78
1,749,133
727,286
0.004659182
1.79
1,755,413
727,800
0.004592203
1.90
1,857,737
746,785
0.004588557
1.87
1,838,172
741,368
0.004543506
1.78
1,754,465
725,189
0.004646473
1.87
1,841,032
736,665
0.004556215
1.85
1,820,975
739,091
0.004600537
1.84
1,811,131
728,992
0.004528402
1.91
1,884,995
750,407
0.004646787
1.78
1,755,553
725,419
0.004630277
1.89
1,864,244
739,792
0.004563246
1.79
1,767,253
728,957
0.004702828
1.78
1,746,995
726,900
0.004675589
1.78
1,752,939
724,829
0.004635850
1.86
1,831,877
735,262
0.004588038
1.77
1,740,389
721,654
0.004592048
1.81
1,784,761
731,086
0.004603142
1.87
1,840,381
737,884
0.004594131
1.79
1,762,463
728,787
0.004693818
1.89
1,857,041
738,452
0.004563663
1.89
1,860,407
740,114
0.004583142
1.79
1,761,776
729,336
0.004677204
1.87
1,840,097
741,276
0.004578350
1.87
1,840,462
735,259
0.004550539
1.90
1,874,489
746,608
0.004638454
1.94
1,882,363
739,768
0.004690329
1.88
1,849,785
740,601
0.004573143
1.88
1,850,295
740,676
0.004588455
1.78
1,753,732
725,491
0.004616631
1.77
1,746,375
724,710
0.004636632
1.79
1,773,097
731,426
0.004713766
1.87
1,843,347
735,607
0.004558195
1.78
1,749,100
725,824
0.004610018
1.92
1,891,084
741,736
0.004652257
1.86
1,826,780
733,532
0.004512623
1.77
1,744,407
727,707
0.004645173
1.78
1,754,257
728,606
0.004619862
1.87
1,841,565
736,096
0.004607570
1.84
1,815,215
740,016
0.004568664
1.77
1,740,945
724,270
0.004575696
1.91
1,883,605
740,814
0.004621112
1.78
1,754,588
727,041
0.004656997
1.79
1,765,577
730,345
0.004643403
1.81
1,778,348
740,324
0.004627466
1.80
1,773,118
731,822
0.004691945
1.80
1,770,479
731,816
0.004715851
1.89
1,858,246
744,875
0.004619810
1.89
1,861,929
739,991
0.004585957
1.88
1,847,789
742,491
0.004570904
1.78
1,751,535
728,131
0.004663403
1.79
1,763,430
730,105
0.004657309
1.87
1,841,128
739,689
0.004585383
1.88
1,847,446
739,979
0.004554811
1.78
1,752,695
725,387
0.004669601
1.90
1,871,087
749,397
0.004615696
1.81
1,781,906
731,457
0.004606477
1.89
1,856,076
737,938
0.004580176
1.85
1,818,797
739,433
0.004594133
1.77
1,742,963
723,927
0.004622310
1.77
1,743,767
722,374
0.004593665
1.79
1,757,984
727,133
0.004584655
1.90
1,866,205
738,255
0.004584290
1.78
1,751,889
728,838
0.004600280
1.78
1,752,704
728,422
0.004614655
1.79
1,755,822
727,336
0.004552988
1.95
1,893,650
746,144
0.004747570
1.79
1,763,543
730,569
0.004687051
1.78
1,749,721
726,978
0.004558092
1.96
1,907,298
746,807
0.004717519
1.88
1,848,417
742,313
0.004650280
1.81
1,779,197
731,020
0.004657936
1.85
1,825,214
730,005
0.004558665
1.78
1,755,097
726,997
0.004723508
1.86
1,829,128
736,278
0.004571791
1.88
1,854,741
743,557
0.004586114
1.88
1,847,919
744,198
0.004608926
1.88
1,849,315
729,858
0.004550541
1.78
1,752,694
721,482
0.004683040
1.79
1,763,335
730,020
0.004615593
1.85
1,823,411
731,605
0.004553094
1.83
1,801,597
729,284
0.004525073
1.87
1,844,295
735,925
0.004593927
1.78
1,746,753
727,258
0.004645020
1.90
1,874,537
744,210
0.004588927
1.83
1,801,835
733,554
0.004741582
1.77
1,742,627
725,185
0.004676634
1.78
1,748,075
726,375
0.004645385
1.79
1,757,459
726,306
0.004606479
1.85
1,825,119
734,868
0.004578771
1.78
1,753,133
724,490
0.004646531
1.93
1,882,135
746,686
0.004671947
1.88
1,849,485
742,363
0.004569136
1.89
1,863,055
735,996
0.004623146
1.86
1,830,883
735,075
0.004601376
1.87
1,836,281
741,301
0.004637416
1.88
1,848,681
738,121
0.004572261
1.79
1,759,597
727,677
0.004684500
1.78
1,750,464
726,413
0.004662365
1.89
1,863,983
742,146
0.004597313
1.79
1,763,703
724,734
0.004618979
1.78
1,753,645
726,966
0.004652729
1.79
1,765,049
724,187
0.004569970
1.87
1,840,483
741,175
0.004632208
1.77
1,737,531
718,960
0.004644812
1.78
1,748,310
721,868
0.004577313
1.91
1,885,123
738,555
0.004648823
1.86
1,828,949
741,895
0.004570386
1.78
1,747,481
724,386
0.004621636
1.78
1,750,395
725,573
0.004698355
1.87
1,841,793
738,172
0.004575074
1.87
1,845,377
742,211
0.004640751
1.76
1,735,035
723,367
0.004643146
1.90
1,872,181
737,740
0.004618719
1.79
1,758,987
723,227
0.004685439
1.78
1,754,144
726,823
0.004659032
1.78
1,751,679
725,681
0.004554971
1.88
1,852,721
738,613
0.004651324
1.89
1,863,979
746,381
0.004661584
1.78
1,753,319
729,385
0.004650647
1.92
1,886,934
742,785
0.004666480
1.89
1,858,443
739,809
0.004599345
1.88
1,855,761
743,258
0.004613720
1.87
1,840,565
739,738
0.004603200
1.79
1,762,206
730,064
0.004626168
1.84
1,814,325
734,598
0.004579866
1.79
1,761,521
727,887
0.004629294
1.88
1,851,217
744,968
0.004601793
1.90
1,865,079
739,543
0.004585908
1.89
1,865,844
747,470
0.004649136
1.90
1,870,549
742,384
0.004597471
1.88
1,849,323
738,457
0.004583148
1.86
1,828,732
740,344
0.004591272
1.84
1,814,121
735,062
0.004591897
1.79
1,765,775
726,843
0.004586690
1.81
1,784,537
736,438
0.004648148
1.91
1,881,152
740,729
0.004595857
1.86
1,829,971
740,772
0.004539138
1.79
1,765,291
728,810
0.004651065
1.80
1,772,394
733,259
0.004589398
1.87
1,841,415
742,494
0.004548356
1.79
1,761,249
727,251
0.004670231
1.88
1,851,139
738,765
0.004561065
1.81
1,781,221
733,393
0.004697367
1.91
1,886,777
742,342
0.004613617
1.86
1,827,133
733,828
0.004571846
1.89
1,864,872
738,508
0.004599450
1.87
1,844,053
738,071
0.004590856
1.79
1,764,993
732,182
0.004679242
1.79
1,760,612
730,164
0.004660805
1.91
1,883,091
746,294
0.004648044
1.86
1,834,049
733,465
0.004618982
1.88
1,854,100
734,953
0.004617263
1.80
1,773,741
730,551
0.004630544
1.81
1,775,753
735,740
0.004701221
1.83
1,804,765
730,724
0.004619243
1.87
1,836,692
742,566
0.004579503
1.78
1,750,664
725,134
0.004645336
1.87
1,844,147
736,926
0.004592472
1.90
1,875,105
740,777
0.004600284
1.78
1,755,251
721,435
0.004724971
1.87
1,837,577
736,732
0.004545857
1.81
1,773,267
729,284
0.004563358
1.86
1,828,861
739,145
0.004593305
1.85
1,824,111
731,693
0.004544816
1.78
1,753,193
726,414
0.004682784
1.91
1,884,011
740,109
0.004645910
1.90
1,870,239
742,000
0.004613826
1.95
1,892,678
744,283
0.004709035
1.76
1,744,045
720,337
0.004722315
1.80
1,776,549
726,523
0.004631743
1.90
1,876,329
751,597
0.004670128
1.88
1,849,762
743,035
0.004587160
1.91
1,880,941
743,876
0.004600545
1.77
1,746,681
721,117
0.004657055
1.89
1,860,632
743,916
0.004623358
1.86
1,834,967
738,877
0.004580598
1.88
1,856,800
741,880
0.004609296
1.85
1,821,707
733,149
0.004578306
1.81
1,778,763
733,600
0.004687628
1.90
1,875,604
745,285
0.004617681
1.90
1,867,945
739,863
0.004611535
1.86
1,830,194
732,795
0.004572057
1.86
1,833,779
746,229
0.004600181
1.79
1,757,523
727,225
0.004561171
1.89
1,860,577
745,321
0.004597421
1.88
1,851,543
736,767
0.004546276
1.79
1,760,941
731,708
0.004639295
1.79
1,765,107
735,033
0.004652472
1.90
1,868,387
739,246
0.004612578
1.79
1,765,499
728,117
0.004718410
1.79
1,763,447
735,416
0.004615858
1.78
1,754,702
727,961
0.004567109
1.88
1,852,565
736,660
0.004595026
1.85
1,824,193
736,321
0.004634087
1.89
1,855,992
737,979
0.004591901
1.75
1,731,709
720,510
0.004712525
1.89
1,865,141
739,576
0.004585234
1.85
1,821,577
729,638
0.004631328
1.79
1,759,631
725,444
0.004676327
1.77
1,744,137
727,110
0.004621744
1.87
1,841,323
738,991
0.004579765
1.80
1,775,817
730,643
0.004760650
1.87
1,839,818
735,434
0.004577422
1.78
1,748,349
728,667
0.004693254
1.91
1,877,959
741,289
0.004614922
1.78
1,749,571
727,458
0.004617266
1.79
1,762,507
730,886
0.004679348
1.80
1,770,001
724,274
0.004661328
1.88
1,851,283
735,233
0.004575756
1.85
1,823,735
727,229
0.004538777
1.79
1,764,815
732,550
0.004674765
1.91
1,881,909
747,732
0.004598620
1.88
1,854,789
735,017
0.004563516
1.89
1,859,234
737,296
0.004604558
1.86
1,834,202
735,903
0.004538360
1.86
1,837,515
736,511
0.004523621
