2.09
2,052,079
743,375
0.004951118
1.99
1,967,881
729,756
0.005084087
1.93
1,902,051
727,449
0.004962889
2.00
1,971,524
733,119
0.004946848
2.07
2,035,137
746,722
0.005051222
2.04
2,003,321
734,665
0.004921587
1.94
1,904,221
733,295
0.004967056
2.08
2,049,813
745,813
0.004952316
2.10
2,033,974
740,507
0.005005650
2.05
2,018,383
741,006
0.004943410
2.10
2,040,592
745,788
0.005030649
2.05
2,017,587
747,160
0.004970493
2.07
2,035,143
741,816
0.004977472
1.92
1,884,607
721,721
0.004980910
2.07
2,034,917
735,520
0.004947837
1.92
1,896,600
734,283
0.005102993
2.04
2,004,349
736,035
0.005019295
1.92
1,882,635
726,525
0.004956223
2.01
1,975,561
732,293
0.004944192
1.95
1,923,449
738,648
0.005103305
1.93
1,898,689
721,975
0.005012733
2.05
2,022,313
736,217
0.004945337
2.05
2,015,128
741,191
0.004955754
2.08
2,015,255
739,537
0.005111170
2.05
2,014,221
737,514
0.004920754
1.90
1,872,037
720,629
0.004906171
1.94
1,904,091
726,966
0.004934452
1.94
1,904,431
729,276
0.005039452
2.07
2,036,153
737,439
0.004961692
1.92
1,885,151
723,223
0.005029973
1.92
1,886,869
725,318
0.005024608
2.02
1,984,873
739,952
0.005036848
1.91
1,878,175
719,512
0.004953203
1.91
1,883,261
722,918
0.005055805
2.07
2,044,893
749,139
0.005002109
2.09
2,060,927
744,033
0.004955963
1.93
1,889,557
727,460
0.005047004
1.90
1,874,521
725,378
0.005031014
1.99
1,955,014
730,855
0.004962734
2.04
2,005,213
743,825
0.004923203
1.91
1,876,749
725,330
0.005003358
1.93
1,894,767
724,851
0.005016223
2.06
2,030,879
742,465
0.004921172
2.05
2,019,179
735,395
0.004921015
1.98
1,949,947
729,615
0.004923150
2.02
1,986,030
731,320
0.004866379
2.03
2,000,713
738,149
0.004946327
2.03
1,996,621
743,057
0.004926848
2.07
2,013,599
732,787
0.004977838
2.08
2,045,559
737,373
0.004972525
2.04
2,013,797
741,588
0.004905495
1.94
1,902,523
727,532
0.005017212
1.95
1,914,597
735,071
0.004942421
1.93
1,894,131
724,829
0.005011639
1.92
1,889,475
725,531
0.004969973
2.02
1,990,649
738,467
0.005061014
2.09
2,056,007
739,741
0.004983151
1.93
1,898,397
729,897
0.005060962
1.92
1,885,085
725,213
0.004969348
1.95
1,914,657
728,793
0.004910025
1.92
1,880,559
722,823
0.004920026
2.05
2,019,213
744,133
0.005075649
1.90
1,865,525
718,689
0.005015129
2.07
2,033,175
739,316
0.004947942
2.05
2,015,640
738,381
0.004920807
2.06
2,032,817
743,936
0.004928515
1.95
1,920,330
733,435
0.004944453
1.94
1,906,749
729,770
0.005126431
1.92
1,891,265
730,038
0.005064348
1.93
1,891,143
726,566
0.005069868
2.07
2,033,381
734,226
0.004946901
1.92
1,893,759
727,067
0.005085754
1.93
1,894,539
723,670
0.004968880
1.94
1,913,619
731,553
0.005088254
1.92
1,887,411
725,737
0.005079244
1.93
1,896,027
727,246
0.004985182
2.08
2,024,115
743,254
0.005027265
2.08
2,051,915
740,698
0.004976328
2.00
1,970,553
733,919
0.005006380
1.92
1,883,719
723,328
0.005042838
1.93
1,903,359
728,451
0.005065025
1.92
1,889,510
727,518
0.004942579
2.05
2,015,577
743,331
0.005076379
2.08
2,047,593
754,045
0.004975443
2.11
2,075,743
747,775
0.005003203
2.03
1,996,771
737,991
0.005049869
1.93
1,897,877
726,515
0.004954453
1.93
1,892,623
724,279
0.004944818
2.00
1,965,799
732,011
0.004954401
1.93
1,900,791
724,020
0.004954661
1.93
1,905,251
728,715
0.005051536
2.07
2,039,006
740,009
0.004946328
1.92
1,885,932
727,055
0.004918515
1.92
1,888,737
725,859
0.004918880
1.92
1,885,727
728,175
0.005071640
1.93
1,893,507
723,469
0.005012214
1.93
1,900,089
726,527
0.005021796
1.91
1,880,795
725,764
0.004959505
2.08
2,045,961
742,754
0.004972526
1.92
1,890,305
729,951
0.005002057
1.94
1,900,665
729,222
0.004989818
2.04
2,004,081
738,953
0.004963933
2.02
1,980,089
734,044
0.005088359
1.93
1,898,555
731,016
0.004998360
1.91
1,877,893
721,619
0.004970390
2.08
2,043,099
737,786
0.004986693
2.06
2,033,233
737,489
0.004968099
1.93
1,892,930
729,025
0.005056068
1.93
1,895,500
730,870
0.005045859
1.93
1,895,023
728,623
0.004890339
1.92
1,883,827
727,908
0.005024557
1.94
1,904,133
727,081
0.005073672
2.08
2,042,823
740,904
0.004962214
1.89
1,871,191
724,754
0.005147890
1.93
1,892,407
726,880
0.004954141
1.91
1,890,625
725,600
0.005053828
1.92
1,884,749
720,516
0.005065130
2.02
1,990,645
735,068
0.004994974
2.01
1,975,157
732,289
0.004979974
2.09
2,056,359
741,392
0.005002578
2.05
2,015,260
740,504
0.004975027
1.91
1,890,793
725,651
0.005091536
1.91
1,878,461
720,234
0.004930131
1.92
1,886,517
726,239
0.005043568
2.05
2,020,942
732,091
0.004961120
2.03
1,999,933
739,838
0.004952005
2.08
2,052,229
737,858
0.004959923
2.01
1,980,325
742,896
0.004951954
2.02
1,990,325
736,490
0.004934766
2.02
1,988,373
735,112
0.004938412
2.09
2,030,508
739,232
0.005062943
1.92
1,885,947
726,600
0.004972110
1.92
1,886,247
726,995
0.005092631
2.10
2,070,081
741,975
0.004978933
2.04
2,005,285
741,978
0.004969766
2.08
2,044,695
749,539
0.005032526
1.91
1,878,989
726,950
0.004997631
1.92
1,884,625
722,358
0.004939193
1.94
1,906,155
726,995
0.004943048
2.03
2,000,835
743,777
0.004960027
2.07
2,037,149
738,133
0.004950860
2.05
2,013,627
739,348
0.004943881
1.95
1,920,611
735,965
0.005057995
2.01
1,976,479
734,379
0.004941172
2.03
2,002,149
742,382
0.004987995
1.92
1,886,116
720,670
0.005066849
1.92
1,884,039
727,651
0.004934715
2.08
2,045,449
735,354
0.005014297
1.92
1,888,119
726,927
0.004960808
1.92
1,886,515
725,018
0.004930131
1.93
1,894,349
725,177
0.004966172
1.94
1,902,985
729,932
0.005048881
2.04
2,010,367
743,438
0.005021173
2.10
2,046,716
742,623
0.005104870
2.08
2,045,955
740,474
0.004947058
2.02
1,983,855
738,052
0.004934611
1.91
1,878,137
725,251
0.005075495
1.93
1,900,897
728,101
0.005085651
1.91
1,882,230
721,745
0.004934819
2.04
2,011,179
748,818
0.005004871
2.10
2,033,166
745,527
0.005024245
2.09
2,055,313
741,181
0.004986641
1.92
1,890,167
724,853
0.005029350
2.03
2,001,029
738,266
0.005125703
2.02
1,988,889
733,054
0.004879194
2.10
2,043,355
745,034
0.005062526
2.07
2,014,243
735,698
0.005008360
1.92
1,890,875
729,511
0.005006902
2.07
2,033,565
735,597
0.004964350
2.05
2,021,327
743,372
0.004986225
2.01
1,978,300
735,292
0.004946954
1.92
1,890,201
726,895
0.005081225
1.93
1,898,001
726,438
0.005044923
1.95
1,922,022
734,234
0.004985391
1.92
1,888,149
724,631
0.004952839
2.07
2,039,673
741,147
0.004949819
1.92
1,882,333
726,064
0.004994923
2.02
1,990,399
740,200
0.004962007
1.96
1,913,711
728,250
0.004954090
1.91
1,877,659
727,374
0.004933360
2.04
2,005,477
736,992
0.004941329
2.10
2,040,242
741,828
0.005047162
2.07
2,041,693
736,235
0.004953985
2.02
1,989,893
736,052
0.004936277
1.92
1,885,359
727,361
0.004917632
1.92
1,888,221
726,397
0.004967684
1.94
1,904,805
726,923
0.005095235
1.93
1,893,089
731,300
0.005076537
1.91
1,876,917
727,207
0.005047684
2.06
2,027,932
731,195
0.004940496
1.91
1,877,811
724,656
0.004985444
1.93
1,895,931
732,997
0.005019298
1.95
1,917,977
734,794
0.004957788
1.93
1,902,875
729,857
0.005064819
1.93
1,892,157
725,610
0.004968882
1.91
1,880,349
727,646
0.004933517
2.13
2,099,097
752,425
0.005020392
2.06
2,028,579
741,680
0.005052840
1.93
1,894,168
732,468
0.005048361
1.94
1,908,971
730,934
0.005094923
1.93
1,901,147
724,270
0.005057527
1.91
1,884,649
722,179
0.005032215
2.02
1,990,636
736,588
0.004927372
2.08
2,044,503
742,187
0.004960080
1.94
1,904,869
727,102
0.005008361
1.93
1,900,497
725,500
0.004984194
1.92
1,882,057
720,954
0.005010288
1.91
1,886,974
726,535
0.005088152
1.93
1,892,633
725,381
0.004929559
1.93
1,895,581
726,795
0.004984767
2.07
2,038,035
737,451
0.004973934
2.10
2,038,081
749,152
0.005085236
2.05
2,013,547
740,427
0.004970809
2.11
2,052,195
745,097
0.005082579
2.04
2,007,427
735,277
0.004924715
2.03
1,998,633
746,570
0.004966174
2.04
2,008,029
736,120
0.004912841
2.08
2,049,361
740,397
0.004960965
2.03
2,000,455
740,502
0.004972788
1.93
1,894,133
729,141
0.004994663
1.91
1,876,657
724,683
0.005022684
1.94
1,906,867
724,315
0.005107319
1.95
1,912,749
731,593
0.005050757
1.92
1,895,429
728,637
0.005057528
2.05
2,017,127
735,646
0.004939924
2.08
2,024,810
734,155
0.005058101
2.01
1,981,235
739,536
0.004987893
1.93
1,898,289
728,573
0.005054663
2.04
2,005,999
741,101
0.005037371
1.92
1,889,092
726,796
0.004963934
1.94
1,907,540
725,282
0.004990600
2.06
2,026,631
739,523
0.004959924
1.90
1,870,729
720,264
0.005003673
1.93
1,893,755
728,055
0.005084246
1.93
1,893,539
723,255
0.005051121
2.01
1,976,283
737,809
0.004922945
2.03
2,000,576
743,233
0.005029507
1.93
1,898,635
732,469
0.005090861
2.09
2,057,555
739,373
0.004957424
2.08
2,025,000
741,568
0.005005653
1.91
1,879,275
724,507
0.004992164
1.99
1,959,557
729,258
0.005036278
2.10
2,041,422
741,028
0.005032267
2.09
2,034,960
741,736
0.005036903
2.02
1,992,013
737,745
0.004913830
2.07
2,034,237
740,100
0.004981383
2.04
2,009,231
736,729
0.004962528
2.03
1,993,853
736,800
0.004922372
2.03
1,997,317
738,087
0.004965549
2.03
1,997,735
740,965
0.005017632
1.95
1,910,471
726,407
0.005251277
2.12
2,067,875
749,584
0.005088986
2.08
2,050,045
735,805
0.005000862
1.91
1,882,829
724,999
0.005087840
1.94
1,902,089
727,527
0.004946070
1.95
1,911,995
731,790
0.005050705
2.10
2,029,007
746,841
0.005118100
2.10
2,036,979
740,799
0.005057996
2.12
2,064,374
742,973
0.005100079
2.08
2,047,413
739,425
0.004992840
1.94
1,902,136
724,629
0.005002112
1.93
1,894,315
725,870
0.004979403
1.92
1,887,865
726,822
0.004985340
2.01
1,975,669
718,313
0.005177475
2.05
2,016,306
742,319
0.004978414
1.93
1,901,487
729,114
0.004990861
2.07
2,040,169
739,500
0.004965706
2.05
2,014,061
739,796
0.004972372
2.07
2,041,271
742,486
0.004958571
1.95
1,913,405
726,555
0.004927841
1.91
1,888,365
725,589
0.005113986
1.93
1,897,535
728,897
0.004909091
2.00
1,968,411
732,400
0.004948206
2.06
2,025,185
738,263
0.004989872
2.01
1,975,945
733,872
0.004977685
2.04
2,006,589
741,394
0.004954039
2.04
2,005,469
748,323
0.004954820
1.91
1,872,852
721,822
0.004942268
1.94
1,904,419
727,138
0.004979664
2.04
2,010,813
741,858
0.004952060
2.06
2,026,199
734,251
0.004954820
2.03
2,001,847
740,112
0.004981591
2.02
1,991,415
737,585
0.005013883
2.01
1,978,207
736,890
0.004942372
2.05
2,017,735
740,361
0.004974091
2.05
2,016,123
741,554
0.004982059
2.03
2,000,977
734,714
0.004967789
2.07
2,038,533
741,563
0.004951227
2.01
1,975,482
732,552
0.004948519
1.94
1,909,987
730,391
0.005123518
1.92
1,893,171
729,670
0.005112841
1.95
1,914,133
732,942
0.005016330
2.03
1,995,497
739,641
0.005212215
2.03
1,992,851
736,655
0.005057633
2.07
2,042,243
738,266
0.004979612
2.03
1,998,403
741,355
0.005029508
2.02
1,987,137
736,907
0.004970758
2.00
1,966,793
734,784
0.004973623
2.02
1,983,497
727,607
0.004943571
2.04
2,004,887
738,909
0.005016695
1.91
1,873,065
720,263
0.005057008
2.07
2,036,691
738,393
0.004970706
2.05
2,017,617
739,269
0.005054039
2.05
2,016,069
741,637
0.005034612
2.03
1,995,949
739,142
0.005129612
1.91
1,879,581
725,802
0.004927737
1.91
1,880,921
723,773
0.005029924
1.90
1,869,989
722,236
0.004976383
2.07
2,040,619
736,123
0.004999820
2.01
1,973,707
731,012
0.005002164
2.04
2,002,014
740,304
0.005000602
1.93
1,894,321
728,861
0.005025185
1.93
1,897,337
726,886
0.004968675
1.93
1,898,539
725,739
0.005071538
1.94
1,905,995
734,362
0.005035810
2.06
2,031,665
739,198
0.004962894
2.03
2,000,317
739,466
0.004951748
1.95
1,917,208
727,764
0.005071070
1.92
1,890,539
722,496
0.004974456
1.92
1,888,541
730,856
0.005108778
2.02
1,989,437
744,123
0.004960602
2.00
1,967,291
732,008
0.005012842
2.08
2,043,823
738,274
0.004964143
2.07
2,038,661
744,925
0.005114612
2.09
2,031,283
741,314
0.005027164
2.02
1,988,239
736,740
0.004944925
2.02
1,985,070
738,672
0.005041903
2.07
2,033,887
744,357
0.004932738
2.06
2,030,321
747,125
0.005035863
2.07
2,037,591
735,632
0.004998362
2.04
2,009,375
735,201
0.004953831
1.92
1,895,961
729,362
0.005118987
1.93
1,899,135
727,105
0.004990289
2.01
1,977,595
734,284
0.004996435
1.92
1,889,073
727,609
0.005007894
1.92
1,883,763
723,976
0.004937582
2.08
2,044,225
739,465
0.004972686
1.92
1,882,813
726,699
0.005096123
1.93
1,897,112
730,845
0.005033206
1.95
1,917,845
735,405
0.005094143
2.06
2,023,586
738,461
0.004929873
2.04
2,006,559
737,229
0.004919092
1.92
1,884,391
726,385
0.005005133
2.06
2,029,017
733,393
0.004960082
2.10
2,034,966
742,283
0.005150028
1.93
1,893,589
724,137
0.004935862
1.95
1,915,215
734,698
0.005178883
1.93
1,895,389
727,535
0.005050706
1.95
1,912,331
728,622
0.004997478
1.93
1,897,269
725,274
0.005026592
2.08
2,053,021
740,984
0.005020498
2.09
2,030,321
739,777
0.005042425
2.03
1,997,236
744,594
0.004997790
1.93
1,894,949
726,699
0.004975654
1.93
1,896,645
732,046
0.005009196
1.93
1,897,897
729,308
0.005014560
1.92
1,881,891
723,778
0.004997790
2.08
2,046,957
738,159
0.004973362
1.91
1,875,973
724,155
0.004959874
2.03
1,996,715
738,759
0.004940394
2.03
2,007,747
740,571
0.005079821
2.05
2,015,527
740,259
0.005061696
1.92
1,894,102
731,166
0.005080185
2.01
1,981,375
739,184
0.004935238
2.06
2,031,423
738,498
0.004952738
2.05
2,015,848
737,899
0.005061227
2.04
2,005,819
739,369
0.005090290
1.94
1,902,171
728,369
0.005088727
1.93
1,897,438
726,041
0.005075550
1.91
1,879,969
727,666
0.005065290
1.94
1,905,487
733,396
0.005074768
2.07
2,039,393
742,178
0.004969196
2.05
2,017,859
744,849
0.004951696
2.02
1,988,133
731,801
0.004931019
2.04
2,001,309
742,139
0.005087060
1.98
1,959,155
730,811
0.005030811
2.01
1,974,317
738,430
0.005015133
1.90
1,870,193
722,118
0.005066591
2.06
2,028,297
743,571
0.004943727
2.05
2,016,305
739,561
0.004935394
2.04
2,008,619
735,970
0.004960863
2.10
2,044,647
741,914
0.005061696
2.02
1,989,791
737,464
0.005100029
1.91
1,879,327
724,517
0.005029613
1.94
1,909,862
725,499
0.005005394
2.07
2,035,938
739,384
0.004967426
1.92
1,888,363
727,630
0.005001853
1.92
1,884,093
722,147
0.004985394
2.08
2,025,848
740,092
0.005024978
2.00
1,965,645
733,376
0.004919978
1.92
1,887,229
727,915
0.004934925
2.05
2,017,035
739,711
0.004965863
2.05
2,019,031
739,411
0.004943259
1.92
1,889,857
723,841
0.005108154
2.03
1,999,956
739,405
0.004920082
1.96
1,922,269
734,635
0.005060186
1.91
1,880,013
721,345
0.005000707
1.91
1,874,888
723,316
0.004941853
1.93
1,895,959
733,172
0.004963833
2.09
2,060,987
737,094
0.004985134
1.92
1,888,987
724,607
0.004987165
1.93
1,895,353
724,910
0.005048258
1.92
1,882,739
724,162
0.005015082
1.91
1,875,519
721,620
0.005077738
1.95
1,914,437
728,098
0.005080446
2.02
1,986,651
736,699
0.004941905
2.09
2,051,517
741,238
0.004963885
1.94
1,902,911
733,719
0.005078415
2.09
2,028,796
737,371
0.005005342
1.92
1,888,249
725,358
0.005023623
1.92
1,881,773
728,546
0.004954562
1.93
1,899,534
724,859
0.005001227
1.92
1,890,397
727,607
0.005033102
2.07
2,033,939
736,521
0.004937270
2.02
1,985,327
740,771
0.004977947
2.03
1,998,115
738,548
0.004994509
2.00
1,966,891
738,215
0.004987738
1.93
1,894,297
724,369
0.004922895
1.94
1,903,635
730,465
0.005052999
2.02
1,990,265
743,368
0.005057894
2.08
2,044,487
737,459
0.004956801
2.03
1,999,627
739,232
0.004931801
2.08
2,026,294
739,098
0.005050863
1.92
1,882,811
723,665
0.004991801
1.92
1,885,695
724,500
0.004988781
1.94
1,906,965
735,654
0.004974874
1.94
1,902,061
729,623
0.004978989
2.07
2,036,527
741,812
0.004954145
1.94
1,903,153
729,005
0.005110134
2.03
1,992,002
736,221
0.005081540
1.92
1,882,479
728,883
0.005058988
2.08
2,028,367
738,686
0.005038103
2.04
2,004,749
737,986
0.005108624
2.03
1,996,501
737,647
0.004967686
2.07
2,035,749
739,101
0.004970186
2.04
2,010,001
739,406
0.004976593
1.92
1,890,416
724,492
0.004931697
1.94
1,902,591
726,991
0.004970395
1.94
1,902,885
728,036
0.004981437
1.92
1,891,955
725,321
0.005053416
1.93
1,893,981
726,985
0.005127373
2.08
2,046,427
736,696
0.004981281
2.08
2,045,627
746,897
0.005107791
1.92
1,892,345
729,082
0.004984197
1.95
1,911,663
728,148
0.004991436
1.93
1,893,371
728,123
0.004982947
2.05
2,013,887
743,190
0.005091801
1.93
1,892,655
719,336
0.004947426
2.14
2,108,839
752,410
0.005067322
1.95
1,922,591
734,105
0.004985290
2.10
2,043,555
743,802
0.005064041
1.94
1,901,345
732,545
0.004954197
1.93
1,895,237
727,452
0.004973416
1.94
1,903,795
730,977
0.005063363
2.10
2,038,203
743,227
0.005132582
2.07
2,042,657
744,532
0.004972009
2.01
1,973,951
737,784
0.004942426
1.93
1,898,869
728,160
0.005062479
2.04
2,003,635
739,247
0.004976853
2.02
1,991,591
744,225
0.004958052
2.06
2,027,785
746,954
0.005279092
2.09
2,051,681
743,662
0.005127374
2.08
2,045,951
747,483
0.004994718
2.04
2,011,167
739,416
0.005129978
1.93
1,902,373
727,871
0.005085551
2.01
1,974,206
736,850
0.004959406
1.92
1,883,517
730,975
0.005042322
1.94
1,902,761
727,990
0.004968208
1.93
1,896,058
724,069
0.004989770
2.10
2,066,505
738,097
0.005032218
1.94
1,903,641
731,054
0.004956489
1.93
1,899,611
720,995
0.004969666
1.93
1,894,274
725,886
0.004978989
1.94
1,907,847
728,006
0.005037114
1.97
1,933,619
730,475
0.005035447
2.04
2,012,679
744,011
0.005008832
2.08
2,050,329
739,605
0.004967843
2.02
1,987,025
738,601
0.005002739
1.96
1,922,845
738,972
0.005072999
1.93
1,892,889
730,206
0.004966801
1.91
1,877,445
724,127
0.004995447
1.91
1,885,911
727,221
0.005109874
2.05
2,013,097
739,641
0.005007479
2.07
2,039,131
739,264
0.004944406
2.10
2,032,740
741,104
0.005041957
2.05
2,020,697
741,864
0.004970239
1.92
1,899,765
734,154
0.005081645
1.93
1,899,489
724,785
0.005045187
1.94
1,909,499
729,422
0.005052739
2.03
1,996,719
738,620
0.004983885
2.05
2,017,195
735,275
0.004927166
2.02
1,985,836
740,898
0.004939979
2.05
2,015,687
739,683
0.005007374
1.92
1,884,319
725,944
0.004954771
1.99
1,959,369
730,018
0.005015292
1.93
1,897,257
726,323
0.005115291
1.91
1,872,717
728,375
0.005018728
2.09
2,054,105
739,103
0.005007219
2.07
2,038,113
745,707
0.005006333
1.94
1,908,661
728,470
0.004920500
2.09
2,052,435
744,976
0.005042372
2.08
2,012,157
747,433
0.005195027
1.93
1,894,494
726,221
0.004962633
2.02
1,980,853
735,782
0.004987476
2.04
2,009,935
740,188
0.005009925
2.03
1,994,030
736,337
0.005049924
1.94
1,901,933
727,552
0.004952528
2.01
1,986,451
739,584
0.005134611
2.04
2,004,679
737,859
0.005014715
2.07
2,036,841
740,824
0.005028778
1.94
1,901,425
729,017
0.005102788
2.01
1,978,477
736,814
0.004964144
1.92
1,886,701
724,210
0.004977685
2.07
2,035,046
744,959
0.005098049
1.93
1,896,913
728,169
0.005029768
1.94
1,900,009
730,504
0.005085237
2.04
2,006,591
743,370
0.005081903
1.93
1,894,391
724,112
0.005035705
2.08
2,043,957
741,175
0.005058518
1.95
1,913,637
729,106
0.005125913
1.93
1,893,665
723,904
0.005013206
1.93
1,896,825
726,304
0.005162684
1.92
1,888,365
723,793
0.005040601
2.04
2,006,872
737,674
0.005061955
1.94
1,903,023
729,548
0.005023101
2.04
2,004,501
742,847
0.005027736
2.01
1,977,802
736,184
0.005079299
2.07
2,041,663
736,712
0.005012424
1.96
1,924,478
732,359
0.005200548
2.05
2,014,961
742,355
0.005218777
2.03
1,999,229
735,481
0.004976852
2.10
2,031,006
747,706
0.005207736
1.93
1,900,375
728,304
0.005034507
2.05
2,012,775
741,544
0.005130601
1.93
1,897,067
730,463
0.004995758
1.95
1,914,117
725,797
0.005167216
2.09
2,061,515
741,784
0.005048987
1.96
1,920,071
729,130
0.005104871
2.05
2,017,037
747,872
0.005019143
1.94
1,902,805
728,280
0.005072424
2.05
2,016,901
747,434
0.004995914
1.95
1,910,341
726,916
0.005235131
2.04
2,004,649
742,840
0.004977372
1.94
1,907,207
733,640
0.005025289
2.04
2,003,043
739,331
0.005071017
2.07
2,039,523
738,360
0.005045966
1.94
1,903,009
727,728
0.005037581
2.03
1,998,597
741,411
0.005072893
1.93
1,893,168
728,163
0.005014716
1.93
1,898,895
727,529
0.004975289
1.95
1,912,059
725,899
0.005146070
2.05
2,014,961
741,099
0.005006695
2.04
2,007,261
743,106
0.005008571
2.06
2,023,429
744,348
0.005022164
2.07
2,034,745
739,220
0.005045862
1.92
1,883,567
724,771
0.005084195
2.05
2,018,515
745,292
0.005059716
1.96
1,921,221
727,762
0.005040809
1.92
1,884,122
722,701
0.005122997
1.94
1,901,658
729,821
0.005106695
2.04
2,011,467
741,093
0.005024820
2.04
2,003,199
738,567
0.005024873
1.94
1,909,085
730,854
0.005136643
2.07
2,038,347
738,942
0.005016747
1.94
1,903,419
733,180
0.005103725
2.03
2,000,367
741,103
0.005013414
1.93
1,898,463
724,710
0.005023883
2.05
2,013,739
744,557
0.005123257
1.95
1,913,017
732,041
0.005031435
2.04
2,005,627
742,761
0.004969820
1.92
1,886,401
727,857
0.005199611
2.08
2,047,791
744,851
0.005140340
2.07
2,040,853
740,775
0.005035913
1.95
1,914,355
730,006
0.005127945
2.05
2,019,146
736,032
0.005081747
1.95
1,905,438
722,787
0.004988258
1.94
1,907,273
728,890
0.005200756
2.03
2,001,129
741,136
0.005047112
1.94
1,908,863
726,435
0.004997320
1.94
1,906,299
732,105
0.005150914
1.95
1,916,285
733,565
0.005108987
2.09
2,055,813
733,406
0.005060809
1.92
1,883,471
721,603
0.005125236
2.07
2,041,139
741,534
0.005010758
1.95
1,915,255
729,931
0.005029716
2.03
1,998,466
745,425
0.004952060
1.92
1,895,225
726,321
0.005120601
2.06
2,025,795
746,349
0.005062632
1.93
1,897,013
727,714
0.005062215
2.05
2,020,714
743,804
0.005066590
2.07
2,039,441
740,168
0.005007633
2.12
2,052,688
746,280
0.005216642
1.94
1,902,307
730,998
0.005030132
2.05
2,018,645
741,343
0.005122893
2.03
1,996,803
739,994
0.005017059
1.94
1,906,857
732,739
0.005114924
2.05
2,018,227
743,361
0.005030914
1.94
1,900,373
729,677
0.005101851
2.07
2,040,825
741,860
0.005004872
2.08
2,041,625
741,200
0.005120236
1.93
1,896,539
727,395
0.005140861
1.96
1,924,432
730,663
0.005176695
1.92
1,884,411
724,179
0.005001279
2.09
2,019,283
745,649
0.005210965
1.96
1,921,609
731,207
0.005178725
2.03
1,993,481
739,488
0.005047528
1.95
1,915,479
728,399
0.004995133
2.11
2,043,028
745,448
0.005217319
2.08
2,045,921
738,975
0.005076330
2.03
1,993,731
739,266
0.005062268
1.92
1,886,107
725,400
0.005023622
1.94
1,901,157
731,348
0.005154663
2.06
2,025,635
746,692
0.005019924
2.02
1,987,557
740,481
0.005003206
1.94
1,907,906
727,874
0.005207319
2.04
2,012,245
746,047
0.005049664
1.95
1,915,258
735,695
0.005060913
2.08
2,048,341
742,009
0.005024560
1.94
1,899,752
726,275
0.005103674
2.05
2,018,687
746,225
0.005049195
2.05
2,014,805
743,801
0.005045184
2.07
2,035,139
746,210
0.005168882
2.04
2,009,857
745,638
0.005022893
1.92
1,895,219
728,826
0.005192528
2.15
2,100,214
751,729
0.005316954
2.04
2,011,905
739,667
0.005061799
2.06
2,031,633
735,066
0.005033414
1.94
1,904,077
729,759
0.005113778
2.03
1,998,895
742,979
0.005033257
1.94
1,901,715
729,439
0.005118621
2.05
2,013,180
743,004
0.005053465
1.94
1,905,290
726,335
0.005025913
1.93
1,895,523
726,034
0.005186226
2.03
1,994,321
738,475
0.005018882
2.07
2,003,829
743,919
0.005185601
2.08
2,044,711
741,219
0.005073414
1.94
1,904,407
730,248
0.005136590
2.05
2,014,351
742,204
0.005141278
2.04
2,006,927
745,014
0.005058257
1.93
1,903,261
731,956
0.005157111
2.05
2,020,512
744,721
0.005087216
1.93
1,900,981
728,117
0.005012789
1.92
1,888,878
727,827
0.005020757
1.92
1,889,081
723,064
0.004990236
2.08
2,043,507
744,429
0.005050028
1.95
1,913,233
730,153
0.005022216
2.03
1,996,299
740,678
0.005056591
2.04
2,010,729
744,651
0.005022320
1.94
1,904,927
727,959
0.005038883
1.95
1,910,800
730,156
0.005047737
2.03
1,996,127
734,794
0.004992268
2.04
2,007,639
740,339
0.005034976
1.94
1,905,123
729,852
0.005153101
2.07
2,040,367
739,825
0.005067268
1.93
1,893,469
729,136
0.005176173
2.06
2,028,837
743,374
0.005044403
1.93
1,896,195
732,952
0.005019716
2.04
2,005,633
740,994
0.004984403
2.05
2,015,311
742,344
0.005127215
2.04
2,004,178
735,434
0.004991382
2.05
2,014,201
743,260
0.005104195
1.99
1,971,974
734,838
0.005134195
2.06
2,030,508
737,790
0.005037216
1.93
1,893,939
726,364
0.005045497
1.94
1,900,249
730,915
0.004987685
2.05
2,011,831
746,299
0.005022841
1.94
1,906,961
728,426
0.005174142
2.04
2,007,563
735,578
0.005019872
1.94
1,909,147
730,973
0.005041278
2.02
1,990,913
743,136
0.005033518
1.93
1,898,460
726,126
0.005200288
2.07
2,041,115
744,092
0.005110132
1.96
1,924,963
734,867
0.005053882
2.05
2,017,475
742,884
0.005059351
1.93
1,891,841
724,511
0.005032893
2.04
2,009,531
744,851
0.005044194
1.91
1,879,068
729,101
0.005088206
2.04
2,006,051
739,635
0.004986330
2.04
2,002,856
740,732
0.005045861
2.03
2,000,528
739,653
0.004994299
2.09
2,058,737
747,845
0.005060809
1.93
1,896,096
728,693
0.005023413
2.10
2,035,975
743,275
0.005328933
2.03
1,996,459
742,304
0.005015602
1.94
1,901,807
729,616
0.005157059
2.05
2,021,580
745,166
0.004991122
1.94
1,905,139
732,146
0.005056799
2.04
2,012,457
741,190
0.004975757
1.95
1,911,921
732,568
0.005034456
2.07
2,039,813
741,184
0.005043465
1.94
1,904,169
732,076
0.005058518
2.07
2,041,597
743,299
0.005029924
1.96
1,917,918
730,411
0.005154194
1.95
1,912,569
737,392
0.005152580
1.95
1,913,772
727,876
0.005020653
2.04
2,003,769
739,242
0.005075236
1.93
1,898,341
727,997
0.005034352
1.94
1,903,759
728,301
0.005038206
2.07
2,041,661
737,280
0.005036539
1.95
1,914,150
735,190
0.005127320
2.05
2,020,567
746,614
0.005039299
1.94
1,908,083
727,646
0.005191694
1.95
1,914,049
724,493
0.005154091
1.96
1,921,049
728,541
0.005113361
2.07
2,034,633
744,182
0.005113205
1.94
1,908,723
729,065
0.005176173
2.02
1,986,236
741,819
0.005025757
2.09
2,056,583
745,017
0.005068101
1.93
1,898,739
731,376
0.005038049
1.93
1,896,033
730,539
0.005106070
1.95
1,908,641
725,320
0.005029299
1.94
1,907,429
733,203
0.005106695
2.04
2,004,181
744,921
0.005031904
1.92
1,889,500
724,495
0.005111070
2.02
1,982,093
737,318
0.005172111
1.98
1,953,239
733,604
0.005194923
2.06
2,030,735
741,781
0.005015029
2.06
2,025,279
734,194
0.005003622
1.94
1,907,471
732,965
0.005127997
2.03
1,992,374
738,620
0.005048726
1.94
1,907,871
729,177
0.005030862
1.94
1,907,449
732,511
0.005127476
2.04
2,001,671
740,602
0.005144455
1.96
1,924,316
732,900
0.004997372
1.94
1,900,501
730,056
0.005118257
2.06
2,028,127
738,927
0.004990809
1.94
1,905,211
723,998
0.005049195
1.93
1,895,979
726,402
0.005145236
2.04
2,010,087
744,817
0.005015080
2.03
1,999,509
738,339
0.005046956
1.94
1,911,230
728,193
0.005035601
1.93
1,902,411
728,466
0.005158205
2.03
2,000,169
741,383
0.005025080
2.04
2,009,848
740,094
0.005000706
2.06
2,026,817
733,652
0.005057736
1.94
1,904,950
730,197
0.005042945
2.04
2,008,403
739,918
0.005020133
1.94
1,903,801
731,805
0.005037580
2.03
2,002,779
737,981
0.005102320
1.94
1,901,371
725,245
0.005054976
2.06
2,030,339
747,034
0.005062476
1.94
1,907,950
728,548
0.005033049
1.93
1,891,347
727,150
0.005153830
2.08
2,047,455
738,906
0.005034403
2.04
2,006,441
745,537
0.005074716
1.93
1,894,589
729,497
0.005072216
2.02
1,988,572
737,833
0.005100132
1.94
1,905,683
730,013
0.005131330
2.06
2,024,805
742,381
0.005141434
1.94
1,906,041
733,152
0.005048309
2.04
2,007,021
743,098
0.005025914
1.91
1,879,769
724,861
0.005073205
2.09
2,054,113
740,121
0.005065393
2.03
1,999,183
742,306
0.005151382
1.91
1,879,143
721,342
0.005106590
1.94
1,904,667
730,771
0.005152996
1.93
1,898,963
729,931
0.005015289
1.94
1,901,867
728,172
0.005184194
2.03
1,995,333
744,272
0.005004820
2.03
1,998,643
740,685
0.005060549
2.07
2,035,762
745,680
0.005084820
2.08
2,052,677
739,820
0.005038362
2.04
2,000,425
740,443
0.005153309
2.04
2,002,371
739,697
0.005008935
1.94
1,903,914
730,984
0.005215809
2.02
1,990,377
738,839
0.005068309
1.95
1,915,257
730,672
0.005247996
1.96
1,923,567
730,866
0.005008518
1.92
1,887,471
724,944
0.005091695
2.03
1,998,869
738,759
0.005033622
2.08
2,044,211
738,298
0.005041383
2.07
2,033,915
747,683
0.005178517
1.94
1,902,887
732,161
0.005086642
2.07
2,030,353
743,634
0.005089872
1.93
1,894,903
725,811
0.005036695
2.04
2,011,895
739,052
0.004995497
2.06
2,024,901
747,941
0.005016018
1.94
1,903,845
729,460
0.005191642
1.94
1,907,197
727,881
0.005043674
2.07
2,038,399
739,596
0.005018986
2.03
1,992,143
739,052
0.005053258
1.95
1,914,209
727,321
0.004998986
1.94
1,910,709
736,050
0.005067111
1.93
1,900,029
731,389
0.005165236
2.07
2,036,239
747,942
0.005035706
2.03
1,996,645
736,693
0.005096591
2.00
1,967,018
735,221
0.005019716
1.94
1,908,305
727,141
0.005083257
2.08
2,048,286
742,738
0.005116174
1.93
1,895,357
728,624
0.005015966
1.93
1,908,735
727,044
0.005191851
2.00
1,965,141
731,726
0.004966382
2.04
2,005,297
738,828
0.005138778
1.94
1,907,211
730,355
0.005024351
1.93
1,901,353
728,695
0.005046278
2.03
1,992,793
739,959
0.005098621
2.02
1,991,189
735,307
0.004993518
2.06
2,030,820
732,917
0.005021174
1.93
1,895,159
729,364
0.005079299
2.06
2,026,217
740,865
0.005041799
2.05
2,013,895
746,614
0.005015757
1.92
1,887,375
721,611
0.005092268
2.04
2,006,815
739,006
0.005006695
1.95
1,910,447
731,804
0.005037424
2.04
2,006,457
739,971
0.005096278
1.94
1,905,339
726,463
0.004958467
2.06
2,025,871
736,572
0.005016643
1.94
1,907,733
733,923
0.005136694
1.98
1,950,741
734,832
0.004937789
1.92
1,886,153
722,799
0.005150601
2.05
2,015,239
740,646
0.005018153
1.94
1,902,825
727,052
0.005145289
1.93
1,896,477
732,466
0.005102632
2.02
1,988,045
738,052
0.005009820
1.92
1,887,615
727,460
0.005011279
2.08
2,049,121
739,703
0.005033726
1.93
1,898,640
729,120
0.005122632
1.94
1,900,896
724,687
0.004982112
2.05
2,013,729
742,041
0.005145652
2.03
1,994,149
741,191
0.005005080
1.94
1,911,226
734,497
0.005036695
2.05
2,020,597
741,649
0.005070654
1.93
1,899,819
727,442
0.005029143
2.05
2,020,875
745,990
0.005019299
2.07
2,041,225
744,282
0.005026018
1.93
1,891,705
723,046
0.005050601
2.04
2,007,959
740,766
0.004992112
1.95
1,910,059
728,868
0.005201226
2.00
1,971,637
740,227
0.005021226
1.94
1,910,547
727,660
0.005031174
2.02
1,986,063
741,452
0.005006748
1.94
1,905,146
731,168
0.005144455
2.06
2,026,453
743,285
0.005007581
2.07
2,040,065
738,401
0.005019716
1.93
1,896,292
729,598
0.005103830
2.08
2,012,654
742,034
0.005191538
2.04
2,006,421
737,953
0.005028466
2.06
2,022,533
739,704
0.005036278
2.04
2,006,587
744,124
0.005079715
1.93
1,896,795
724,145
0.005001383
1.92
1,895,577
728,015
0.005134820
2.04
2,009,413
743,461
0.005073361
2.08
2,047,651
739,841
0.005051226
1.95
1,910,571
732,207
0.005100601
1.93
1,895,447
730,757
0.005003518
2.04
2,005,762
741,835
0.005081070
1.95
1,916,091
732,220
0.005125340
2.06
2,032,551
741,006
0.005007893
1.94
1,904,621
730,016
0.005080549
1.95
1,914,951
728,302
0.005015341
1.93
1,898,950
728,046
0.005070341
2.09
2,059,059
742,226
0.005067581
1.94
1,907,523
729,555
0.005181173
2.05
2,010,417
738,343
0.005020341
2.05
2,011,973
739,017
0.005059560
1.95
1,912,907
731,603
0.005049872
2.04
2,005,881
745,004
0.005021070
1.96
1,920,749
728,778
0.005131382
1.93
1,891,912
725,154
0.005001747
1.94
1,908,979
734,099
0.005109872
2.08
2,044,979
740,916
0.005030393
1.92
1,891,883
727,127
0.005075393
2.09
2,051,839
748,315
0.005146017
1.93
1,891,816
728,300
0.004974455
2.04
2,011,839
742,313
0.004980601
2.03
1,994,149
740,528
0.005047789
1.93
1,890,359
728,207
0.005014715
2.05
2,013,516
747,711
0.005175288
2.02
1,986,377
735,367
0.005051746
2.09
2,056,523
745,947
0.005076955
1.97
1,931,487
727,737
0.005086121
2.04
2,001,827
735,225
0.004969351
1.93
1,895,958
726,206
0.005024716
2.09
2,059,705
748,359
0.005146695
1.94
1,903,583
725,717
0.004963727
2.07
2,039,263
746,356
0.005129715
1.94
1,902,395
729,413
0.005038517
2.01
1,980,888
732,765
0.004990862
2.08
2,051,271
740,470
0.005054611
2.02
1,983,999
741,448
0.005072944
1.94
1,912,013
728,719
0.005059299
2.09
2,055,583
741,056
0.005086434
2.02
1,989,651
739,430
0.005140132
1.93
1,896,878
728,722
0.005174820
2.03
2,001,174
740,159
0.005019508
1.94
1,904,670
730,753
0.005041539
2.05
2,020,503
742,822
0.005066851
2.08
2,049,717
737,589
0.005053570
1.92
1,887,545
726,482
0.005136590
1.94
1,902,923
728,829
0.005119246
1.96
1,926,779
727,839
0.005025653
2.10
2,039,309
743,261
0.005197423
1.94
1,907,573
731,355
0.005113987
2.02
1,992,482
737,454
0.004961331
1.93
1,895,939
728,519
0.005081226
2.05
2,013,355
741,947
0.005029664
2.08
2,049,995
745,277
0.005021174
2.10
2,033,634
746,004
0.005279715
1.92
1,883,345
731,723
0.005012059
1.94
1,902,661
725,554
0.005041956
1.93
1,896,919
725,252
0.004967580
2.06
2,030,869
744,483
0.005036851
2.03
1,996,845
737,504
0.004987945
2.02
1,989,709
740,117
0.005006487
1.94
1,901,763
728,203
0.005130236
2.09
2,053,065
737,585
0.005059612
1.95
1,917,167
732,353
0.005222111
2.04
2,009,639
742,981
0.005008205
1.94
1,906,889
724,616
0.005078413
1.96
1,924,997
740,593
0.005189975
2.04
2,009,129
738,812
0.005014195
1.94
1,907,155
722,598
0.005030757
2.04
2,008,219
740,460
0.005004455
1.95
1,911,670
735,267
0.005026747
2.09
2,060,063
742,444
0.005024143
1.94
1,905,769
729,869
0.005024612
2.04
2,004,070
738,724
0.005026852
2.04
2,001,761
741,896
0.005056903
2.11
2,051,417
744,132
0.005140861
1.94
1,905,237
729,347
0.005062059
2.06
2,031,191
739,973
0.005034507
1.96
1,920,894
731,128
0.005163153
2.06
2,030,165
747,894
0.005035965
2.09
2,055,331
736,427
0.005060288
1.93
1,899,585
725,347
0.005051331
2.01
1,977,243
738,436
0.005030393
2.02
1,981,537
735,294
0.004992633
1.93
1,899,923
730,635
0.005107007
2.06
2,027,059
748,374
0.005128621
2.03
1,998,968
745,823
0.005007529
2.04
2,002,731
742,028
0.004995862
1.94
1,909,339
733,926
0.005152372
2.08
2,045,279
740,231
0.005054351
2.02
1,986,019
738,858
0.005156799
2.03
2,000,643
736,022
0.005051278
1.93
1,892,909
729,552
0.005110600
1.94
1,905,929
731,318
0.005162840
1.97
1,932,977
738,396
0.005123101
2.02
1,987,917
736,640
0.004997894
2.03
1,996,451
737,585
0.005032737
1.95
1,909,911
727,905
0.005121174
2.08
2,047,951
745,188
0.005041695
2.02
1,984,013
738,802
0.005074299
1.94
1,905,667
729,008
0.004980445
1.93
1,892,769
727,305
0.005037268
2.03
1,998,315
736,556
0.005123362
1.92
1,888,751
724,064
0.005038101
2.04
2,004,433
735,226
0.005079403
1.93
1,895,055
724,850
0.005168622
1.94
1,906,632
725,423
0.005028206
2.09
2,056,127
745,150
0.005035080
1.92
1,890,819
723,063
0.005118622
2.04
2,009,293
746,731
0.005030914
1.93
1,892,130
730,939
0.005002893
2.04
2,007,899
743,143
0.005010498
2.11
2,074,655
754,052
0.005166070
1.93
1,896,881
726,654
0.005103934
2.04
2,002,819
742,145
0.005023414
1.95
1,910,671
729,558
0.005080393
2.08
2,047,767
738,132
0.005047788
1.96
1,919,673
731,297
0.005027112
1.93
1,903,059
729,942
0.005174872
2.04
2,010,393
742,911
0.005039351
2.00
1,976,957
738,564
0.005154663
1.93
1,902,302
727,033
0.005009351
1.94
1,899,573
732,194
0.005082424
2.04
2,000,589
739,546
0.005116069
1.94
1,904,639
729,695
0.005070184
2.08
2,051,255
739,180
0.005061018
1.95
1,911,235
732,598
0.005147737
2.02
1,987,786
735,738
0.004993831
1.92
1,899,864
727,740
0.005160653
2.03
1,998,017
741,645
0.004988414
2.03
1,994,059
739,479
0.005008466
1.93
1,895,813
727,012
0.005110809
1.96
1,920,164
730,020
0.005021226
1.91
1,878,546
723,304
0.005014195
2.10
2,067,429
745,191
0.005036643
2.04
2,008,943
738,708
0.005164038
1.94
1,912,421
727,164
0.005032893
2.04
2,009,430
735,150
0.004979352
1.93
1,900,293
730,900
0.005084038
2.03
1,999,547
739,991
0.004999820
2.03
1,997,551
738,736
0.005155340
2.02
1,988,589
743,183
0.005037477
1.95
1,911,393
731,050
0.005161799
2.08
2,048,771
741,785
0.005136747
1.94
1,906,299
728,545
0.005057059
2.04
2,009,787
742,076
0.005018257
1.94
1,900,250
726,596
0.005205236
2.05
2,020,024
745,620
0.005027632
2.05
2,015,367
738,161
0.005004143
2.04
2,012,005
740,947
0.005092112
1.95
1,918,811
730,729
0.005043413
2.01
1,979,627
736,717
0.005036122
2.10
2,068,469
742,430
0.005075810
1.94
1,908,041
731,111
0.005039455
2.15
2,119,617
739,093
0.005107216
1.92
1,889,751
725,439
0.004968571
2.04
2,001,883
740,800
0.005168308
