0.007314186
0.007300800
0.007221582
0.007250645
0.007278874
0.007289446
0.007299498
0.007194604
0.007369394
0.007269915
0.007237676
0.007342676
0.007242676
0.007246634
0.007396842
0.007241686
0.007248978
0.007421530
0.007251739
0.007211426
0.007197467
0.007387154
0.007293301
0.007382728
0.007276061
0.007453039
0.007233874
0.007265123
0.007274238
0.007195489
0.007318353
0.007321582
0.007357467
0.007254864
0.007352311
0.007267207
0.007334602
0.007316165
0.007287155
0.007245541
0.007368822
0.007178457
0.007261270
0.007222208
0.007259707
0.007339863
0.007250645
0.007259603
0.007262311
0.007201166
0.007306114
0.007177364
0.007187312
0.007209499
0.007280227
0.007198874
0.007382624
0.007233093
0.007255852
0.007190124
0.007296842
0.007242311
0.007169030
0.007189291
0.007246270
0.007318092
0.007233249
0.007184499
0.007265176
0.007218301
0.007225384
0.007290332
0.007339863
0.007222832
0.007259916
0.007431946
0.007225749
0.007200384
0.007193666
0.007236426
0.007280072
0.007202260
0.007222468
0.007350228
0.007269291
0.007184135
0.007197780
0.007346790
0.007240280
0.007272050
0.007243405
0.007320384
0.007414498
0.007536633
0.007224342
0.007170176
0.007346009
0.007241009
0.007250489
0.007191947
0.007218197
0.007280384
0.007180906
0.007153249
0.007234291
0.007275645
0.007266373
0.007377103
0.007297676
0.007367519
0.007247780
0.007360905
0.007242207
0.007327624
0.007328613
0.007355801
0.007296686
0.007309134
0.007272311
0.007278717
0.007198041
0.007232415
0.007517987
0.007196895
0.007208041
0.007274394
0.007249186
0.007273613
0.007241843
0.007352988
0.007229343
0.007216999
0.007291061
0.007274082
0.007339394
0.007182208
0.007208822
0.007231634
0.007168978
0.007259082
0.007262468
0.007275540
0.007216582
0.007471946
0.007314186
0.007430540
0.007252520
0.007246426
0.007247989
0.007285436
0.007293092
0.007384810
0.007296218
0.007395175
0.007255072
0.007353561
0.007328248
0.007166843
0.007310697
0.007374707
0.007213666
0.007234134
0.007300385
0.007249655
0.007411060
0.007311687
0.007244238
0.007254863
0.007246322
0.007300749
0.007306791
0.007261322
0.007277572
0.007208093
0.007285645
0.007152417
0.007208561
0.007330072
0.007200854
0.007391582
0.007372884
0.007346791
0.007257468
0.007300853
0.007237780
0.007308197
0.007376842
0.007296634
0.007377363
0.007287520
0.007220541
0.007319499
0.007247832
0.007256426
0.007253822
0.007301009
0.007245072
0.007218354
0.007369030
0.007428925
0.007321477
0.007247208
0.007199396
0.007263249
0.007286374
0.007277676
0.007445071
0.007340645
0.007247988
0.007388613
0.007329551
0.007338978
0.007189656
0.007352415
0.007244551
0.007297676
0.007263665
0.007302936
0.007181479
0.007296998
0.007224759
0.007261530
0.007408352
0.007273562
0.007339082
0.007218979
0.007247468
0.007353977
0.007371321
0.007279238
0.007368926
0.007316946
0.007249551
0.007145333
0.007447936
0.007234915
0.007282832
0.007335592
0.007207520
0.007262937
0.007289759
0.007250697
0.007381114
0.007503353
0.007256635
0.007304394
0.007261218
0.007222572
0.007217781
0.007211947
0.007215124
0.007176843
0.007343717
0.007197468
0.007321373
0.007179187
0.007239916
0.007238822
0.007194916
0.007263874
0.007369811
0.007238718
0.007208561
0.007297520
0.007216999
0.007286842
0.007214708
0.007321166
0.007193406
0.007264499
0.007203093
0.007356426
0.007346582
0.007260281
0.007218562
0.007250958
0.007302155
0.007367988
0.007407675
0.007245697
0.007215698
0.007287780
0.007226895
0.007370957
0.007256009
0.007259447
0.007226791
0.007150281
0.007292780
0.007243822
0.007354343
0.007301635
0.007264083
0.007294186
0.007197572
0.007243093
0.007405228
0.007200124
0.007243457
0.007297988
0.007390696
0.007285124
0.007162833
0.007413353
0.007234083
0.007273874
0.007327989
0.007392624
0.007383248
0.007295541
0.007204187
0.007290072
0.007228041
0.007404447
0.007341269
0.007340853
0.007221583
0.007396739
0.007279134
0.007291634
0.007388457
0.007364134
0.007218406
0.007338196
0.007386217
0.007337728
0.007321738
0.007293718
0.007205384
0.007247052
0.007298093
0.007204760
0.007249031
0.007424238
0.007236322
0.007332520
0.007191896
0.007362363
0.007183926
0.007339187
0.007265020
0.007225697
0.007260958
0.007316739
0.007225489
0.007159760
0.007236687
0.007425956
0.007373249
0.007296895
0.007162781
0.007187729
0.007198875
0.007277884
0.007354082
0.007270332
0.007398353
0.007452571
0.007428821
0.007280801
0.007381478
0.007274603
0.007192051
0.007226791
0.007240020
0.007180802
0.007267364
0.007386426
0.007373041
0.007171114
0.007227155
0.007317051
0.007229760
0.007401894
0.007245124
0.007187989
0.007205645
0.007265072
0.007300228
0.007290489
0.007325645
0.007204499
0.007257989
0.007454082
0.007243718
0.007153458
0.007261426
0.007426946
0.007210906
0.007247260
0.007349603
0.007247989
0.007188666
0.007179187
0.007243145
0.007202780
0.007444655
0.007327208
0.007267937
0.007362780
0.007239447
0.007326686
0.007396738
0.007272676
0.007366842
0.007300333
0.007287624
0.007226582
0.007285697
0.007452311
0.007182156
0.007322259
0.007246166
0.007319812
0.007318092
0.007167989
0.007178250
0.007233822
0.007277416
0.007402988
0.007336374
0.007416790
0.007223353
0.007216948
0.007219812
0.007346738
0.007267468
0.007150385
0.007351895
0.007218406
0.007267520
0.007202728
0.007393405
0.007419134
0.007261791
0.007313770
0.007255957
0.007308613
0.007246010
0.007288250
0.007285489
0.007309499
0.007230072
0.007148823
0.007254968
0.007284343
0.007354603
0.007285436
0.007194396
0.007196479
0.007368457
0.007216635
0.007180906
0.007370645
0.007225697
0.007311999
0.007360957
0.007251583
0.007360488
0.007282520
0.007248457
0.007325853
0.007298561
0.007206219
0.007372936
0.007288822
0.007218719
0.007192365
0.007183249
0.007442363
0.007226531
0.007390749
0.007240333
0.007299759
0.007328822
0.007449655
0.007271010
0.007433353
0.007230333
0.007249864
0.007384603
0.007259604
0.007374343
0.007336738
0.007267364
0.007306009
0.007547258
0.007324343
0.007245333
0.007176999
0.007213666
0.007421426
0.007317728
0.007329343
0.007309863
0.007257832
0.007226166
0.007232468
0.007206583
0.007310958
0.007227729
0.007366009
0.007190645
0.007212156
0.007246218
0.007255280
0.007310385
0.007328197
0.007256583
0.007314447
0.007330280
0.007229447
0.007368769
0.007264552
0.007221530
0.007231427
0.007389134
0.007272729
0.007352884
0.007218093
0.007221218
0.007327728
0.007262155
0.007365592
0.007305854
0.007156687
0.007217780
0.007343666
0.007288978
0.007291218
0.007280697
0.007233875
0.007258405
0.007374603
0.007365280
0.007345436
0.007255541
0.007304811
0.007241010
0.007313301
0.007354864
0.007312416
0.007310072
0.007249656
0.007238510
0.007192104
0.007168041
0.007276479
0.007328040
0.007289916
0.007236271
0.007372155
0.007546634
0.007438144
0.007224864
0.007334291
0.007255125
0.007246792
0.007237416
0.007196896
0.007201896
0.007354342
0.007254187
0.007359238
0.007267416
0.007226791
0.007450540
0.007405696
0.007285177
0.007272416
0.007222572
0.007337676
0.007324916
0.007295593
0.007239343
0.007275906
0.007157312
0.007282000
0.007162677
0.007216218
0.007210646
0.007261478
0.007417624
0.007261374
0.007332728
0.007404082
0.007279187
0.007216947
0.007195177
0.007310853
0.007434968
0.007325541
0.007276218
0.007275124
0.007366895
0.007386373
0.007425697
0.007342781
0.007261947
0.007255698
0.007177833
0.007169813
0.007248666
0.007295280
0.007213041
0.007293510
0.007271010
0.007216687
0.007257780
0.007214708
0.007257625
0.007281687
0.007355905
0.007310541
0.007302729
0.007191844
0.007278458
0.007248978
0.007288353
0.007311531
0.007298874
0.007230958
0.007197000
0.007280073
0.007180489
0.007265541
0.007163354
0.007347207
0.007281270
0.007315332
0.007335957
0.007368457
0.007363979
0.007284968
0.007210333
0.007139188
0.007344760
0.007278041
0.007296582
0.007197104
0.007266219
0.007291374
0.007167416
0.007358614
0.007321895
0.007498352
0.007255333
0.007340176
0.007347781
0.007233615
0.007196062
0.007284812
0.007216895
0.007238249
0.007252051
0.007264187
0.007355540
0.007266218
0.007254604
0.007336843
0.007262156
0.007347103
0.007276531
0.007191843
0.007226739
0.007341478
0.007294864
0.007245333
0.007287781
0.007438092
0.007286583
0.007394915
0.007223770
0.007285176
0.007218301
0.007353249
0.007226375
0.007372208
0.007277624
0.007356947
0.007254603
0.007242885
0.007258354
0.007291062
0.007476165
0.007296635
0.007297728
0.007367780
0.007232520
0.007373718
0.007269083
0.007377259
0.007231374
0.007179917
0.007416009
0.007242052
0.007291583
0.007304708
0.007313041
0.007322207
0.007225698
0.007394760
0.007202156
0.007160750
0.007168407
0.007336791
0.007214239
0.007326791
0.007274760
0.007304083
0.007163302
0.007219656
0.007211114
0.007198927
0.007217104
0.007288041
0.007249135
0.007327884
0.007224969
0.007320124
0.007378093
0.007270384
0.007342937
0.007374916
0.007349083
0.007215541
0.007333770
0.007309187
0.007439864
0.007382312
0.007303093
0.007247989
0.007318875
0.007398041
0.007244656
0.007319187
0.007229448
0.007211010
0.007192000
0.007269395
0.007355177
0.007399968
0.007245854
0.007259082
0.007345540
0.007287364
0.007388874
0.007317312
0.007360385
0.007244343
0.007222156
0.007197104
0.007457571
0.007213927
0.007281166
0.007231323
0.007177469
0.007191896
0.007259708
0.007311687
0.007206479
0.007270697
0.007258770
0.007323093
0.007224187
0.007317677
0.007179187
0.007211636
0.007364187
0.007367989
0.007236166
0.007286010
0.007458144
0.007248927
0.007339707
0.007273771
0.007313458
0.007340437
0.007248927
0.007308301
0.007269447
0.007347052
0.007340021
0.007452155
0.007336114
0.007229448
0.007270802
0.007164396
0.007245958
0.007305124
0.007216583
0.007268250
0.007210073
0.007258041
0.007286271
0.007406113
0.007437155
0.007262521
0.007238562
0.007282520
0.007229916
0.007373666
0.007196688
0.007232104
0.007123459
0.007322051
0.007302312
0.007231218
0.007344343
0.007251479
0.007202312
0.007213042
0.007416634
0.007302155
0.007326739
0.007210437
0.007234343
0.007299082
0.007235125
0.007321322
0.007237781
0.007240906
0.007366635
0.007329916
0.007431999
0.007242885
0.007330697
0.007287208
0.007304708
0.007119969
0.007430280
0.007293614
0.007333614
0.007235333
0.007319707
0.007267572
0.007268405
0.007502207
0.007309500
0.007249968
0.007329968
0.007298145
0.007224292
0.007331478
0.007296218
0.007270489
0.007289708
0.007335541
0.007250437
0.007372416
0.007312937
0.007280073
0.007192625
0.007168875
0.007231270
0.007265021
0.007278510
0.007206011
0.007305281
0.007273197
0.007205177
0.007214084
0.007205958
0.007259916
0.007237052
0.007417937
0.007371947
0.007214656
0.007260854
0.007267990
0.007391426
0.007262885
0.007280801
0.007253770
0.007331271
0.007246688
0.007353718
0.007276062
0.007316479
0.007433041
0.007323874
0.007248042
0.007288666
0.007383718
0.007310229
0.007311635
0.007376531
0.007245177
0.007290801
0.007341895
0.007160021
0.007341166
0.007345749
0.007264083
0.007249448
0.007280489
0.007397625
0.007273770
0.007353510
0.007190073
0.007261322
0.007271427
0.007147313
0.007350802
0.007353458
0.007217000
0.007267885
0.007258354
0.007324968
0.007412780
0.007255177
0.007228927
0.007287572
0.007329707
0.007271739
0.007223667
0.007313302
0.007241999
0.007288458
0.007291426
0.007384187
0.007410645
0.007308249
0.007224448
0.007178823
0.007306531
0.007158615
0.007217208
0.007282677
0.007223979
0.007180594
0.007392884
0.007195854
0.007368562
0.007317573
0.007209865
0.007447624
0.007315489
0.007373979
0.007308771
0.007302260
0.007230125
0.007153562
0.007361010
0.007315385
0.007237886
0.007285229
0.007180073
0.007402832
0.007257104
0.007285177
0.007187989
0.007247729
0.007223927
0.007426270
0.007297000
0.007275594
0.007318250
0.007238822
0.007224813
0.007298354
0.007288510
0.007238041
0.007179448
0.007480228
0.007255020
0.007339291
0.007261062
0.007319031
0.007256791
0.007293145
0.007229136
0.007229239
0.007198875
0.007328197
0.007232625
0.007169032
0.007241739
0.007189292
0.007253927
0.007170907
0.007261791
0.007211115
0.007236844
0.007300698
0.007335385
0.007435437
0.007418197
0.007205594
0.007262208
0.007337208
0.007297572
0.007232313
0.007172365
0.007271687
0.007228666
0.007458874
0.007196480
0.007436427
0.007292676
