0.011400847
0.007967681
0.007992369
0.008077994
0.007932161
0.007892786
0.007997109
0.007921536
0.007950807
0.008018619
0.007928098
0.007962837
0.007842422
0.007845547
0.007894557
0.008222577
0.007880390
0.007896952
0.007949192
0.007868411
0.007893410
0.007856224
0.007960442
0.008008150
0.007923411
0.007865807
0.007998619
0.007974296
0.007881588
0.007932682
0.007875494
0.007953411
0.007885806
0.007888671
0.007981796
0.008054660
0.007945651
0.007907317
0.007983099
0.007955442
0.007970598
0.007905547
0.007976691
0.008083462
0.008038514
0.007947056
0.007977785
0.008032473
0.007969348
0.007904088
0.007926119
0.007852317
0.007947630
0.008075025
0.007861589
0.007940442
0.007995858
0.007939922
0.007918827
0.008097629
0.008012264
0.007961431
0.008050337
0.007944505
0.007904869
0.007919088
0.007887994
0.007839817
0.007938046
0.007867213
0.007886328
0.007900390
0.008086692
0.007974452
0.007856536
0.007946484
0.007979713
0.007874088
0.007966015
0.007902161
0.007958983
0.007885963
0.007944661
0.007885390
0.007861848
0.007911171
0.008209608
0.008075234
0.007859661
0.007927265
0.007847005
0.008035390
0.007938307
0.007887786
0.007941380
0.007851692
0.007853672
0.007976223
0.007897057
0.007930858
0.008002994
0.007836432
0.007904452
0.007920546
0.007870338
0.007965234
0.007891849
0.007974452
0.007907943
0.007862161
0.007925390
0.007875807
0.007932213
0.007908150
0.007931588
0.007864766
0.007880807
0.007949453
0.007882474
0.008025546
0.007995598
0.007919348
0.008010493
0.007891744
0.007938984
0.007914088
0.007863359
0.008082160
0.007858671
0.008103150
0.007949818
0.007891484
0.008037942
0.007850026
0.007972890
0.007952525
0.007972942
0.007952369
0.008059192
0.007952421
0.007910963
0.007852943
0.007903567
0.007888307
0.007891901
0.007897786
0.007912682
0.007898724
0.007964036
0.007882630
0.007872682
0.007955598
0.007980338
0.007900963
0.007948463
0.007900755
0.007946171
0.007843932
0.008008671
0.007963203
0.007930546
0.007866120
0.007931275
0.008114192
0.007877109
0.007868359
0.007892421
0.008000025
0.008242004
0.007983463
0.007939400
0.007892734
0.007935130
0.007996536
0.007920338
0.007951379
0.008002056
0.007981848
0.007906276
0.008107577
0.007980754
0.008059973
0.007935963
0.008510284
0.007930651
0.007917890
0.007869140
0.007854348
0.007938515
0.007996484
0.007901484
0.007892786
0.007946172
0.007990859
0.007930130
0.007945546
0.007911015
0.007993932
0.008058514
0.007986901
0.008056796
0.007989660
0.007895755
0.007897734
0.008027161
0.008008046
0.007973255
0.007939505
0.007936952
0.007809088
0.007841380
0.007847787
0.007986901
0.007920598
0.007942526
0.007832578
0.007980286
0.007907265
0.007905703
0.007899870
0.007938411
0.007890859
0.007966900
0.007981952
0.007888879
0.008126900
0.007923567
0.007894453
0.008003515
0.008021328
0.007991379
0.008011952
0.007992733
0.007938671
0.007963515
0.007909036
0.007877213
0.007911275
0.007930651
0.007966483
0.007858515
0.008023879
0.007943307
0.008003827
0.007916172
0.007991119
0.007884193
0.008047316
0.007905182
0.007939088
0.007940233
0.007963099
0.008039087
0.007928411
0.007977526
0.007998671
0.007921953
0.007929661
0.008157890
0.007999869
0.007888359
0.008029765
0.007987942
0.007919609
0.007820338
0.007994609
0.007949713
0.007963671
0.007890078
0.007893046
0.007971015
0.007902526
0.008046536
0.007932734
0.007879244
0.007981432
0.007879661
0.007969817
0.007894869
0.007989973
0.007910859
0.007841797
0.007933984
0.007912786
0.007990025
0.007999192
0.007888568
0.007957943
0.007971328
0.007943359
0.007891276
0.007959973
0.007905859
0.007845703
0.007994192
0.007858464
0.007977578
0.007964765
0.007942994
0.007878463
0.007955651
0.007912578
0.007922629
0.007868307
0.007915806
0.007904661
0.007966744
0.007920703
0.007877422
0.007861536
0.007943254
0.007874557
0.007927786
0.007897838
0.007907369
0.007888776
0.007911536
0.007976328
0.008032317
0.007922057
0.007989401
0.007985963
0.007920754
0.007854609
0.007920286
0.007859140
0.008069140
0.008019869
0.007929921
0.008181171
0.007921171
0.008036535
0.007858568
0.007925391
0.007915130
0.008056014
0.007935703
0.007920546
0.007888932
0.007891276
0.007891849
0.007965755
0.008067889
0.007935130
0.007918984
0.008001744
0.007935963
0.008052265
0.007942057
0.007886432
0.008028672
0.007900599
0.007920130
0.007807422
0.007966276
0.007972682
0.007944661
0.007980182
0.007943879
0.007958619
0.007884089
0.007889557
0.007895182
0.007910391
0.007922005
0.007958307
0.007995755
0.008011431
0.007882057
0.007995546
0.007948515
0.007933932
0.008007161
0.007878359
0.007883984
0.007913932
0.008002056
0.007875130
0.007874661
0.008039035
0.007928099
0.007955963
0.007921849
0.007921797
0.007882005
0.007954817
0.007995234
0.007934036
0.007933254
0.007930859
0.007875495
0.007860286
0.007882266
0.007938931
0.007896484
0.008043932
0.007855026
0.008011015
0.008010390
0.007904296
0.007917526
0.007900911
0.007891120
0.007859036
0.007928724
0.007972838
0.007933359
0.007879453
0.007893463
0.008010911
0.007915182
0.007995234
0.007933724
0.007947109
0.008078723
0.007865026
0.007841067
0.008015807
0.007958359
0.007879713
0.007989869
0.007910234
0.007866744
0.007992526
0.007902786
0.007898932
0.007901328
0.007871380
0.007912005
0.007922317
0.007922994
0.007968411
0.007862526
0.007956431
0.007924505
0.007928151
0.007919713
0.007899349
0.007979869
0.007970234
0.008066119
0.007991484
0.007899401
0.007966900
0.008093879
0.007983724
0.007888880
0.007959036
0.007941484
0.007974505
0.007868047
0.007878099
0.007922838
0.007926015
0.007983828
0.007908255
0.008006224
0.007985182
0.007876484
0.007966693
0.007917839
0.007947682
0.007880807
0.007926536
0.007856172
0.007972161
0.007958724
0.007904400
0.008240650
0.007970703
0.007902942
0.007852162
0.007907838
0.007990182
0.007953151
0.007943984
0.007837318
0.008083046
0.007923567
0.007945494
0.007916120
0.007982786
0.007883828
0.007928203
0.008016484
0.007917994
0.007958046
0.007924766
0.007966120
0.007884974
0.007910859
0.007874609
0.007827838
0.007894870
0.007829245
0.007925235
0.007943932
0.007988984
0.007939036
0.007867005
0.007973827
0.007978932
0.007936797
0.007839245
0.007936693
0.007981536
0.007950443
0.007966849
0.007922005
0.007849974
0.007941745
0.007884296
0.007901744
0.007998619
0.007979453
0.007924453
0.008174764
0.007968619
0.007947630
0.007985963
0.007941536
0.007831016
0.007895026
0.007950547
0.007950911
0.007926848
0.007907994
0.007946327
0.007876745
0.008092108
0.007879036
0.007908568
0.007919818
0.008047473
0.007941432
0.007981223
0.007947057
0.007923411
0.007894609
0.007917265
0.007905599
0.007986067
0.007920182
0.007961380
0.007947057
0.007895442
0.008041796
0.007978515
0.007927213
0.007888724
0.008031275
0.007955546
0.007883880
0.008001015
0.007848932
0.007990859
0.007922005
0.007959765
0.007928880
0.007953515
0.007928255
0.008037161
0.007942682
0.007868880
0.008020234
0.007916432
0.007978359
0.007900286
0.007927839
0.007911901
0.007996484
0.007878151
0.008157108
0.007909036
0.007910495
0.007909610
0.007997838
0.008044504
0.007938046
0.007929557
0.007929244
0.007999765
0.007975234
0.007936901
0.007894922
0.007980234
0.007902578
0.007996015
0.007991848
0.007924296
0.007820859
0.008114764
0.007946432
0.007937266
0.007899453
0.008091327
0.008005494
0.007870756
0.007943724
0.008000130
0.007915651
0.008003515
0.007966172
0.007876901
0.007942995
0.007844140
0.007923255
0.008027265
0.007821745
0.007848932
0.007902630
0.007919922
0.007884349
0.007967734
0.007911224
0.007932369
0.007918411
0.007889505
0.007905182
0.008004140
0.007957890
0.007992526
0.007915390
0.007943464
0.008007213
0.007882891
0.008281587
0.007894661
0.007930338
0.008084296
0.008075806
0.007871224
0.007906588
0.007856120
0.007910390
0.007885026
0.007908933
0.007849818
0.007939609
0.007987161
0.007926328
0.007967838
0.007931901
0.007939557
0.007981171
0.007952942
0.007916744
0.007959610
0.007905495
0.007854140
0.007862057
0.007901693
0.007884661
0.007891433
0.007832995
0.007943359
0.007866380
0.007852995
0.007945026
0.008018203
0.008000963
0.007896068
0.007912839
0.007911328
0.007903724
0.007779193
0.007985182
0.008088723
0.007979974
0.007933411
0.007904193
0.007946953
0.007918307
0.008058515
0.007995650
0.007949661
0.007927943
0.007862891
0.007907422
0.007923932
0.007902786
0.007882891
0.007906484
0.007979921
0.007899557
0.007921745
0.007859557
0.007922474
0.007909140
0.007980130
0.007951224
0.007874141
0.007952317
0.007870495
0.007891120
0.007921016
0.007915130
0.007908360
0.007976484
0.007992994
0.007936120
0.007994661
0.007878307
0.007928359
0.007897317
0.007972995
0.007899140
0.007896329
0.007937422
0.007934609
0.007907683
0.008011223
0.007966016
0.008057369
0.007968984
0.007899453
0.007904089
0.007873724
0.007976484
0.007916537
0.007968671
0.008038515
0.008077473
0.008087681
0.007921015
0.007816745
0.007981015
0.008019817
0.007899714
0.007957786
0.007941067
0.007862526
0.007998932
0.007857630
0.008048203
0.007933099
0.007946797
0.007883255
0.007865547
0.007925703
0.007925807
0.007899922
0.007977734
0.007977890
0.007883203
0.007872162
0.007968202
0.007947474
0.007926067
0.007989401
0.007989244
0.007942474
0.008032786
0.007973411
0.007935494
0.007894401
0.007999088
0.007916380
0.007956640
0.007890339
0.007938255
0.008039400
0.007976484
0.008041796
0.007885391
0.007984453
0.007922213
0.007907109
0.007990859
0.007947109
0.007934348
0.007898672
0.007924141
0.007923047
0.007845495
0.007895339
0.007912578
0.007995651
0.007992161
0.007930911
0.007958568
0.007979557
0.007937421
0.008015130
0.008009609
0.007960078
0.007934609
0.008016015
0.008082785
0.007942057
0.007942109
0.007892579
0.007992265
0.007918099
0.007925859
0.007923620
0.007863984
0.008041745
0.007982734
0.007870338
0.007925026
0.007889922
0.007919974
0.007876588
0.007930391
0.007975442
0.007860807
0.007887526
0.007939037
0.007926796
0.007973359
0.008015651
0.007930703
0.008118202
0.007906276
0.007893880
0.008043931
0.007995182
0.007931172
0.007936432
0.007952265
0.007874036
0.007891120
0.007922109
0.007912370
0.007957213
0.007922578
0.007991589
0.007982109
0.007903619
0.007859506
0.008022994
0.007902370
0.007980390
0.007973620
0.008057161
0.007842110
0.007929401
0.007894609
0.007968672
0.007834401
0.008060547
0.007906953
0.007971015
0.007951328
0.007886276
0.007893620
0.007927995
0.007900859
0.007897317
0.007921380
0.007936067
0.008032421
0.007977161
0.007901120
0.007875911
0.007948099
0.007826641
0.008064608
0.007883255
0.007890391
0.007897266
0.007987525
0.007897942
0.007844193
0.007955494
0.007985494
0.007982526
0.007945078
0.007938255
0.007986224
0.007964245
0.007859453
0.007799349
0.008015182
0.007957161
0.008068879
0.007821016
0.007840807
0.007900287
0.007957786
0.007851797
0.007885703
0.007951224
0.007850391
0.007981172
0.007899505
0.008016067
0.008008203
0.007814350
0.007883255
0.008114036
0.007880495
0.007882474
0.007869401
0.007967005
0.007943724
0.007942005
0.007966172
0.008117942
0.007896172
0.007875963
0.007932422
0.007965859
0.007936120
0.007920026
0.007877474
0.007908098
0.007901745
0.007867318
0.008049609
0.008001693
0.007915651
0.007839662
0.007885547
0.007893828
0.007957109
0.007924869
0.007930703
0.008050442
0.007918464
0.008314400
0.007949974
0.007981223
0.007921224
0.007907474
0.007938255
0.007967057
0.007954401
0.007910443
0.007830704
0.008018150
0.007978411
0.007852943
0.007902943
0.007908516
0.007881953
0.007925026
0.007863255
0.007996953
0.007940286
0.007978307
0.007985755
0.007906797
0.007963515
0.007921588
0.007991849
0.008010390
0.008074557
0.008051484
0.007921901
0.008073099
0.007958098
0.007947370
0.007862683
0.007999088
0.007916589
0.008038932
0.007947370
0.007914818
0.007918671
0.007893776
0.007964505
0.007977474
0.007924869
0.008010026
0.007906224
0.007887214
0.007921953
0.007983567
0.008022317
0.007911849
0.007859610
0.007918880
0.007987578
0.007881693
0.007916536
0.007936641
0.007864766
0.007823984
0.007900234
0.008027213
0.007914506
0.007989870
0.008041016
0.007930026
0.007940755
0.007980391
0.007899036
0.007938568
0.007970443
0.008010391
0.007955860
0.008097578
0.007881641
0.008041536
0.007869297
0.007979818
0.007807787
0.007944974
