0.018337690
0.018400971
0.018510711
0.018405137
0.018493315
0.018457429
0.018427586
0.018506804
0.018279097
0.018424721
0.018492013
0.018346075
0.018462117
0.018433158
0.018547273
0.018431753
0.018362429
0.019087375
0.018339201
0.018489304
0.018367481
0.018438992
0.018525346
0.018497950
0.018575085
0.018320398
0.018420554
0.018441856
0.018550137
0.018426023
0.018472325
0.018295972
0.018491544
0.018447846
0.018538522
0.018479825
0.018429252
0.018360972
0.018459564
0.018431076
0.018620762
0.018406336
0.018370659
0.018371545
0.018474252
0.018437117
0.018345138
0.018526908
0.018453575
0.018308159
0.018321910
0.018467169
0.018397638
0.018393263
0.018485971
0.018388211
0.018291440
0.018407117
0.018466023
0.018289253
0.018320399
0.018353888
0.018486908
0.018476909
0.018576804
0.018347065
0.018322638
0.018537533
0.018493627
0.018439825
0.018326076
0.018323732
0.018389774
0.018403315
0.018423835
0.018431440
0.018521439
0.018273680
0.018490919
0.018526648
0.018610189
0.018425399
0.018395867
0.018514773
0.018404826
0.018396492
0.018396388
0.018412117
0.018325764
0.018526022
0.018526284
0.018399357
0.018429877
0.018436960
0.018613210
0.018365086
0.018415972
0.018378888
0.018444461
0.018398471
0.018551440
0.018526075
0.018559616
0.018435763
0.018397065
0.018444409
0.018488523
0.018536960
0.018342169
0.018551648
0.018412586
0.018420242
0.018450033
0.018275399
0.018506075
0.018398524
0.018537794
0.018391075
0.018323003
0.018498627
0.018345763
0.018456440
0.018311441
0.018428003
0.018464617
0.018294253
0.018434669
0.018475086
0.018507430
0.018469304
0.018444461
0.018330764
0.018568158
0.018488576
0.018474825
0.018399252
0.018365763
0.018434409
0.018483107
0.018341492
0.018382065
0.018402065
0.018310503
0.018345138
0.018451284
0.018374148
0.018313367
0.018356076
0.018570710
0.018290138
0.018358784
0.018487169
0.018316180
0.018471544
0.018321700
0.018323368
0.018465972
0.018409096
0.018452117
0.018453002
0.018551596
0.018558835
0.018418575
0.018339305
0.018430659
0.018433419
0.018493471
0.018471440
0.018508887
0.018391596
0.018610814
0.018411648
0.018585033
0.018351024
0.018320972
0.018460867
0.018332014
0.018416284
0.018431231
0.018388732
0.018462325
0.018573679
0.018494565
0.018417586
0.018457638
0.018434670
0.018430919
0.018511440
0.018321285
0.018425815
0.018551075
0.018491909
0.018412117
0.018504981
0.018358055
0.018423523
0.018349513
0.018364514
0.018433211
0.018411075
0.018365971
0.018430815
0.018511128
0.018305659
0.018427221
0.018367794
0.018522689
0.018410919
0.018460034
0.018454200
0.018298212
0.018366388
0.018584512
0.018450242
0.018490919
0.018590659
0.018361180
0.018339201
0.018612377
0.018394461
0.018567169
0.018418836
0.018588888
0.018301961
0.018349722
0.018409461
0.018323628
0.018328472
0.018539304
0.018482481
0.018363159
0.018425763
0.018490659
0.018420086
0.018309149
0.018380816
0.018415711
0.018595085
0.018480867
0.018445034
0.018382742
0.018393524
0.018411909
0.018443471
0.018580242
0.018415763
0.018305035
0.018397065
0.018568679
0.018401128
0.018423211
0.018529096
0.018380347
0.018346597
0.018421336
0.018414669
0.018549825
0.018566648
0.018494929
0.018604877
0.018303107
0.018386388
0.018518731
0.018482430
0.018377377
0.018342118
0.018508003
0.018577273
0.018518992
0.018383315
0.018729876
0.018340816
0.018287534
0.018480971
0.018472326
0.018494722
0.018317587
0.018505346
0.018504461
0.018459565
0.018377482
0.018349878
0.018530815
0.018518211
0.018474877
0.018467899
0.018403576
0.018296076
0.018362795
0.018546752
0.018444721
0.018522742
0.018502274
0.018509513
0.018537846
0.018331857
0.018466231
0.018458940
0.018348212
0.018427950
0.018449461
0.018306701
0.018555919
0.018423836
0.018503992
0.018420920
0.018424982
0.018275347
0.018424826
0.018410451
0.018559357
0.018423627
0.018318628
0.018479513
0.018323576
0.018403888
0.018550763
0.018516961
0.018431701
0.018412951
0.018324878
0.018522378
0.018322379
0.018427638
0.018451856
0.018441232
0.018402222
0.018456128
0.018415971
0.018365816
0.018530034
0.018360034
0.018324722
0.018384201
0.018408993
0.018343993
0.018523263
0.018314670
0.018527898
0.018396284
0.018427482
0.018443107
0.018370867
0.018399461
0.018448993
0.018417066
0.018446388
0.018303420
0.018423576
0.018510503
0.018486492
0.018398159
0.018401753
0.018361388
0.018469357
0.018565241
0.018390451
0.018459096
0.018518054
0.018488628
0.018293160
0.018428836
0.018293784
0.018520398
0.018499565
0.018592638
0.018528106
0.018443159
0.018471076
0.018361649
0.018365295
0.018419774
0.018486075
0.018486336
0.018562794
0.018396701
0.018550867
0.018428732
0.018454357
0.018463992
0.018543107
0.018482690
0.018440815
0.018467898
0.018383368
0.018462378
0.018365659
0.018419982
0.018453524
0.018508471
0.018342014
0.018485659
0.018383003
0.018427899
0.018571596
0.018400867
0.018390243
0.018408055
0.018306545
0.018420919
0.018385711
0.018304879
0.018487690
0.018327847
0.018559878
0.018408836
0.018555242
0.018430868
0.018531179
0.018407013
0.018338577
0.018431492
0.018373264
0.018400660
0.018534982
0.018293316
0.018301337
0.018394514
0.018639252
0.018340138
0.018389722
0.018538159
0.018509460
0.018421388
0.018405555
0.018482743
0.018372742
0.018311128
0.018515242
0.018793575
0.018456596
0.018584982
0.018435502
0.018468836
0.018366232
0.018407742
0.018388159
0.018495919
0.018348055
0.018546857
0.018379305
0.018439722
0.018387743
0.018400868
0.018328472
0.018443211
0.018400086
0.018398680
0.018490503
0.018543263
0.018296962
0.018482118
0.018331076
0.018347170
0.018332951
0.018428003
0.018405920
0.018376024
0.018274461
0.018478524
0.018492846
0.018291025
0.018289670
0.018436284
0.018448784
0.018446336
0.018463784
0.018453628
0.018538784
0.018287327
0.018428628
0.018451076
0.018699929
0.018470711
0.018330503
0.018393576
0.018375920
0.018413993
0.018403472
0.018330868
0.018281180
0.018374513
0.018392274
0.018436493
0.018482742
0.018440294
0.018285555
0.018374305
0.018433524
0.018415816
0.018392014
0.018335503
0.018436388
0.018570190
0.018468368
0.018445971
0.018513680
0.018716544
0.018347743
0.018513523
0.018299514
0.018448628
0.018321232
0.018516596
0.018428889
0.018528055
0.018518263
0.018396128
0.018469357
0.018366337
0.018441753
0.018384253
0.018580711
0.018441128
0.018454357
0.018447534
0.018522899
0.018424253
0.018356493
0.018392638
0.018302327
0.018347013
0.018480554
0.018507066
0.018444826
0.018446128
0.018651388
0.018353368
0.018502742
0.018275712
0.018427638
0.018400139
0.018444149
0.018337534
0.018445191
0.018408732
0.018433836
0.018459826
0.018518628
0.018314305
0.018361441
0.018534200
0.018315399
0.018395660
0.018313576
0.018347327
0.018449982
0.018472170
0.018394410
0.018436597
0.018516493
0.018462325
0.018417638
0.018404461
0.018374983
0.018414357
0.018336128
0.018523472
0.018522482
0.018308889
0.018498315
0.018445764
0.018699304
0.018431076
0.018377534
0.018460034
0.018426180
0.018379097
0.018547846
0.018418107
0.018548576
0.018418159
0.018322014
0.018428784
0.018455711
0.018371909
0.018368681
0.018769773
0.018461701
0.018450867
0.018637169
0.018406597
0.018400919
0.018292170
0.018458367
0.018418785
0.018491180
0.018327170
0.018718471
0.018488992
0.018278108
0.018457378
0.018344670
0.018522273
0.018493264
0.018431805
0.018358159
0.018448003
0.018388524
0.018747169
0.018362847
0.018365972
0.018519357
0.018391909
0.018446649
0.018343680
0.018329670
0.018314930
0.018653731
0.018584357
0.018608159
0.018354826
0.018433212
0.018360816
0.018372170
0.018423785
0.018410087
0.018302327
0.018396545
0.018452534
0.018501648
0.018402326
0.018375243
0.018281754
0.018598732
0.018408993
0.018505190
0.018385451
0.018422118
0.018305087
0.018378993
0.018474930
0.018433316
0.018426545
0.018724513
0.018324253
0.018400295
0.018359358
0.018452170
0.018428472
0.018293681
0.018511024
0.018625867
0.018550659
0.018308525
0.018459513
0.018592690
0.018366024
0.018509773
0.018321076
0.018380711
0.018430347
0.018411284
0.018431701
0.018466180
0.018493003
0.018480971
0.018447742
0.018312378
0.018363576
0.018264722
0.018565919
0.018333316
0.018432743
0.018585034
0.018524618
0.018467065
0.018542899
0.018630451
0.018459357
0.018567586
0.018370712
0.018492013
0.018521180
0.018545451
0.018460503
0.018509044
0.018339306
0.018526492
0.018376805
0.018365764
0.018462795
0.018456284
0.018372066
0.018351702
0.018411128
0.018432483
0.018467951
0.018552743
0.018441180
0.018530242
0.018422691
0.018418784
0.018397535
0.018432691
0.018357743
0.018423160
0.018400139
0.018611440
0.018413993
0.018464096
0.018410764
0.018521701
0.018335347
0.018419878
0.018418941
0.018413836
0.018519149
0.018369410
0.018634982
0.018630658
0.018416858
0.018551441
0.018400191
0.018441545
0.018378941
0.018429045
0.018420607
0.018407014
0.018408732
0.018545503
0.018442326
0.018392847
0.018478055
0.018500920
0.018343993
0.018323420
0.018519774
0.018531701
0.018446545
0.018640346
0.018596128
0.018301128
0.018413576
0.018336806
0.018439617
0.018477431
0.018448889
0.018539148
0.018359722
0.018578836
0.018556440
0.018541389
0.018486180
0.018315556
0.018398784
0.018525711
0.018446597
0.018411753
0.018470503
0.018332119
0.018407430
0.018568992
0.018441597
0.018389306
0.018318837
0.018481181
0.018384409
0.018475503
0.018408107
0.018480815
0.018307066
0.018303213
0.018579669
0.018692638
0.018429879
0.018411181
0.018473940
0.018352326
0.018383994
0.018568159
0.018426441
0.018490920
0.018521545
0.018316441
0.018511076
0.018298525
0.018425347
0.018505451
0.018368420
0.018459045
0.018345555
0.018339774
0.018446441
0.018484201
0.018483264
0.018331233
0.018430920
0.018396389
0.018429566
0.018519618
0.018310555
0.018478420
0.018546857
0.018481805
0.018434306
0.018646648
0.018513264
0.018346441
0.018533212
0.018332743
0.018407587
0.018414722
0.018314775
0.018485555
0.018435556
0.018380868
0.018571805
0.018408160
0.018350607
0.018311076
0.018423368
0.018561232
0.018436285
0.018417795
0.018404045
0.018533837
0.018431961
0.018461493
0.018479931
0.018493003
0.018421701
0.018361077
0.018295973
0.018330816
0.018433889
0.018444201
0.018282952
0.018477743
0.018546545
0.018691075
0.018423056
0.018417743
0.018419097
0.018479514
0.018421441
0.018346128
0.018400660
0.018451753
0.018357796
0.018503732
0.018690502
0.018323993
0.018458003
0.018508316
0.018433420
0.018487847
0.018528732
0.018314046
0.018421024
0.018398941
0.018316338
0.018477691
0.018366806
0.018540034
0.018465504
0.018392014
0.018473264
0.018401649
0.018406962
0.018505347
0.018464305
0.018349670
0.018513680
0.018360608
0.018338160
0.018345712
0.018409409
0.018561492
0.018320764
0.018528992
0.018428368
0.018573940
0.018563837
0.018543003
0.018416493
0.018556805
0.018379566
0.018477274
0.018433107
0.018517899
0.018310243
0.018391545
0.018451649
0.018542899
0.018408160
0.018451702
0.018537899
0.018479774
0.018506441
0.018379879
0.018407952
0.018510138
0.018501492
0.018453732
0.018339878
0.018714773
0.018406701
0.018332587
0.018423993
0.018386701
0.018402326
0.018507118
0.018516649
0.018423628
0.018574305
0.018416597
0.018576752
0.018381962
0.018444201
0.018327900
0.018341546
0.018421440
0.018293420
0.018479826
0.018446493
0.018389775
0.018335139
0.018543472
0.018506701
0.018509461
0.018385191
0.018369722
0.018449514
0.018350869
0.018393472
0.018601544
0.018415295
0.018546649
0.018345607
0.018474983
0.018357899
0.018438264
0.018400086
0.018563367
0.018494149
0.018404566
0.018476649
0.018312327
0.018406129
0.018645555
0.018491076
0.018401493
0.018576701
0.018342483
0.018430191
0.018484410
0.018458212
0.018337847
0.018511284
0.018313473
0.018607742
0.018406753
0.018346650
0.018560503
0.018322274
0.018420400
0.018408524
0.018528889
0.018585399
0.018359357
0.018402483
0.018544305
0.018434358
0.018386181
0.018406337
0.018511962
0.018553524
0.018373680
0.018390816
0.018567690
0.018332900
0.018521493
0.018552586
0.018405243
0.018438628
0.018517274
0.018392691
0.018565191
0.018492378
0.018564774
0.018419254
0.018444774
0.018428421
0.018637118
0.018537326
0.018457275
0.018355660
0.018339046
0.018517013
0.018505504
0.018358785
0.018357119
0.018429983
0.018659409
0.018368889
0.018507691
0.018383681
0.018547430
0.018407535
