0.022218151
0.019097850
0.019170767
0.019067173
0.018932747
0.018987538
0.019091392
0.019180298
0.019153944
0.019037329
0.018884778
0.019077954
0.019070923
0.019001809
0.019013111
0.019067590
0.019029205
0.018966184
0.019103424
0.019145142
0.019077747
0.019328995
0.019123111
0.018963685
0.018911601
0.019064673
0.019209360
0.019033059
0.019166288
0.018979153
0.019050298
0.019268787
0.019088163
0.019097330
0.018954465
0.018996549
0.019152955
0.019113632
0.019058059
0.019054986
0.018963112
0.019109829
0.019222694
0.019136079
0.019106445
0.019085298
0.018985142
0.019008215
0.019139257
0.019104570
0.018954935
0.019070872
0.019188580
0.019122382
0.019113736
0.019090299
0.019185194
0.019037643
0.019025612
0.018930924
0.019043997
0.019003893
0.018948215
0.019042486
0.019016028
0.019294881
0.018933164
0.019206496
0.018889883
0.019007642
0.019152747
0.019134882
0.019104205
0.019206079
0.018989049
0.019036966
0.019045247
0.019129935
0.019164622
0.019061862
0.019225559
0.019057226
0.019182330
0.019307173
0.019036862
0.019031341
0.018994726
0.019113528
0.019215299
0.019039831
0.019146445
0.018902435
0.018955716
0.019094674
0.019181289
0.019090299
0.019192278
0.019043945
0.019104726
0.018999674
0.019041289
0.019094413
0.019053008
0.018995560
0.019166393
0.019023164
0.019100247
0.019103268
0.019117747
0.019111758
0.019137227
0.019114465
0.019033372
0.019116914
0.019103945
0.018997851
0.019019779
0.019079361
0.019038060
0.019057435
0.018915040
0.019102799
0.019317069
0.019040924
0.019141341
0.019180715
0.019069726
0.019061341
0.019105039
0.019019623
0.019188580
0.019146497
0.019072591
0.019149882
0.019126654
0.019054831
0.019010717
0.018962175
0.019020091
0.019176028
0.019219935
0.018980144
0.019096706
0.019079987
0.019209726
0.019065768
0.019037018
0.019046967
0.019155820
0.019134726
0.019231913
0.019128893
0.019174205
0.019037019
0.019133945
0.019104362
0.019076185
0.019147592
0.018982383
0.019064779
0.019173007
0.019089623
0.019054623
0.019263267
0.019197070
0.019069154
0.019050821
0.018914676
0.019092852
0.019122018
0.019177227
0.019118268
0.019089102
0.019142695
0.018936185
0.019051029
0.019107748
0.019041446
0.019197852
0.018926654
0.019180300
0.019324674
0.019175925
0.019079310
0.019123842
0.019149936
0.019827173
0.019052123
0.019192904
0.019015405
0.019008373
0.019160404
0.018939571
0.019286393
0.018992957
0.019061707
0.019106498
0.018944051
0.019080353
0.019246132
0.019287018
0.019038060
0.019141758
0.019023373
0.019163894
0.018958842
0.019137852
0.019043738
0.018906030
0.019026602
0.019084623
0.019110873
0.018955092
0.018990822
0.019149102
0.019009103
0.019159936
0.019329675
0.019211446
0.019057904
0.019006915
0.019235716
0.019186446
0.019101290
0.019047332
0.019040769
0.019047905
0.019074414
0.019134467
0.019137487
0.019186863
0.019028269
0.019080560
0.019033269
0.019269362
0.019213738
0.019013634
0.019080821
0.019062071
0.019138373
0.019169467
0.019138790
0.019062853
0.019037071
0.019062072
0.019087383
0.018933634
0.019063894
0.019207904
0.019116654
0.019132904
0.019097749
0.019001655
0.019103582
0.019064206
0.019040457
0.019075353
0.019118842
0.019008114
0.019111082
0.019137383
0.019031239
0.019203060
0.019036030
0.019207696
0.018896395
0.019159571
0.019052541
0.019088582
0.019128425
0.018876968
0.019255665
0.019120873
0.019049884
0.019281915
0.019073114
0.019030822
0.018978322
0.019039051
0.019002020
0.019106915
0.019175248
0.019014780
0.019089624
0.019131759
0.019073113
0.019090353
0.018937384
0.019183217
0.019114936
0.019140040
0.019043166
0.019247123
0.019146239
0.019172331
0.019083478
0.019168791
0.018991083
0.019252696
0.018910145
0.019082645
0.019033061
0.019193529
0.019105457
0.018923323
0.018930562
0.019049051
0.019116499
0.018904103
0.019080249
0.019139363
0.019133842
0.019104051
0.019086187
0.019068791
0.019211811
0.018933948
0.019236707
0.019135197
0.019091030
0.018975145
0.019045822
0.019092801
0.019118113
0.018914468
0.018865614
0.019139260
0.019117801
0.019134311
0.019159519
0.019081604
0.019007645
0.019087437
0.019058322
0.019105874
0.019207853
0.019130614
0.018954000
0.019105197
0.019053739
0.019219936
0.019283530
0.019116395
0.019196238
0.019134416
0.019069208
0.019156395
0.019213218
0.019103010
0.019142801
0.019204520
0.019064000
0.018935926
0.019100770
0.019022906
0.019111812
0.019162124
0.019040822
0.019192489
0.019149155
0.019079364
0.019205197
0.019131395
0.019062853
0.019177124
0.019063687
0.018966969
0.019086812
0.019175093
0.019041552
0.019009000
0.018988791
0.019137280
0.019214728
0.019132593
0.019050718
0.019103166
0.018989677
0.018975302
0.019025822
0.019091343
0.019067750
0.019098791
0.019063635
0.019222801
0.019155458
0.019023844
0.019076292
0.019169989
0.019045614
0.019254520
0.019258739
0.018937802
0.019075718
0.019046031
0.019087229
0.019069729
0.018935615
0.019069260
0.019103739
0.019064937
0.018942490
0.019088271
0.019151656
0.019117333
0.019026447
0.019112541
0.019157749
0.019119417
0.019127437
0.018997282
0.019457488
0.019198427
0.019137697
0.019179573
0.018961032
0.018954886
0.019035667
0.019232385
0.019171552
0.019072073
0.019105927
0.019197228
0.019073947
0.019125875
0.019124052
0.019107437
0.019065145
0.019083114
0.018999677
0.019157593
0.019194364
0.018957282
0.019167437
0.019292229
0.019082125
0.019218114
0.019421239
0.018922386
0.019109104
0.019096239
0.019018063
0.019143322
0.018938896
0.019092073
0.019109937
0.019131083
0.019119104
0.019078531
0.019041136
0.019198219
0.019181291
0.019024885
0.019028844
0.018970303
0.018937178
0.019099625
0.019304781
0.019156500
0.019056552
0.019021240
0.019056448
0.019002542
0.018996917
0.018999313
0.019053011
0.019200718
0.019099677
0.018921240
0.019123688
0.019041761
0.019025458
0.019077750
0.018963531
0.018954469
0.019078896
0.019031448
0.019028063
0.019001188
0.019232072
0.019089522
0.019102959
0.019163271
0.019127958
0.019273219
0.019055563
0.019177020
0.019199729
0.019246708
0.019058375
0.019026865
0.019114052
0.019068636
0.019179260
0.019080667
0.019071084
0.019165666
0.019115927
0.019151344
0.019039313
0.019176344
0.019129886
0.019156709
0.019097803
0.019209000
0.019103323
0.019341968
0.019083740
0.019173062
0.019147073
0.019110563
0.018868116
0.019124105
0.019082959
0.019001032
0.018971970
0.019182230
0.019145980
0.019143271
0.018991448
0.019109000
0.019162542
0.019130459
0.019060927
0.019181084
0.019084573
0.019009469
0.018910199
0.019015980
0.019148479
0.019103011
0.019046344
0.018953012
0.019234625
0.019070406
0.019139469
0.019054418
0.019089209
0.019147178
0.018926866
0.019247958
0.019020564
0.019184781
0.019038272
0.019007542
0.018925355
0.019059521
0.019856082
0.019178115
0.019028584
0.019004418
0.019071605
0.019077490
0.019122542
0.019115095
0.019044209
0.018918220
0.019168428
0.019302802
0.019167542
0.019200147
0.019087126
0.018955720
0.019083271
0.019095824
0.019164625
0.019113115
0.019051866
0.019194313
0.019164104
0.019008897
0.019010720
0.019067282
0.019087282
0.019082230
0.018932543
0.018939627
0.019114573
0.019364937
0.019022127
0.019168376
0.019132073
0.018999626
0.018947543
0.019004887
0.019033168
0.018993167
0.019047230
0.019100667
0.019283427
0.019170667
0.019080355
0.018932960
0.019125355
0.019025303
0.019018011
0.019126553
0.019132959
0.019176866
0.019021137
0.018962908
0.019173167
0.019064782
0.019047075
0.019172074
0.019209886
0.019007699
0.019023584
0.019070564
0.018997335
0.019075668
0.018994366
0.019163219
0.019123637
0.018942491
0.019109157
0.019107334
0.019177750
0.019209886
0.019091709
0.019090772
0.019045355
0.019088741
0.019108897
0.019074470
0.019140355
0.018914367
0.019049991
0.018959157
0.019073428
0.019133689
0.019165355
0.019114053
0.019115772
0.019191293
0.019187439
0.019093428
0.019029783
0.019108689
0.019040044
0.019061293
0.019022074
0.019060824
0.019112438
0.019116449
0.019089939
0.018945773
0.019082178
0.019031189
0.019230042
0.019058220
0.019097803
0.019197647
0.019111240
0.019171969
0.018935304
0.018908325
0.019052491
0.019018012
0.019152595
0.019205928
0.019155459
0.019185095
0.019076501
0.019148949
0.019153428
0.019089210
0.019134157
0.019110876
0.019105460
0.019296918
0.019080668
0.019022543
0.019135564
0.019036606
0.019073428
0.018915148
0.019134418
0.019207386
0.019036450
0.019003116
0.019045616
0.019121866
0.019165512
0.019017335
0.019031398
0.019010877
0.019112439
0.018917804
0.018974991
0.019137595
0.018980616
0.018922075
0.019003221
0.019224209
0.019020772
0.018965252
0.019095512
0.018917648
0.019056502
0.019034106
0.018945044
0.019207231
0.019098428
0.019100408
0.019049054
0.019058168
0.019055252
0.019195980
0.019175251
0.019064262
0.019061710
0.019079158
0.018947075
0.019022022
0.019068325
0.019163637
0.019048533
0.019058585
0.019106449
0.019004939
0.018915981
0.019036138
0.019057179
0.019124470
0.019085304
0.019243845
0.019037335
0.019177074
0.018982648
0.019139731
0.019032388
0.019102335
0.019202439
0.019163325
0.019067804
0.019063689
0.019226762
0.019110669
0.019171658
0.019103064
0.019238584
0.018975356
0.018961815
0.019096502
0.019109731
0.019110773
0.019095512
0.019032752
0.019275877
0.019047439
0.019029575
0.019150772
0.019176606
0.019059158
0.018953169
0.019137231
0.019144471
0.019201502
0.019041086
0.019147647
0.019155929
0.018981763
0.019100617
0.018910044
0.019043690
0.019108273
0.018958221
0.019195876
0.019124888
0.019145877
0.019037179
0.018948899
0.018920513
0.019103742
0.019035304
0.019007232
0.019021190
0.019216450
0.019188794
0.019015096
0.019109002
0.018867700
0.019079523
0.019033586
0.019090200
0.018949732
0.019153065
0.019125617
0.019278949
0.019244210
0.019185252
0.018999210
0.019253585
0.019131450
0.019063846
0.019130200
0.019119002
0.019118064
0.019027128
0.019074158
0.019079523
0.019114471
0.019226294
0.019095461
0.019072805
0.018981710
0.019151242
0.019167752
0.018943794
0.019138742
0.019108169
0.019163325
0.019047700
0.018938274
0.019185356
0.019162908
0.018959002
0.019103117
0.019074992
0.019084523
0.018981138
0.019440563
0.018933273
0.019077388
0.019226294
0.019165148
0.019017336
0.019041867
0.019091502
0.019036867
0.019020669
0.018891555
0.019197648
0.018998690
0.019119576
0.019122544
0.019045096
0.019021190
0.019183169
0.019103377
0.019160253
0.019074836
0.019009836
0.019236033
0.019081451
0.019117283
0.018999419
0.019130148
0.019064628
0.019031450
0.019115357
0.019022752
0.018922701
0.019156867
0.019096294
0.019356606
0.019114419
0.019070617
0.018981034
0.019149211
0.019015774
0.019243377
0.019126555
0.018977336
0.019127961
0.019159836
0.019064731
0.018974472
0.019109836
0.019003118
0.018918430
0.019090825
0.019066971
0.019189888
0.018944680
0.019206346
0.019156398
0.019114783
0.018988117
0.019029472
0.018916972
0.018941555
0.019194419
0.018980878
0.019067284
0.019052648
0.019243585
0.019151398
0.018951399
0.019149784
0.019105618
0.019399210
0.019362908
0.019147492
0.019057128
0.019021555
0.019045201
0.018930670
0.019265096
0.019135513
0.019131191
0.019144315
0.019057023
0.019096398
0.019313116
0.019131242
0.019023430
0.018987285
0.018978065
0.018946555
0.019046659
0.018988274
0.019063274
0.019115617
0.018978899
0.019058951
0.019055774
0.019064368
0.019133638
0.019182544
0.018969732
0.018855462
0.019098742
0.019060826
0.018932233
0.019130305
0.019070201
0.019238637
0.018968847
0.019031608
0.019066346
0.019016243
0.019065357
0.019088378
0.019055878
0.019085201
0.019178899
0.019115513
0.018996920
0.019124733
0.019103014
0.019167024
0.019130461
0.019001972
0.019070618
0.019239888
0.018957962
0.019155565
0.019124263
0.019156503
0.019058222
0.019206503
0.019142805
0.019123273
0.018996035
0.018932284
0.019073221
0.019124628
0.019331137
0.019161972
0.018997545
0.019149993
0.019146815
0.019114680
0.019049160
0.019061503
0.018944681
0.019136555
0.019031399
0.019187909
0.019091764
0.019174732
0.018995514
0.018953483
0.019077024
0.019206607
0.019159836
0.019177753
0.019134160
0.019053274
0.019064368
0.019138273
0.019058483
0.018937180
0.019015514
0.019000930
0.019040462
0.018987337
0.019095514
0.019046607
0.019064263
0.019118378
0.019030358
0.018905983
0.018984732
0.018996347
0.019119837
0.019059108
0.019089316
