0.003988060
0.003962019
0.003959466
0.006792738
0.007263414
0.006958259
0.006763832
0.006816541
0.006983259
0.006937894
0.006970343
0.006769040
0.006936645
0.006869144
0.007082738
0.006915863
0.006905863
0.006766176
0.006932477
0.006825082
0.006859457
0.003951862
0.003933790
0.003949362
0.006873988
0.006874874
0.007018311
0.006824197
0.006896436
0.006995446
0.006922217
0.006903259
0.006998102
0.006838520
0.006788624
0.006774041
0.006856489
0.006892894
0.006821333
0.006847113
0.006899405
0.006893571
0.004040091
0.007008363
0.006989509
0.006919509
0.006855551
0.007036123
0.007059352
0.007075707
0.007002634
0.006829249
0.006890655
0.006867582
0.006923884
0.006948675
0.006798364
0.006891749
0.006866384
0.007032477
0.003928529
0.007070758
0.006799821
0.006896697
0.006796228
0.006854665
0.006952426
0.006944457
0.007005863
0.007015602
0.006828311
0.006889145
0.006943571
0.006964405
0.006960082
0.006934353
0.006881123
0.006883207
0.006834561
0.003949258
0.007078259
0.006926332
0.006795968
0.006838051
0.006840030
0.007074352
0.006888676
0.007024509
0.006795655
0.006917217
0.006873780
0.006935759
0.006872062
0.006828415
0.006798832
0.006829562
0.006844093
0.006687374
0.004110820
0.006882634
0.006797062
0.007004873
0.007064248
0.006801749
0.006811384
0.006948154
0.006910134
0.006804249
0.006876905
0.006845082
0.006972061
0.007623934
0.007016228
0.006929301
0.007023519
0.006866227
0.003965508
0.003970456
0.003938477
0.006931383
0.006921645
0.007000654
0.006949196
0.006827582
0.006735551
0.006808780
0.006954092
0.007100029
0.006970290
0.006839144
0.006841644
0.006808415
0.006873988
0.006833832
0.006981487
0.006841905
0.006850967
0.003954779
0.004005873
0.006999353
0.006816697
0.006884769
0.006827374
0.006832009
0.006891853
0.006946852
0.006924822
0.007080811
0.006862165
0.006797530
0.006950238
0.006769301
0.006799353
0.006772843
0.006884092
0.006807790
0.006939145
0.003969779
0.003978633
0.007005185
0.006898468
0.006833988
0.006878728
0.006894196
0.006936280
0.006780134
0.007084352
0.006863207
0.006928675
0.006853936
0.006870602
0.006755916
0.006894040
0.006894301
0.006982894
0.006981540
0.003936290
0.006968207
0.006809509
0.006976436
0.006878623
0.006936592
0.006796853
0.006964352
0.006970915
0.006796176
0.006862322
0.007081956
0.006942166
0.006781853
0.006896227
0.007037842
0.006861228
0.006872478
0.006870967
0.003940092
0.003964623
0.006881853
0.006928311
0.006841593
0.006816749
0.006888728
0.006891800
0.006899509
0.006901019
0.006822270
0.007031957
0.006851592
0.006888936
0.006990342
0.006906852
0.006859145
0.006919092
0.006905759
0.006887791
0.003925300
0.006954821
0.007000134
0.006838937
0.007007790
0.006901489
0.007011227
0.006806645
0.006814562
0.006920968
0.006807634
0.006884040
0.006955655
0.006970446
0.006887270
0.006895655
0.006828832
0.006945916
0.003950144
0.003973998
0.003995196
0.006973779
0.006751489
0.006889926
0.006850239
0.006917425
0.006962634
0.006893571
0.007022373
0.006818936
0.006912842
0.006956749
0.006996956
0.006978571
0.006994821
0.006866488
0.006896697
0.006960499
0.006921593
0.003873946
0.003983633
0.003958893
0.003947851
0.003980456
0.003967279
0.003976133
0.006844301
0.006889977
0.006961123
0.007055967
0.006868050
0.006869457
0.006948259
0.007015134
0.006832061
0.006930394
0.006870342
0.006914926
0.006910759
0.006906228
0.006958467
0.006866697
0.006859770
0.004049258
0.006967790
0.006974821
0.006953728
0.006819405
0.006808467
0.006836540
0.006871801
0.006958676
0.006903415
0.007000811
0.006995602
0.006800134
0.006880447
0.006940498
0.006801072
0.006835238
0.006796957
0.003942331
0.003976081
0.003970560
0.004365819
0.006971592
0.006971227
0.006817217
0.006787895
0.006836019
0.006922686
0.006852582
0.006993571
0.006915915
0.006829145
0.006856749
0.006915030
0.006874665
0.006819874
0.006984978
0.006769769
0.006871853
0.003932852
0.003959883
0.003934779
0.003966237
0.003912279
0.006881124
0.007029040
0.006838103
0.006834717
0.006778832
0.006994769
0.006997009
0.006975706
0.006864405
0.006954405
0.006982061
0.007027217
0.006887842
0.007002738
0.006866436
0.006868363
0.006955238
0.003938998
0.003940560
0.003925925
0.006954196
0.006755291
0.006815082
0.006856957
0.006955915
0.006891592
0.006908572
0.006975550
0.006803363
0.006938259
0.006951280
0.006903989
0.006916749
0.006816019
0.006855915
0.006708884
0.006964978
0.007005185
0.003938685
0.003952904
0.003924362
0.006945290
0.006855812
0.006818572
0.006901644
0.006882166
0.007056904
0.006819249
0.006848467
0.006896644
0.006862686
0.006883884
0.007012217
0.006815967
0.006809770
0.006793571
0.006894092
0.006871228
0.006780134
0.003957748
0.003939623
0.003956550
0.006851541
0.006781489
0.006933780
0.006755707
0.006877946
0.006771593
0.006878154
0.006941749
0.006942321
0.006888519
0.006876384
0.007071904
0.006801645
0.006908572
0.007031540
0.006911227
0.006766229
0.006785968
0.003952071
0.006832738
0.006788155
0.006947582
0.006847999
0.006806957
0.006832739
0.006933416
0.006913363
0.006925446
0.006782895
0.006800343
0.006862686
0.007022165
0.006886540
0.006848728
0.006882582
0.006934509
0.003925717
0.003961550
0.003963790
0.006984249
0.006986175
0.006805915
0.006817374
0.006827322
0.006880186
0.006782583
0.006811958
0.006893571
0.007038311
0.006878832
0.007092321
0.006820759
0.006893050
0.006912686
0.006799509
0.006844300
0.007014301
0.004047175
0.004020143
0.003954987
0.006913468
0.006925238
0.006971800
0.006808936
0.006903988
0.006857739
0.006980915
0.006804821
0.006867947
0.006859196
0.006858311
0.006993311
0.006831749
0.006824770
0.006882530
0.006853260
0.007046488
0.003939363
0.003916394
0.006938363
0.006915707
0.006782009
0.006859405
0.006961019
0.006785916
0.006887895
0.006939665
0.006953051
0.006869978
0.006907426
0.006825759
0.006965759
0.006922529
0.006892374
0.006877061
0.004224101
0.004026081
0.004019206
0.006975499
0.006850290
0.006862165
0.006864926
0.006784509
0.006990238
0.006915395
0.006844405
0.007078206
0.006848103
0.006907478
0.007007269
0.006748572
0.006835551
0.006881176
0.006870551
0.006834197
0.004056966
0.003974154
0.003876290
0.004058425
0.004082227
0.004085977
0.006965968
0.006872739
0.006898624
0.006913623
0.006954717
0.007025498
0.006944457
0.006897373
0.006967061
0.006869925
0.006805603
0.006877322
0.006919509
0.006830499
0.006972217
0.006918207
0.006974665
0.004016654
0.003955091
0.003938061
0.006893624
0.006888623
0.006843467
0.006950238
0.007212269
0.006860603
0.006869353
0.006811905
0.006921228
0.006810395
0.006982322
0.006980498
0.007030967
0.006801645
0.006762062
0.006821072
0.006903103
0.003963113
0.003865560
0.003962799
0.004026966
0.004032330
0.003976342
0.006801801
0.006933467
0.007044300
0.006803103
0.006840812
0.006867686
0.006943936
0.006919925
0.006829197
0.006906280
0.006835498
0.006759562
0.006827165
0.006850759
0.006948624
0.006918363
0.006890603
0.006940395
0.003962331
0.004000821
0.003984154
0.003976028
0.003943425
0.003929362
0.004074257
0.003949154
0.003945195
0.003970612
0.006750968
0.006927843
0.006957790
0.007002113
0.006981592
0.006838884
0.006899873
0.006736906
0.006829822
0.006889874
0.006896488
0.006829926
0.006863624
0.006872269
0.006771697
0.006999977
0.006788207
0.006854874
0.006970967
0.006914926
0.006850030
0.006909352
0.006898520
0.006819666
0.006952790
0.006821228
0.006772061
0.006788051
0.006927217
0.006837946
0.006838259
0.006919561
0.006916280
0.006965238
0.006824718
0.006866228
0.003950613
0.004032071
0.006784197
0.006894665
0.006777842
0.006954300
0.006873624
0.006804197
0.006841437
0.007056123
0.006794717
0.006996280
0.006851228
0.006904873
0.006816228
0.006933363
0.007037842
0.006968780
0.007016176
0.006852010
0.004044726
0.006884353
0.006967530
0.006947061
0.006769458
0.006841489
0.006846593
0.006905394
0.006942947
0.006880186
0.007051279
0.006845290
0.006753884
0.006846228
0.006762842
0.006922373
0.006890134
0.006833571
0.006884301
0.004044727
0.006851541
0.006865343
0.006787687
0.006917634
0.006847374
0.006915759
0.006967738
0.006931592
0.006787635
0.006983467
0.006814197
0.006980602
0.007014352
0.006870239
0.006828728
0.006794457
0.006881488
0.003898425
0.003929414
0.003958425
0.003977643
0.003957852
0.006932530
0.006919197
0.006825916
0.006735760
0.006999144
0.006798155
0.006963884
0.006986852
0.006807478
0.006953155
0.006844770
0.006953311
0.007028154
0.006942686
0.006860135
0.006882218
0.006805603
0.003945352
0.003972904
0.003930300
0.004082018
0.003928738
0.004031915
0.003947331
0.004096028
0.003941342
0.003957331
0.003943216
0.003893060
0.004081757
0.003973269
0.003962748
0.003862435
0.006857582
0.006910499
0.006969769
0.007058050
0.006935967
0.006890603
0.006825499
0.006855707
0.006799979
0.006836645
0.006920863
0.006962999
0.006845863
0.006979301
0.006854092
0.006886488
0.006847374
0.003981185
0.006947739
0.006834822
0.006886072
0.006910916
0.006953988
0.006924196
0.006928467
0.006846384
0.006800343
0.007001800
0.006752375
0.006904770
0.007232321
0.006818520
0.006953259
0.006984300
0.006807270
0.006994561
0.004045821
0.006816801
0.006833885
0.006904665
0.006851853
0.006893780
0.007014821
0.006942790
0.006851071
0.006853259
0.006877166
0.006809301
0.006797739
0.007010707
0.006871697
0.006854926
0.006883884
0.006972529
0.006954092
0.003959519
0.004037748
0.004093632
0.006897217
0.006940603
0.006942842
0.006966228
0.007175029
0.006792582
0.006850655
0.006796176
0.006897374
0.006806697
0.006812791
0.006917061
0.006847738
0.006886124
0.007062686
0.006786697
0.006777061
0.004014883
0.006955186
0.006888832
0.006786176
0.006818729
0.006948259
0.006980707
0.006897999
0.006843676
0.006973102
0.007079717
0.006946280
0.006960707
0.006894457
0.006853103
0.006800968
0.006907426
0.006872530
0.006989769
0.003981914
0.003951497
0.006864926
0.007190810
0.006896332
0.006912634
0.006990186
0.006987269
0.006839874
0.006738781
0.006922529
0.006998571
0.006935082
0.007010082
0.006850446
0.006869822
0.007065134
0.006838051
0.006935603
0.006843468
0.003945404
0.003969623
0.003970352
0.003966290
0.006967998
0.006975759
0.006958779
0.006948728
0.006803676
0.006892270
0.006830707
0.006839406
0.006867634
0.006793208
0.006855395
0.006913051
0.006888676
0.006969249
0.006806644
0.006844874
0.006831280
0.003959258
0.003968269
0.003929831
0.003954311
0.003973060
0.006792947
0.006965238
0.006847635
0.006895082
0.006793051
0.006861489
0.006908988
0.006888989
0.006902009
0.006849926
0.006750343
0.006871905
0.006834822
0.006842426
0.006803676
0.006827062
0.007021852
0.006926124
0.004040560
0.003942279
0.007082321
0.006787270
0.006812478
0.006799926
0.006903936
0.006922426
0.006943727
0.007081227
0.006898676
0.006885186
0.006804458
0.006781905
0.007252946
0.006883728
0.006861332
0.006953988
0.006934613
0.006908832
0.003858529
0.003959935
0.003933217
0.003949102
0.003941290
0.003935664
0.003994310
0.003986810
0.006902061
0.006932165
0.006908675
0.006954717
0.006838260
0.006769197
0.007029509
0.006870551
0.006836593
0.006759510
0.006949301
0.006917165
0.006958468
0.007015811
0.006956593
0.006977113
0.006860863
0.003937279
0.006862062
0.006977947
0.006851749
0.006952009
0.006901124
0.006869718
0.006943884
0.006921904
0.006856489
0.006862374
0.006976645
0.006846176
0.006784823
0.006806645
0.006963051
0.006859613
0.006942686
0.006853051
0.003944310
0.004016289
0.003944050
0.003975872
0.004580923
0.006787061
0.006969874
0.006894301
0.006992790
0.007012894
0.006821124
0.006900343
0.006803884
0.006953467
0.006944145
0.006794197
0.006942009
0.006779405
0.006918832
0.006864822
0.006954300
0.006769979
0.004052904
0.003958997
0.003954831
0.003938164
0.003968529
0.006969509
0.006850551
0.006831854
0.006812790
0.006967477
0.007027373
0.006877895
0.006858780
0.006910915
0.006838103
0.006837426
0.006789353
0.007032634
0.006852218
0.006792999
0.007004509
0.006857946
0.003920717
0.003953165
0.003946289
0.003958582
0.003922539
0.003977748
0.003974258
0.006803415
0.006933468
0.006829822
0.006941540
0.006852739
0.006862634
0.006753780
0.006895864
0.006931176
0.006841488
0.006862634
0.006906749
0.006907738
0.006929717
0.006825030
0.006949457
0.006900655
0.003952956
0.004025508
0.003964571
