0.004766864
0.004742645
0.004840457
0.004798478
0.004927384
0.004801082
0.004759416
0.004782072
0.004868947
0.004801290
0.004806187
0.004786760
0.004782957
0.004841863
0.004871030
0.004831968
0.004890613
0.004852020
0.004895196
0.004926029
0.004791551
0.004910925
0.004757280
0.004825562
0.004776655
0.004866915
0.004755405
0.004928166
0.004809364
0.004825196
0.004839415
0.004768373
0.004748061
0.004921811
0.004731135
0.004774988
0.004862228
0.004786395
0.004877645
0.004757332
0.004768686
0.004876499
0.004755614
0.004914727
0.004928790
0.004910665
0.004753687
0.004772853
0.004857957
0.004763686
0.004837748
0.004767280
0.004757384
0.004772280
0.004845769
0.004824415
0.004758999
0.004782645
0.004881290
0.004759207
0.004894727
0.004791187
0.004816967
0.004783738
0.004932488
0.004734363
0.004833791
0.004766655
0.004797228
0.004803061
0.004828478
0.004782645
0.004849884
0.004797489
0.004826551
0.004890717
0.004767593
0.004904467
0.004848842
0.004782019
0.004759207
0.004848218
0.004914676
0.004802019
0.004806447
0.004779884
0.004779624
0.004766239
0.004800718
0.004876811
0.004764155
0.004989988
0.004799884
0.004899571
0.004794520
0.004800509
0.004727853
0.004887905
0.004791968
0.004772853
0.004787384
0.004847280
0.004775666
0.004912592
0.004797592
0.004800718
0.004784675
0.004883582
0.004789259
0.004869884
0.004789780
0.004878061
0.004888894
0.004867488
0.004753373
0.004851447
0.004982019
0.004783009
0.004874728
0.004796446
0.004776186
0.004894467
0.004836967
0.004797332
0.004892331
0.004775770
0.004887019
0.004775301
0.004791863
0.004738947
0.004891550
0.004867124
0.004776759
0.004836499
0.004797853
0.004761499
0.004749571
0.004767853
0.004748322
0.004757957
0.004810092
0.004881863
0.004755978
0.004750353
0.004781447
0.004858061
0.004754936
0.004770457
0.004769415
0.004855925
0.004916394
0.004890040
0.004732124
0.004991446
0.004868061
0.004795926
0.004783686
0.004768061
0.004784623
0.004759884
0.004888217
0.004770144
0.004840457
0.004852800
0.004799623
0.004816290
0.004855092
0.004740613
0.004870613
0.004788529
0.004879415
0.004890405
0.004883009
0.004792020
0.004920926
0.004863061
0.004789520
0.004891082
0.004744676
0.004794051
0.004872332
0.004761759
0.004899467
0.004786551
0.004746812
0.004898321
0.004827071
0.004775405
0.004813113
0.004794207
0.004858686
0.004741967
0.004886186
0.004786654
0.004793738
0.004907696
0.004832332
0.004799207
0.004788270
0.004854051
0.004878894
0.004839155
0.004843946
0.004870248
0.004867280
0.004886550
0.004794572
0.004809623
0.004742905
0.004765457
0.004782436
0.004785092
0.004751394
0.004793947
0.004794519
0.004770196
0.004790092
0.005134206
0.004835821
0.004751916
0.004773530
0.004825978
0.004885821
0.004719363
0.004807801
0.004791967
0.004797644
0.004776030
0.004879259
0.004879050
0.004855405
0.004784102
0.004761863
0.004801082
0.004813738
0.004828633
0.004863321
0.004841811
0.004839935
0.004766238
0.004832540
0.004799936
0.004794832
0.004872696
0.004783633
0.004949102
0.004787279
0.004934831
0.004760300
0.004744832
0.004770926
0.004884519
0.004757332
0.004797175
0.004747384
0.004802123
0.004791759
0.004765457
0.004764988
0.004815144
0.004735092
0.004780509
0.004773842
0.004775873
0.004859363
0.004819102
0.004800509
0.004797800
0.004787800
0.004805508
0.004767487
0.004976706
0.004769155
0.004768425
0.004729155
0.004760613
0.004836394
0.004786550
0.004756968
0.004812957
0.004748009
0.004775821
0.004741811
0.004798425
0.004795612
0.004844363
0.004762280
0.004752436
0.004791811
0.004906238
0.004802175
0.004761654
0.004787540
0.004794728
0.004752800
0.004728321
0.004865977
0.004822644
0.004736082
0.004889727
0.004793685
0.004880873
0.004766394
0.004779363
0.004839311
0.004878790
0.004784206
0.004841550
0.004748374
0.004936394
0.004875040
0.004770821
0.004774831
0.004795665
0.004873216
0.004774571
0.004878425
0.004796758
0.004785717
0.004869571
0.004850092
0.004781654
0.004748946
0.004929779
0.004838321
0.004793998
0.004796446
0.004770821
0.004901550
0.004788113
0.004814050
0.004867695
0.004806185
0.004785822
0.004781082
0.004863946
0.004848373
0.004805769
0.004836186
0.004787852
0.004773686
0.004823112
0.004781758
0.004894519
0.004761030
0.004866029
0.004799987
0.004822904
0.004803164
0.004803842
0.004885456
0.004796811
0.004818737
0.004783425
0.004790509
0.004789258
0.004792332
0.004900665
0.004778633
0.004744779
0.004719154
0.004858372
0.004744571
0.004886914
0.004926550
0.004947748
0.004795977
0.004779155
0.004809311
0.004736029
0.004808321
0.004866446
0.004884674
0.004761759
0.004761238
0.004766446
0.004859467
0.004810664
0.004775248
0.004918945
0.004760508
0.004767748
0.004819675
0.004833582
0.004795039
0.004805717
0.004817696
0.004766655
0.004771915
0.004773686
0.004901810
0.004790300
0.004745561
0.004833946
0.004785040
0.004881446
0.004787279
0.004770665
0.004773842
0.004802539
0.004788737
0.004762019
0.004818894
0.004800248
0.004868581
0.004828530
0.004726654
0.004761186
0.004889571
0.004763738
0.004798529
0.004860768
0.004792956
0.004926029
0.004805404
0.004785353
0.004759363
0.004729311
0.004883165
0.004841342
0.004789414
0.004750092
0.004906602
0.004806759
0.004775404
0.004847695
0.004776654
0.004976602
0.004757592
0.004760195
0.004813268
0.004793946
0.004799206
0.004762696
0.004776706
0.004848268
0.004760925
0.004893789
0.004792540
0.004927071
0.004783789
0.004784571
0.004819466
0.004774363
0.004879259
0.004890872
0.004858112
0.004798321
0.004892383
0.004781290
0.004793425
0.004812383
0.004773217
0.004867070
0.004844727
0.004777592
0.004860872
0.004781914
0.004951549
0.004756862
0.004776185
0.004759102
0.004771550
0.004991914
0.004770560
0.004858842
0.004853633
0.004887956
0.004761394
0.004852071
0.004809206
0.004810248
0.004847591
0.004904414
0.004946237
0.004849363
0.004803009
0.004934727
0.004808686
0.004925560
0.004793894
0.004760821
0.004842643
0.004788321
0.004858008
0.004763217
0.004858008
0.004912748
0.004784310
0.004822904
0.004774310
0.004832279
0.004876653
0.004778425
0.004827904
0.004873789
0.004778425
0.004742227
0.004932435
0.004779936
0.004926602
0.004778425
0.004963216
0.004891810
0.004767332
0.004806133
0.004832540
0.004842643
0.004770925
0.004858112
0.004769519
0.004849363
0.004867956
0.004776238
0.004871393
0.004847644
0.004785247
0.004757957
0.004912904
0.004794519
0.004769519
0.004735040
0.004887175
0.004755560
0.004793216
0.004816237
0.004783321
0.004827643
0.004768008
0.004832383
0.004848008
0.004732331
0.004837279
0.004828477
0.004784050
0.004907643
0.004862748
0.004807748
0.004791550
0.004838686
0.004802644
0.004768581
0.004904154
0.004750195
0.004813425
0.004784935
0.004772748
0.004772852
0.004799779
0.004755039
0.004958581
0.004799727
0.004798686
0.004799467
0.004879831
0.004800821
0.004821029
0.004763060
0.004953425
0.004904466
0.004865768
0.004862122
0.004782226
0.004796863
0.004762747
0.004886549
0.004763998
0.004820351
0.004796081
0.004838737
0.004831602
0.004817487
0.004784727
0.004843789
0.004835300
0.004769779
0.004842279
0.004879935
0.004773946
0.004863060
0.004833998
0.005009102
0.004758946
0.004913008
0.004756810
0.004823841
0.004852643
0.004757227
0.004874779
0.004773998
0.004789623
0.004893997
0.004770144
0.004843320
0.004782070
0.004767436
0.004758633
0.004863997
0.004876653
0.004846654
0.004824987
0.004760404
0.004781186
0.004765352
0.004783268
0.004757383
0.004800507
0.004811810
0.004768165
0.004811706
0.004788060
0.004771028
0.004844049
0.004874674
0.004795872
0.004792174
0.004952695
0.004773477
0.004964257
0.004792174
0.004848425
0.004904831
0.004777956
0.004800820
0.004799258
0.004783217
0.004729831
0.004785977
0.004756185
0.004752904
0.004841445
0.004899831
0.004857591
0.004781081
0.004851705
0.004774830
0.004793320
0.004827695
0.004790717
0.004802695
0.004879726
0.004800925
0.004821862
0.004815560
0.004779206
0.004793893
0.004800612
0.004915559
0.004831498
0.004780352
0.004777487
0.000984008
0.004768581
0.004770144
0.004786081
0.004787331
0.004879518
0.004810924
0.004827330
0.004808581
0.004894153
0.004737487
0.004896758
0.004825143
0.004757591
0.004857591
0.004787487
0.004850560
0.004787539
0.004749987
0.004895039
0.004760508
0.004762279
0.004777800
0.004811654
0.004884258
0.004788893
0.004850612
0.004899622
0.004766914
0.004786185
0.004789622
0.004847330
0.004766602
0.004899570
0.004811654
0.004768373
0.004772383
0.004754050
0.004900977
0.004803997
0.004778320
0.004759258
0.004823893
0.004748164
0.004865456
0.004867018
0.004899049
0.004793477
0.004773529
0.004762226
0.004841758
0.004814518
0.004824727
0.004800664
0.004769310
0.004742800
0.004783372
0.004872643
0.004757435
0.004780300
0.004887226
0.004815195
0.004801341
0.004892800
0.004749779
0.004833633
0.004902747
0.004802434
0.004769674
0.004777851
0.004816185
0.004744622
0.004865873
0.004769883
0.004790873
0.004779831
0.004879882
0.004808216
0.004762123
0.004777487
0.004807070
0.004878216
0.004916549
0.004813008
0.004836237
0.004785196
0.004806445
0.004933112
0.004895352
0.004764049
0.004812487
0.004758685
0.004752956
0.004823163
0.004803476
0.004909570
0.004779778
0.004825404
0.004877435
0.004813581
0.004813007
0.004817018
0.004809622
0.004789571
0.004764987
0.004890456
0.004813841
0.004891705
0.004769206
0.004758476
0.004882330
0.004791393
0.004797643
0.004774362
0.004757799
0.004823164
0.004806132
0.004765925
0.004917435
0.004767799
0.004876029
0.004734414
0.004808581
0.004872904
0.004741810
0.004850455
0.004772070
0.004798633
0.004752747
0.004776706
0.004789883
0.004781549
0.004863112
0.004774518
0.004786862
0.004773789
0.004749310
0.004776549
0.004818320
0.004801393
0.004905299
0.004779987
0.004828163
0.004880299
0.004762487
0.004786758
0.004916184
0.004800559
0.004798632
0.004858528
0.004784362
0.004893945
0.004837591
0.004814727
0.004747956
0.004763112
0.004851965
0.004870716
0.004830039
0.004868216
0.004884726
0.004851654
0.004808945
0.004877487
0.004789257
0.004848164
0.004761133
0.004772435
0.004739830
0.004878632
0.004813320
0.004804518
0.000867185
0.004767695
0.004845611
0.004800611
0.004761914
0.004778112
0.004873632
0.004898528
0.004825976
0.004810611
0.004915039
0.004783163
0.004770716
0.004779414
0.004745039
0.004804935
0.004823737
0.004975247
0.004795455
0.004922591
0.004759414
0.004793268
0.004851028
0.004762591
0.004758060
0.004874414
0.004787174
0.004843997
0.004767539
0.004791289
0.004853372
0.004766185
0.004759518
0.004896132
0.004845508
0.004790507
0.004806289
0.004765716
0.004775611
0.004785455
0.004820091
0.004866132
0.004846289
0.004783736
0.004782382
0.004786653
0.004797174
0.004830612
0.004819153
0.004881288
0.004758685
0.004873424
0.001167392
0.004869673
0.004786392
0.004784779
0.004797539
0.004781081
0.004845351
0.004795976
0.004744674
0.004827435
0.004741966
0.004954621
0.004782278
0.004754935
0.004888007
0.004749726
0.004795195
0.004771184
0.004901080
0.004799258
0.004838893
0.004803268
0.004770716
0.005007642
0.004755091
0.004759622
0.004883736
0.004755872
0.004930351
0.004803788
0.004813528
0.004840351
0.004866132
0.004764101
0.004873528
0.004845142
0.004781653
0.004801705
0.004823997
0.004806810
0.004762122
0.004874465
0.004776913
0.004886705
0.004786288
0.004868840
0.004782070
0.004900246
0.004782122
0.004810768
0.004784518
0.004753736
0.004752174
0.004791341
0.004753059
0.004842851
0.004860768
0.004802330
0.004760559
0.004817851
0.004764987
0.004891340
0.004762747
0.004841184
0.004751133
0.004843997
0.004875507
0.004772591
0.004809935
0.004755195
0.004749362
0.004840038
0.004857382
0.004752747
0.004903267
0.005001079
0.004794831
0.004820455
0.004868424
0.004761392
0.004830663
0.004800195
0.004953996
0.004814726
0.004878736
0.004772903
0.004790143
0.004795612
0.004874517
0.004792851
0.004948215
0.004755560
0.004881497
0.004799362
0.004821341
0.004803736
0.004779674
0.004909934
0.004804883
0.004919361
0.004802382
0.004806497
0.004791758
0.004725352
0.004763632
0.004764674
0.004786340
0.004758788
0.004765039
0.004881288
0.004820976
0.004768945
0.004779935
0.004987590
0.004811810
0.004798633
0.004843632
0.004759101
0.004797851
0.004860663
0.004805403
0.004823216
0.004761862
0.004801913
0.004752747
