0.004642589
0.004602849
0.004619724
0.004708526
0.004620401
0.004640922
0.004606703
0.004619984
0.004716703
0.004645297
0.004630610
0.004638995
0.004671807
0.004640557
0.004642953
0.004603214
0.004746546
0.004594620
0.004678474
0.004701130
0.004665245
0.004627589
0.004621131
0.004683266
0.004596651
0.004582901
0.004693526
0.004621287
0.004620245
0.004629151
0.004618162
0.004605505
0.004669256
0.004778787
0.004709828
0.004592328
0.004711183
0.004602015
0.004702432
0.004584516
0.004647067
0.004678786
0.004701599
0.004644880
0.004669047
0.004618370
0.004619099
0.004714881
0.004659515
0.004619881
0.004658579
0.004657849
0.004615141
0.004694568
0.004683526
0.004624620
0.004727640
0.004691287
0.004613787
0.004661911
0.004638474
0.004642641
0.004618683
0.004719255
0.004676859
0.004610245
0.004601860
0.004698057
0.004602901
0.004714776
0.004593370
0.004622276
0.004579464
0.004608422
0.004601183
0.004602276
0.004622692
0.004604151
0.004672276
0.004663527
0.004626287
0.004653058
0.004624360
0.004711390
0.004673735
0.004617277
0.004607381
0.004680817
0.004690557
0.004734880
0.004603005
0.004634881
0.004682849
0.004870504
0.004736338
0.004702640
0.004621860
0.004712641
0.004615974
0.004628057
0.004571859
0.004693266
0.004591027
0.004633631
0.004692796
0.004579464
0.004638526
0.004727484
0.004693943
0.004647589
0.004710714
0.004615349
0.004649985
0.004647485
0.004718786
0.004683995
0.004577641
0.004577745
0.004628005
0.004646807
0.004615245
0.004604308
0.004585974
0.004718578
0.004608266
0.004621026
0.004637953
0.004610245
0.004681235
0.004611547
0.004699568
0.004639776
0.004604463
0.004623735
0.004553787
0.004711286
0.004619307
0.004674777
0.004615401
0.004626599
0.004609359
0.004610662
0.004699151
0.004704985
0.004611131
0.004611026
0.004622797
0.004632693
0.004574776
0.004638787
0.004644829
0.004599412
0.004676599
0.004698630
0.004629411
0.004648057
0.004631339
0.004643370
0.004627641
0.004705089
0.004735558
0.004610662
0.004628943
0.004681078
0.004630506
0.004673266
0.004775401
0.004615870
0.004594621
0.004608839
0.004653318
0.004598370
0.004574464
0.004611183
0.004633057
0.004698474
0.004635922
0.004646443
0.004664880
0.004618631
0.004636287
0.004611183
0.004717328
0.004619048
0.004613161
0.004611182
0.004637380
0.004672589
0.004699360
0.004597954
0.004677953
0.004605714
0.004614672
0.004672277
0.004602432
0.004684308
0.004673057
0.004623995
0.004607537
0.004565714
0.004681860
0.004605818
0.004635714
0.004685036
0.004685401
0.004708057
0.004595402
0.004607276
0.004600245
0.004627953
0.004654151
0.004782068
0.004602693
0.004524256
0.004697067
0.004633891
0.004649568
0.004602641
0.004654047
0.004620297
0.004617953
0.004674047
0.004619308
0.004591286
0.004625557
0.004543631
0.004635609
0.004613734
0.004637849
0.004603526
0.004662745
0.004632016
0.004613214
0.004624516
0.004625975
0.004582849
0.004618266
0.004675037
0.004601912
0.004594881
0.004575454
0.004591807
0.004602901
0.004689516
0.004651495
0.004669203
0.004581183
0.004639881
0.004692745
0.004725713
0.004690557
0.004672797
0.004744411
0.004627745
0.004702745
0.004581287
0.004620089
0.004676339
0.004708682
0.004609047
0.004600141
0.004631964
0.004642172
0.004600349
0.004705609
0.004607484
0.004653995
0.004707172
0.004600505
0.004709672
0.004714828
0.004717120
0.004638631
0.004609881
0.004757328
0.004708005
0.004613422
0.004713995
0.004695557
0.004622745
0.004614204
0.004695297
0.004702016
0.004712016
0.004630349
0.004652745
0.004630401
0.004646287
0.004628161
0.004628266
0.004650088
0.004650297
0.004603058
0.004594620
0.004591287
0.004638735
0.004705505
0.004651391
0.004607380
0.004607172
0.004602798
0.004674151
0.004627068
0.004614047
0.004613943
0.004549620
0.004688735
0.004628839
0.004676807
0.004647953
0.004635661
0.004603474
0.004720037
0.004627693
0.004722953
0.004612016
0.004605974
0.004715609
0.004644672
0.004592068
0.004560141
0.004524829
0.004613422
0.004615401
0.004624359
0.004643942
0.004695036
0.004648058
0.004603162
0.004592954
0.004625870
0.004640349
0.004742067
0.004679516
0.004666808
0.004591078
0.004574099
0.004706287
0.004666495
0.004723318
0.004636860
0.004667537
0.004713006
0.004571547
0.004624151
0.004736703
0.004584880
0.004713006
0.004713787
0.004624047
0.004683526
0.004679568
0.004656235
0.004602172
0.004621339
0.004683526
0.004665818
0.004587172
0.004634307
0.004630922
0.004669360
0.004673162
0.004587068
0.004602849
0.004665557
0.004697068
0.004729463
0.004602172
0.004598214
0.004680714
0.004707224
0.004603579
0.004605349
0.004591027
0.004620714
0.004708005
0.004655401
0.004544569
0.004613578
0.004737588
0.004731547
0.004627797
0.004691704
0.004711338
0.004702432
0.004622016
0.004598839
0.004589516
0.004543839
0.004636287
0.004609255
0.004680193
0.004614307
0.004619204
0.004624828
0.004610193
0.004560975
0.004648214
0.004673370
0.004706079
0.004703943
0.004596078
0.004587954
0.004614411
0.004660506
0.004752848
0.004645401
0.004611286
0.004585610
0.004638787
0.004681755
0.004601287
0.004692640
0.004625871
0.004738890
0.004647015
0.004629880
0.004606547
0.004668422
0.004582954
0.004565402
0.004597901
0.004597589
0.004606443
0.004663162
0.004628839
0.004627328
0.004640401
0.004671287
0.004687068
0.004598005
0.004675192
0.004637849
0.004593735
0.004678526
0.004606859
0.004606078
0.004626808
0.004728421
0.004625402
0.004625870
0.004622902
0.004607850
0.004643005
0.004670974
0.004703057
0.004604359
0.004666391
0.004599203
0.004661859
0.004737223
0.004619047
0.004574672
0.004648474
0.004675662
0.004583734
0.004605297
0.004585193
0.004630193
0.004649255
0.004631078
0.004644047
0.004698162
0.004648109
0.004673422
0.004705818
0.004609412
0.004577954
0.004671912
0.004673839
0.004757640
0.004646807
0.004688214
0.004611860
0.004601078
0.004675975
0.004676651
0.004632224
0.004629568
0.004524517
0.004669620
0.004643630
0.004750818
0.004651912
0.004718318
0.004584881
0.004589048
0.004606287
0.004605193
0.004598526
0.004592798
0.004737848
0.004641964
0.004649412
0.004700297
0.004636235
0.004581652
0.004557485
0.004580193
0.004622849
0.004603787
0.004627902
0.004710817
0.004638526
0.004564776
0.004591547
0.004702067
0.004690870
0.004609308
0.004568266
0.004653682
0.004627381
0.004690453
0.004662589
0.004675089
0.004668057
0.004596183
0.004588578
0.004648370
0.004569047
0.004616183
0.004635557
0.004723213
0.004762380
0.004618422
0.004585194
0.004703786
0.004642276
0.004634516
0.004689099
0.004700401
0.004701755
0.004573370
0.004621495
0.004610870
0.004770349
0.004653110
0.004714984
0.004678578
0.004781912
0.004606912
0.004609672
0.004660192
0.004681651
0.004603474
0.004619724
0.004593006
0.004605818
0.004657536
0.004709203
0.004847119
0.004675609
0.004627224
0.004572745
0.004582225
0.004686599
0.004654984
0.004630141
0.004723578
0.004704933
0.004623423
0.004601495
0.004617641
0.004730141
0.004630661
0.004541912
0.004618527
0.004647068
0.004693109
0.004715193
0.004739308
0.004595766
0.004598318
0.004634256
0.004623058
0.004644464
0.004663579
0.004616807
0.004630922
0.004681339
0.004614932
0.004593682
0.004697901
0.004593475
0.004611599
0.004586339
0.004635870
0.004675766
0.004639255
0.004690505
0.004698735
0.004622016
0.004608162
0.004646860
0.004757223
0.004589725
0.004638110
0.004651703
0.004699412
0.004633578
0.004613631
0.004637798
0.004622693
0.004714308
0.004601391
0.004608266
0.004610714
0.004704047
0.004613682
0.004588786
0.004635401
0.004633161
0.004639412
0.004624360
0.004617328
0.004699411
0.004607276
0.004604203
0.004691963
0.004650140
0.004754776
0.004602380
0.004700505
0.004684359
0.004653995
0.004657797
0.004629620
0.004854880
0.004760610
0.004601183
0.004656078
0.004674619
0.004639932
0.004722276
0.004613735
0.004659151
0.004567381
0.004644516
0.004654411
0.004625558
0.004668630
0.004623735
0.004591443
0.004637641
0.004629464
0.004615610
0.004715505
0.004607537
0.004657329
0.004594777
0.004586808
0.004645088
0.004613787
0.004607745
0.004613162
0.004662953
0.004682432
0.004617225
0.004682120
0.004697589
0.004695922
0.004654673
0.004632432
0.004724880
0.004586235
0.004669672
0.004647953
0.004598110
0.004716078
0.004610974
0.004644151
0.004683474
0.004648579
0.004602953
0.004634047
0.004644256
0.004638630
0.004603527
0.004694464
0.004608162
0.004580037
0.004621495
0.004608370
0.004682224
0.004652016
0.004698109
0.004645766
0.004657016
0.004596079
0.004598682
0.004597485
0.004617328
0.004644829
0.004669464
0.004629933
0.004633786
0.004675662
0.004645714
0.004699464
0.004649412
0.004672433
0.004675453
0.004579308
0.004658995
0.004634568
0.004621756
0.004694359
0.004738422
0.004581391
0.004608891
0.004616079
0.004741130
0.004588318
0.004652589
0.004602485
0.004689359
0.004623578
0.004726547
0.004745245
0.004656912
0.004663943
0.004612901
0.004624829
0.004652328
0.004621078
0.004607589
0.004629880
0.004638109
0.004615922
0.004683526
0.004630089
0.004648110
0.004591131
0.004614360
0.004724880
0.004731911
0.004574672
0.004601339
0.004619984
0.004623683
0.004681338
0.004623891
0.004599568
0.004620974
0.004594464
0.004609152
0.004573475
0.004673682
0.004634620
0.004648162
0.004743578
0.004622589
0.004623526
0.004629568
0.004661964
0.004677172
0.004595298
0.004623735
0.004635297
0.004647536
0.004631652
0.004597954
0.004615610
0.004698317
0.004625141
0.004616548
0.004642224
0.004642484
0.004613891
0.004647485
0.004601860
0.004589464
0.004675089
0.004621131
0.004591339
0.004634828
0.004629256
0.004728891
0.004601964
0.004702172
0.004586548
0.004596756
0.004621495
0.004716026
0.004616391
0.004612693
0.004576183
0.004686652
0.004596964
0.004635766
0.004715818
0.004754985
0.004769099
0.004795401
0.004656286
0.004655818
0.004616860
0.004641078
0.004664307
0.004611183
0.004693370
0.004651912
0.004597745
0.004654881
0.004717641
0.004691391
0.004619932
0.004615298
0.004650297
0.004673682
0.004706495
0.004638266
0.004627433
0.004629568
0.004686130
0.004685193
0.004587693
0.004674151
0.004628266
0.004614464
0.004656391
0.004655245
0.004615454
0.004635505
0.004655245
0.004602849
0.004634464
0.004654308
0.004689985
0.004631183
0.004618734
0.004644308
0.004622745
0.004670818
0.004623266
0.004594464
0.004595766
0.004602380
0.004644672
0.004663943
0.004625193
0.004639516
0.004612277
0.004679568
0.004597224
0.004616130
0.004770349
0.004698735
0.004579412
0.004712328
0.004611496
0.004680870
0.004599777
0.004613578
0.004690245
0.004637953
0.004744516
0.004625713
0.004672068
0.004635089
0.004600297
0.004673058
0.004768214
0.004644516
0.004618996
0.004627485
0.004649932
0.004594047
0.004610350
0.004607797
0.004659099
0.004583787
0.004620766
0.004560453
0.004704151
0.004625870
0.004625609
0.004631443
0.004714933
0.004628422
0.004641599
0.004683786
0.004644673
0.004605558
0.004613266
0.004554203
0.004596599
0.004625141
0.004674516
0.004676391
0.004649047
0.004587589
0.004643058
0.004696287
0.004609308
0.004609152
0.004629360
0.004709880
0.004630974
0.004602745
0.004605193
0.004694776
0.004620714
0.004613006
0.004598787
0.004669255
0.004693735
0.004712433
0.004730193
0.004754360
0.004660610
0.004748162
0.004639255
0.004611339
0.004715401
0.004752015
0.004658370
0.004716495
0.004716703
0.004613735
0.004599880
0.004658891
0.004673578
0.004616704
0.004722693
0.004712068
0.004653578
0.004623839
0.004645141
0.004650818
0.004686443
0.004588944
0.004626651
0.004698266
0.004660350
0.004664984
0.004759099
0.004707328
0.004613787
0.004712536
0.004689828
0.004633006
0.004614568
0.004699360
0.004632225
0.004635870
0.004626027
0.004677120
0.004711911
0.004732172
0.004697797
0.004646182
0.004612902
0.004605193
0.004649932
0.004634360
0.004612172
0.004621807
0.004608319
0.004715661
0.004644307
0.004651964
0.004596548
0.004622485
0.004633214
0.004606964
0.004594724
0.004653891
0.004662589
0.004624985
0.004632589
0.004686079
0.004605401
0.004626287
0.004613162
0.004623631
0.004634048
0.004724307
0.004622173
0.004639881
0.004628162
0.004616339
0.004588423
0.004644308
0.004727380
0.004610402
0.004608995
0.004596808
0.004667484
0.004641652
0.004588214
0.004629099
0.004628474
0.004736807
0.004700193
0.004697745
0.004603475
0.004621964
0.004585975
0.004605505
