0.005614727
0.005594155
0.005602905
0.005586446
0.005751446
0.005596082
0.005594467
0.005623894
0.005691185
0.005743321
0.005616186
0.005752383
0.005753633
0.005662175
0.005606394
0.005608008
0.005587435
0.005632332
0.005766705
0.005621446
0.005595195
0.005614102
0.005616811
0.005554154
0.005612747
0.005610196
0.005574467
0.005566498
0.005606966
0.005605716
0.005598425
0.005598060
0.005766289
0.005586133
0.005575664
0.005603216
0.005553320
0.005703321
0.005728424
0.005719987
0.005568373
0.005827695
0.005616237
0.005632383
0.005571602
0.005764049
0.005715248
0.005737851
0.005691081
0.005628373
0.005733789
0.005719362
0.005627071
0.005557644
0.005590509
0.005574310
0.005593530
0.005583633
0.005601707
0.005555248
0.005576497
0.005584102
0.005562123
0.005640508
0.005571810
0.005555196
0.005523842
0.005615612
0.005579779
0.005538372
0.005587383
0.005632644
0.005585143
0.005771914
0.005780977
0.005605352
0.005596342
0.005659102
0.005641654
0.005570821
0.005577123
0.005668685
0.005603738
0.005724414
0.005596081
0.005611133
0.005600612
0.005581811
0.005558373
0.005616966
0.005753789
0.005553268
0.005617644
0.005603633
0.005623477
0.005560404
0.005596237
0.005600820
0.005578112
0.005610925
0.005588112
0.005677174
0.005735247
0.005673060
0.005583842
0.005596498
0.005574571
0.005643268
0.005743528
0.005637122
0.005539987
0.005596393
0.005580560
0.005642383
0.005580560
0.005514884
0.005752330
0.005608477
0.005580560
0.005555873
0.005573112
0.005634727
0.005757434
0.005642383
0.005569571
0.005555404
0.005673737
0.005582540
0.005642279
0.005608060
0.005567227
0.005556862
0.005620717
0.005565872
0.005566759
0.005590613
0.005593372
0.005587695
0.005733893
0.005608424
0.005667955
0.005627383
0.005630977
0.005606289
0.005564987
0.005585716
0.005597903
0.005567435
0.005565613
0.005557800
0.005607487
0.005630404
0.005597904
0.005576081
0.005615195
0.005711081
0.005585195
0.005576394
0.005600456
0.005640456
0.005590092
0.005629675
0.005693112
0.005619987
0.005570560
0.005647435
0.005558425
0.005564415
0.005644778
0.005574883
0.005717330
0.005635612
0.005635455
0.005632331
0.005607227
0.005628477
0.005719258
0.005612851
0.005692487
0.005641133
0.005586029
0.005598060
0.005637487
0.005725247
0.005676549
0.005775195
0.005631445
0.005630664
0.005678425
0.005621550
0.005611081
0.005785872
0.005579101
0.005635195
0.005611341
0.005638321
0.005699778
0.005732070
0.005630195
0.005597435
0.005587591
0.005583685
0.005587903
0.005765716
0.005683216
0.005747539
0.005712174
0.005653268
0.005585872
0.005687279
0.005649727
0.005573789
0.005583685
0.005598321
0.005656706
0.005569050
0.005619882
0.005566706
0.005567488
0.005781914
0.005564935
0.005651810
0.005577175
0.005562539
0.005575612
0.005538164
0.005731913
0.005725507
0.005655976
0.005569154
0.005562956
0.005551028
0.005604674
0.005597018
0.005595612
0.005574987
0.005597227
0.005797747
0.005687122
0.005606914
0.005615507
0.005643112
0.005623060
0.005579154
0.005572175
0.005591029
0.005590247
0.005716966
0.005797330
0.005720038
0.005656965
0.005731393
0.005603008
0.005578633
0.005571497
0.005611393
0.005631497
0.005660351
0.005763424
0.005686132
0.005620039
0.005595039
0.005571446
0.005574883
0.005552227
0.005634882
0.005575039
0.005641393
0.005592643
0.005743633
0.005620039
0.005568112
0.005595039
0.005559206
0.005662539
0.005753528
0.005695038
0.005627070
0.005639934
0.005621914
0.005596445
0.005623425
0.005688476
0.005663477
0.005635039
0.005622070
0.005612330
0.005703424
0.005714361
0.005709518
0.005588841
0.005591497
0.005752799
0.005735768
0.005765664
0.005587903
0.005609987
0.005548945
0.005602904
0.005612435
0.005755194
0.005687539
0.005791080
0.005645820
0.005634727
0.005624622
0.005749622
0.005707903
0.005774882
0.005623633
0.005634414
0.005746236
0.005599987
0.005571185
0.005579101
0.005780924
0.005599050
0.005590559
0.005616549
0.005623893
0.005599414
0.005573528
0.005727694
0.005752903
0.005665924
0.005756392
0.005634674
0.005619206
0.005605924
0.005652956
0.005712903
0.005730143
0.005551497
0.005639413
0.005559935
0.005584049
0.005614935
0.005719674
0.005798841
0.005615404
0.005619935
0.005613216
0.005604413
0.005676184
0.005708893
0.005707591
0.005599622
0.005598060
0.005647799
0.005726497
0.005720090
0.005560507
0.005609934
0.005636497
0.005618841
0.005775038
0.005666341
0.005856549
0.005620664
0.005627434
0.005585716
0.005586705
0.005577122
0.005587382
0.005608840
0.005673163
0.005699674
0.005729101
0.005644206
0.005554206
0.005588424
0.005724882
0.005582903
0.005737486
0.005751600
0.005622435
0.005743216
0.005681236
0.005580091
0.005579778
0.005606132
0.005694934
0.005629518
0.005637955
0.005669987
0.005806184
0.005642383
0.005618685
0.005684726
0.005629570
0.005630403
0.005618476
0.005801913
0.005642226
0.005604102
0.005774257
0.005643268
0.005810923
0.005590820
0.005616497
0.005627486
0.005671757
0.005668372
0.005653580
0.005564674
0.005569883
0.005663059
0.005731652
0.005758788
0.005603268
0.005632642
0.005720299
0.005694465
0.005696236
0.005735975
0.005578164
0.005640247
0.005660976
0.005578216
0.005633997
0.005573215
0.005566236
0.005572851
0.005586288
0.005617174
0.005579935
0.005579362
0.005704830
0.005546601
0.005568059
0.005576341
0.005624778
0.005597851
0.005770090
0.005688632
0.005609362
0.005558059
0.005595247
0.005604726
0.005568111
0.005731913
0.005576497
0.005566601
0.005596028
0.005759882
0.005621340
0.005587851
0.005594257
0.005780350
0.005748006
0.005592121
0.005579882
0.005634674
0.005565611
0.005551132
0.005618476
0.005581705
0.005568581
0.005688267
0.005585664
0.005638267
0.005766809
0.005664725
0.005590716
0.005685872
0.005637173
0.005617746
0.005582278
0.005605247
0.005661236
0.005568268
0.005578945
0.005548945
0.005627486
0.005627174
0.005596706
0.005648111
0.005649101
0.005659048
0.005555039
0.005617799
0.005614465
0.005702590
0.005610716
0.005652798
0.005622590
0.005560768
0.005622955
0.005633632
0.005774934
0.005678163
0.005582226
0.005629153
0.005613632
0.005588111
0.005606965
0.005563685
0.005542487
0.005545976
0.005555872
0.005620715
0.005616861
0.005576028
0.005773997
0.005729413
0.005583372
0.005576758
0.005703632
0.005601601
0.005590559
0.005590560
0.005643684
0.005710715
0.005557695
0.005561705
0.005618892
0.005566028
0.005587799
0.005606028
0.005804934
0.005691341
0.005557955
0.005632174
0.005568736
0.005546288
0.005612069
0.005650455
0.005642850
0.005761861
0.005610194
0.005614830
0.005578163
0.005709153
0.005679569
0.005628737
0.005697642
0.005619882
0.005594466
0.005646444
0.005587746
0.005587851
0.005581497
0.005604257
0.005605560
0.005587487
0.005588632
0.005572695
0.005699048
0.005566341
0.005568840
0.005590820
0.005706913
0.005808944
0.005721080
0.005753006
0.005624621
0.005550767
0.005697174
0.005652121
0.005770350
0.005665455
0.005568424
0.005611549
0.005537643
0.005629101
0.005581028
0.005580455
0.005589570
0.005697225
0.005568267
0.005777485
0.005634986
0.005574570
0.005567694
0.005700402
0.005584466
0.005568111
0.005567851
0.005660194
0.005774725
0.005558268
0.005770194
0.005700767
0.005736600
0.005742434
0.005640299
0.005582382
0.005540246
0.005811808
0.005706288
0.005598059
0.005693528
0.005609830
0.005622330
0.005602278
0.005620091
0.005621497
0.005683319
0.005746080
0.005624829
0.005657955
0.005560611
0.005697642
0.005582277
0.005589153
0.005564205
0.005618476
0.005621393
0.005629986
0.005570611
0.005615872
0.005562851
0.005567017
0.005612486
0.005736132
0.005677485
0.005783059
0.005618215
0.005586861
0.005574778
0.005650455
0.005671497
0.005755350
0.005696392
0.005616028
0.005567226
0.005560455
0.005598268
0.005595247
0.005738683
0.005585559
0.005608736
0.005686080
0.005615350
0.005608267
0.005605819
0.005734257
0.005612381
0.005782068
0.005622017
0.005612955
0.005620038
0.005611704
0.005597590
0.005604153
0.005575872
0.005773736
0.005749621
0.005621965
0.005584518
0.005702278
0.005573372
0.005608475
0.005631392
0.005705038
0.005613424
0.005573528
0.005630663
0.005664622
0.005719308
0.005602433
0.005581027
0.005589153
0.005789048
0.005575195
0.005530768
0.005562746
0.005603788
0.005731027
0.005610246
0.005589569
0.005582174
0.005681340
0.005595455
0.005807955
0.005630559
0.005630871
0.005796600
0.005770558
0.005698840
0.005602694
0.005740455
0.005599570
0.005646080
0.005595715
0.005564934
0.005620923
0.005721965
0.005543684
0.005681288
0.005605090
0.005592851
0.005729621
0.005708215
0.005625975
0.005632433
0.005601236
0.005606079
0.005569934
0.005768370
0.005625975
0.005677694
0.005604153
0.005681080
0.005608267
0.005638059
0.005619986
0.005588059
0.005579778
0.005654622
0.005679777
0.005644986
0.005722433
0.005736287
0.005602381
0.005566756
0.005572382
0.005578788
0.005616288
0.005621392
0.005594882
0.005797902
0.005574361
0.005659464
0.005575194
0.005610506
0.005565246
0.005587642
0.005612694
0.005633319
0.005581549
0.005554986
0.005617069
0.005598579
0.005575872
0.005569257
0.005560819
0.005536392
0.005621548
0.005633215
0.005568997
0.005589412
0.005590402
0.005549153
0.005697746
0.005681339
0.005634621
0.005614517
0.005582954
0.005689048
0.005729777
0.005620351
0.005599309
0.005602277
0.005720767
0.005734309
0.005610194
0.005692694
0.005570195
0.005676965
0.005637955
0.005598215
0.005578996
0.005622173
0.005587590
0.005608215
0.005779621
0.005596184
0.005582850
0.005564830
0.005609778
0.005581340
0.005566808
0.005593006
0.005613215
0.005566496
0.005546600
0.005560402
0.005555924
0.005564622
0.005729621
0.005676913
0.005646444
0.005831079
0.005595767
0.005617694
0.005554882
0.005679829
0.005618944
0.005582694
0.005699361
0.005603996
0.005753735
0.005808996
0.005723111
0.005664621
0.005577798
0.005568528
0.005653579
0.005578006
0.005710350
0.005791027
0.005614986
0.005631340
0.005612069
0.005619309
0.005565402
0.005550351
0.005777069
0.005628840
0.005739777
0.005580663
0.005803787
0.005601444
0.005595090
0.005730663
0.005597694
0.005591183
0.005614673
0.005739829
0.005730194
0.005762277
0.005683892
0.005609309
0.005643580
0.005718319
0.005690558
0.005731756
0.005607277
0.005748683
0.005612382
0.005607069
0.005560662
0.005688996
0.005761444
0.005625455
0.005584205
0.005628007
0.005587798
0.005573840
0.005606392
0.005744933
0.005580871
0.005789360
0.005614101
0.005594777
0.005607277
0.005596860
0.005560350
0.005580611
0.005579309
0.005643475
0.005613787
0.005582798
0.005567329
0.005744621
0.005634621
0.005592121
0.005649048
0.005592642
0.005579569
0.005581288
0.005645975
0.005556444
0.005584986
0.005618319
0.005575819
0.005728631
0.005602798
0.005590298
0.005589986
0.005547486
0.005689829
0.005589985
0.005553319
0.005792068
0.005733110
0.005655819
0.005567381
0.005600298
0.005566704
0.005680975
0.005591392
0.005696131
0.005585090
0.005570767
0.005631860
0.005549986
0.005590923
0.005584517
0.005583944
0.005554881
0.005574673
0.005619308
0.005590610
0.005589517
0.005584152
0.005569725
0.005624360
0.005602329
0.005695714
0.005724047
0.005599361
0.005567277
0.005598996
0.005594048
0.005653111
0.005642381
0.005575246
0.005561444
0.005611340
0.005559413
0.005592225
0.005667068
0.005827537
0.005560819
0.005574933
0.005614725
0.005585454
0.005838422
0.005702850
0.005621861
0.005592121
0.005591496
0.005586079
0.005804881
0.005562694
0.005581809
0.005626704
0.005716495
0.005586496
0.005805297
0.005787277
0.005582069
0.005605142
0.005607173
0.005561392
0.005602433
0.005723110
0.005766808
0.005586653
0.005639725
0.005616704
0.005592225
0.005613527
0.005606235
0.005597433
0.005582642
0.005574985
0.005631391
0.005702745
0.005592225
0.005628215
0.005539413
0.005762433
0.005754777
0.005605870
0.005594777
0.005613996
0.005668736
0.005678527
0.005716964
0.005598944
0.005652589
0.005611652
0.005611131
0.005625298
0.005677537
0.005585975
0.005607016
0.005626131
0.005573787
0.005583631
0.005619048
0.005745454
0.005610090
0.005675454
0.005621392
0.005585298
0.005608996
0.005543840
0.005616444
0.005569673
0.005578735
0.005669829
0.005581131
0.005580194
0.005596652
0.005689725
0.005710610
0.005648787
0.005665506
0.005633215
0.005677693
0.005616912
0.005702381
0.005605089
0.005620662
0.005596808
0.005583840
