0.010242459
0.006796692
0.006750026
0.006685807
0.006553098
0.006650234
0.006536433
0.006538255
0.006630755
0.006626796
0.006575391
0.006585547
0.006582005
0.006631536
0.006593255
0.006808827
0.006601068
0.006594088
0.006644609
0.006665494
0.006532786
0.006696797
0.006662474
0.006617370
0.006679453
0.006662369
0.006638151
0.006687525
0.006851327
0.006680338
0.006675755
0.006719557
0.006722682
0.006629974
0.006550495
0.006570859
0.006579401
0.006745338
0.006535079
0.006522891
0.006617005
0.006649973
0.006543672
0.006648671
0.006678724
0.006578047
0.006559661
0.006598515
0.006627942
0.006790130
0.006724713
0.006643203
0.006687891
0.006575964
0.006722057
0.006594141
0.006810182
0.006699193
0.006567995
0.006610547
0.006605807
0.006713723
0.006685130
0.006560339
0.006673724
0.006613672
0.006617682
0.006711849
0.006610704
0.006758203
0.006771119
0.006601901
0.006676276
0.006570756
0.006680755
0.006758202
0.006586797
0.006657317
0.006811484
0.006759193
0.006546693
0.006595860
0.006747786
0.006640183
0.006638516
0.006635859
0.006549506
0.006554297
0.006769141
0.006645704
0.006581328
0.006700235
0.006565339
0.006561536
0.006721172
0.006603933
0.006750026
0.006814609
0.006514141
0.006772473
0.006652787
0.006607422
0.006581954
0.006703515
0.006586016
0.006582058
0.006653567
0.006593828
0.006581746
0.006584662
0.006539974
0.006586953
0.006714714
0.006610547
0.006724297
0.006555860
0.006643099
0.006540443
0.006511693
0.006571016
0.006656745
0.006788619
0.006679349
0.006563829
0.006675026
0.006625599
0.006581745
0.006594819
0.006821536
0.006616588
0.006623985
0.006623308
0.006601537
0.006915130
0.006665079
0.006566329
0.006560548
0.006624870
0.006753828
0.006555235
0.006682422
0.006553985
0.006576589
0.006626225
0.006573256
0.006756172
0.006556746
0.006579923
0.006639401
0.006617996
0.006742942
0.006580808
0.006682734
0.006602891
0.006568673
0.006576849
0.006681015
0.006764922
0.006730078
0.006722683
0.006574506
0.006575912
0.006535027
0.006702839
0.006612735
0.006735808
0.006572631
0.006592943
0.006835494
0.006791848
0.006641329
0.006613308
0.006726328
0.006657370
0.006655964
0.006662891
0.006709818
0.006518360
0.006579506
0.006582578
0.006732005
0.006694297
0.006648048
0.006715860
0.006736484
0.006642891
0.006787734
0.006565288
0.006643673
0.006904661
0.006560340
0.006598777
0.006696797
0.006575756
0.006589714
0.006692371
0.006728568
0.006697318
0.006566901
0.006675964
0.006645339
0.006604662
0.006664974
0.006592996
0.006575808
0.006622839
0.006620652
0.006754140
0.006704818
0.006587996
0.006646954
0.006695391
0.006728048
0.006595548
0.006575912
0.006616277
0.006632423
0.006765703
0.006637995
0.006719401
0.006573257
0.006594975
0.006699297
0.006745235
0.006752839
0.006756693
0.006570809
0.006583621
0.006679350
0.006560860
0.006686850
0.006706694
0.006692631
0.006617111
0.006786797
0.006692630
0.006806588
0.006569871
0.006528100
0.006586798
0.006653986
0.006615340
0.006596850
0.006720392
0.006708933
0.006573725
0.006767110
0.006626381
0.006552944
0.006744089
0.006666172
0.006598308
0.006651381
0.006528882
0.006855130
0.006583725
0.006659194
0.006634402
0.006597892
0.006587319
0.006716797
0.006723777
0.006564819
0.006585288
0.006582527
0.006676276
0.006552215
0.006708985
0.006593100
0.006613152
0.006578412
0.006558465
0.006718203
0.006576382
0.006547267
0.006605288
0.006563830
0.006759037
0.006598778
0.006652891
0.006715131
0.006608205
0.006657787
0.006774401
0.006579454
0.006798412
0.006609767
0.006624038
0.006634819
0.006740183
0.006773151
0.006715027
0.006567527
0.006621693
0.006818829
0.006817474
0.006527424
0.006568569
0.006570236
0.006619194
0.006547579
0.006690600
0.006811901
0.006571122
0.006815391
0.006608152
0.006797319
0.006741745
0.006635913
0.006790391
0.006801120
0.006630236
0.006713100
0.006824766
0.006570965
0.006584975
0.006835026
0.006642735
0.006563413
0.006781746
0.006709245
0.006674766
0.006590549
0.006582736
0.006664350
0.006788933
0.006558152
0.006547059
0.006603778
0.006612267
0.006630704
0.006610861
0.006650443
0.006619767
0.006817527
0.006693309
0.006711537
0.006719141
0.006584715
0.006560184
0.006546903
0.006590496
0.006683048
0.006690444
0.006726850
0.006651850
0.006582944
0.006608361
0.006538778
0.006614403
0.006614298
0.006689246
0.006660600
0.006678048
0.006723881
0.006667163
0.006595913
0.006663725
0.006778569
0.006601538
0.006706537
0.006594872
0.006686017
0.006596955
0.006574559
0.006589819
0.006763152
0.006551591
0.006547007
0.006583517
0.006526069
0.006645444
0.006603309
0.006703673
0.006729298
0.006631903
0.006560340
0.006616746
0.006706485
0.006681173
0.006811797
0.006587111
0.006776642
0.006591851
0.006664767
0.006592319
0.006651590
0.006775235
0.006544247
0.006589976
0.006527840
0.006561225
0.006654976
0.006676746
0.006705704
0.006614506
0.006702891
0.006668309
0.006643986
0.006818360
0.006564455
0.006577007
0.006594039
0.006574455
0.006729611
0.006664194
0.006548465
0.006609871
0.006601746
0.006635653
0.006545393
0.006613725
0.006674090
0.006603622
0.006532737
0.006683569
0.006762944
0.006696278
0.006739403
0.006580861
0.006658361
0.006560081
0.006577371
0.006649923
0.006562944
0.006649246
0.006838100
0.006591278
0.006560341
0.006628934
0.006940964
0.006591278
0.006640340
0.006571695
0.006720288
0.006554299
0.006725392
0.006629195
0.006545861
0.006717683
0.006744038
0.006615027
0.006626174
0.006600966
0.006715965
0.006542632
0.006646122
0.006812267
0.006766121
0.006582997
0.006600184
0.006757475
0.006605809
0.006581851
0.006711955
0.006610861
0.006545653
0.006678049
0.006719976
0.006580132
0.006665392
0.006610289
0.006699871
0.006752111
0.006733153
0.006698101
0.006670757
0.006623414
0.006670809
0.006566434
0.006595237
0.006686173
0.006677215
0.006612319
0.006682944
0.006677476
0.006599612
0.006750652
0.006796746
0.006639768
0.006590965
0.006680913
0.006619923
0.006545445
0.006685340
0.006605861
0.006572216
0.006708048
0.006650184
0.006573257
0.006604768
0.006618153
0.006543935
0.006659299
0.006671069
0.006711486
0.006713986
0.006618987
0.006540184
0.006595184
0.006623935
0.006545393
0.006725288
0.006598830
0.006676226
0.006754143
0.006579091
0.006689872
0.006523153
0.006610028
0.006701590
0.006701538
0.006639611
0.006756173
0.006542841
0.006612372
0.006695861
0.006644507
0.006705340
0.006569820
0.006579976
0.006629872
0.006585602
0.006551591
0.006797528
0.006595601
0.006697320
0.006620809
0.006553102
0.006793465
0.006600653
0.006732945
0.006688882
0.006624403
0.006639559
0.006568778
0.006661695
0.006746225
0.006751955
0.006624715
0.006634403
0.006535914
0.006573518
0.006574195
0.006692319
0.006640132
0.006618361
0.006550445
0.006639976
0.006817997
0.006628413
0.006590601
0.006664403
0.006712059
0.006674976
0.006555862
0.006793986
0.006607841
0.006642684
0.006659820
0.006750653
0.006746747
0.006679142
0.006605028
0.006666018
0.006555810
0.006556747
0.006696590
0.006707736
0.006604142
0.006646018
0.006811330
0.006596330
0.006693414
0.006779350
0.006644664
0.006672892
0.006740965
0.006611956
0.006735966
0.006722580
0.006617320
0.006686799
0.006563049
0.006567581
0.006563882
0.006572841
0.006624456
0.006609404
0.006695445
0.006580810
0.006583935
0.006718934
0.006638153
0.006666122
0.006766278
0.006542737
0.006670601
0.006659611
0.006621070
0.006717892
0.006565341
0.006692111
0.006704299
0.006684664
0.006639768
0.006557320
0.006619352
0.006677424
0.006623622
0.006567789
0.006589403
0.006633414
0.006661539
0.006717372
0.006735601
0.006550237
0.006627841
0.006702111
0.006644351
0.006622581
0.006745236
0.006636383
0.006605393
0.006677164
0.006596539
0.006529247
0.006672528
0.006785861
0.006591747
0.006701591
0.006572060
0.006573466
0.006573622
0.006702737
0.006631643
0.006600185
0.006797475
0.006524508
0.006602164
0.006590237
0.006609716
0.006692529
0.006608883
0.006596331
0.006736695
0.006550654
0.006648206
0.006657320
0.006683674
0.006677789
0.006568518
0.006567893
0.006611383
0.006608050
0.006549769
0.006614717
0.006599247
0.006585393
0.006609196
0.006871330
0.006625810
0.006685237
0.006681800
0.006535081
0.006595862
0.006557581
0.006819507
0.006658778
0.006736539
0.006704977
0.006618101
0.006587268
0.006654404
0.006548675
0.006622737
0.006789247
0.006611904
0.006802371
0.006832268
0.006587268
0.006638987
0.006684664
0.006600445
0.006667008
0.006687581
0.006669716
0.006563779
0.006573778
0.006575446
0.006551175
0.006611539
0.006784611
0.006699299
0.006586123
0.006570914
0.006787580
0.006666435
0.006590810
0.006631383
0.006711747
0.006624248
0.006611227
0.006768518
0.006573414
0.006651643
0.006812633
0.006634925
0.006680289
0.006876122
0.006806538
0.006647529
0.006582476
0.006653154
0.006697736
0.006547164
0.006662633
0.006637373
0.006758154
0.006608154
0.006687477
0.006651279
0.006583779
0.006723987
0.006721487
0.006598050
0.006733310
0.007029662
0.006596540
0.006597269
0.006679196
0.006598258
0.006650185
0.006674977
0.006717008
0.006568779
0.006700445
0.006614196
0.006594873
0.006555706
0.006639196
0.006695185
0.006613675
0.006611956
0.006626748
0.006727059
0.006682372
0.006684091
0.006659612
0.006573310
0.006563363
0.006565811
0.006788050
0.006582164
0.006648050
0.006600914
0.006792684
0.006695602
0.006518831
0.006683206
0.006846643
0.006604716
0.006595550
0.006591279
0.006575758
0.006646592
0.006742112
0.006610914
0.006571279
0.006516071
0.006699403
0.006573363
0.006762007
0.006603571
0.006535289
0.006554873
0.006708414
0.006533727
0.006732216
0.006595133
0.006547894
0.006731956
0.006601592
0.006676643
0.006521071
0.006582893
0.006528258
0.006705341
0.006666436
0.006613154
0.006532529
0.006596383
0.006610550
0.006558779
0.006626852
0.006747581
0.006579352
0.006593727
0.006571852
0.006670029
0.006533935
0.006553102
0.006560029
0.006595602
0.006684248
0.006684716
0.006536696
0.006600967
0.006690237
0.006607946
0.006740550
0.006566800
0.006795028
0.006575810
0.006668206
0.006605185
0.006640341
0.006745862
0.006567061
0.006818882
0.006715758
0.006608936
0.006574456
0.006622737
0.006611279
0.006581123
0.006676852
0.006615029
0.006666487
0.006653362
0.006743154
0.006789560
0.006697268
0.006574248
0.006740498
0.006718623
0.006734300
0.006626748
0.006713988
0.006577165
0.006867841
0.006671175
0.006699560
0.006583154
0.006644508
0.006642061
0.006551800
0.006706122
0.006638779
0.006537425
0.006708414
0.006595082
0.006564873
0.006740966
0.006710914
0.006697425
0.006720081
0.006636748
0.006522270
0.006578154
0.006730758
0.006664925
0.006713518
0.006595914
0.006539926
0.006704873
0.006739195
0.006701904
0.006570811
0.006617946
0.006605342
0.006574717
0.006605446
0.006687529
0.006560810
0.006606592
0.006605237
0.006838778
0.006637113
0.006741799
0.006608206
0.006628883
0.006623155
0.006761747
0.006622529
0.006667477
0.006525707
0.006598624
0.006558779
0.006575654
0.006709821
0.006711487
0.006717269
0.006613572
0.006655550
0.006767269
0.006561332
0.006728466
0.006612061
0.006623727
0.006661540
0.006528936
0.006666696
0.006553363
0.006759717
0.006628519
0.006563363
0.006698935
0.006702894
0.006652269
0.006572738
0.006588988
0.006767268
0.006618832
0.006675081
0.006548363
0.006772529
0.006615238
0.006600446
0.006669300
0.006795029
0.006589873
0.006523519
0.006621748
0.006660915
0.006752998
0.006579613
0.006686696
0.006545706
0.006630602
0.006588728
0.006546280
0.006793415
0.006606748
0.006659978
0.006618467
0.006562582
0.006917893
0.006693832
0.006712112
0.006738935
0.006609405
0.006783414
0.006641436
0.006527894
0.006688050
0.006554145
0.006627842
0.006565811
0.006780029
0.006596748
0.006794560
0.006560342
0.006569457
0.006561488
0.006590603
0.006571696
0.006602842
0.006598363
0.006611905
0.006725185
0.006623727
0.006592790
0.006738363
0.006658155
0.006596904
0.006668935
0.006568050
0.006655551
0.006753154
0.006584926
0.006665029
0.006513207
0.006565342
0.006669873
0.006612269
0.006599404
0.006574613
0.006698103
0.006808831
0.006671176
0.006714456
0.006622530
0.006625707
0.006657426
0.006657530
0.006605394
0.006686331
0.006600707
0.006602269
0.006741279
0.006588311
0.006617425
0.006706279
0.006942164
0.006643207
0.006679925
0.006673102
0.006700550
0.006619093
0.006575912
0.006456330
0.006610756
0.006666850
0.006516017
0.006557527
0.006572735
0.006647214
0.006673360
0.006655755
0.006563516
0.006490964
0.006600079
0.006656016
0.006526277
0.006637474
0.006663359
0.006618569
0.006570183
0.006680495
0.006506642
0.006531746
0.006666589
0.006593204
0.006592839
0.006634037
0.006780756
0.006668881
0.006644141
0.006596850
0.006624870
0.006583203
0.006761641
0.006766172
0.006695756
0.006803984
0.006580965
0.006574662
0.006770912
0.006518257
0.006548047
0.006685755
0.006600287
0.006549975
0.006638308
0.006557214
0.006564715
0.006618517
0.006602475
0.006677058
0.006807422
0.006628099
0.006651694
0.006624246
0.006638620
0.006695548
0.006560183
0.006658100
0.006632787
0.006725391
0.006571641
0.006651641
0.006580183
0.006809974
0.006676485
0.006662631
0.006549246
0.006505548
0.006622422
0.006756328
0.006572318
0.006682214
0.006575392
0.006658464
0.006683777
0.006576381
0.006672734
0.006675287
0.006596745
0.006544975
0.006672474
0.006742370
0.006722422
0.006778516
0.006554767
0.006565236
0.006563777
0.006542892
0.006634297
0.006575027
0.006584923
0.006609714
0.006604975
0.006545809
0.006624298
0.006626589
0.006577684
0.006510860
0.006694923
0.006798880
0.006554975
0.006677787
0.006629923
0.006633777
0.006633151
0.006655548
0.006531902
0.006609298
0.006550183
0.006625496
0.006548256
0.006640808
0.006651381
0.006571433
0.006577266
0.006693516
0.006636693
0.006795078
0.006644766
0.006544194
0.006573516
0.006592371
0.006652995
0.006744818
0.006684298
0.006670703
0.006595288
0.006660808
0.006707110
0.006739246
0.006615131
0.006537059
0.006588048
0.006660756
0.006772213
0.006824349
0.006711641
0.006688047
0.006622996
0.006642162
0.006576590
0.006643517
0.006670912
0.006669558
0.006600339
0.006569037
0.006685599
0.006554402
0.006697214
0.006699870
0.006632318
0.006713568
0.006580965
0.006812943
0.006607058
0.006544610
0.006585965
0.006550652
0.006673829
0.006571173
0.006685235
0.006666537
0.006603569
0.006553256
0.006671329
0.006670600
0.006747943
0.006623517
0.006613881
0.006537839
0.006734819
0.006673776
0.006689089
0.006623100
0.006682839
0.006585339
0.006650391
0.006601485
0.006670548
0.006729714
0.006592840
0.006665027
0.006687006
0.006753985
0.006525704
0.006859766
0.006624454
0.006566173
0.006649975
0.006569923
0.006672474
0.006742318
0.006640027
0.006740651
0.006639870
0.006746172
0.006551225
0.006585704
0.006620860
0.006701225
0.006541903
0.006808151
0.006583100
0.006700340
0.006658673
0.006666172
0.006596850
0.006672631
0.006618672
0.006832682
0.006639245
0.006673100
0.006588308
0.006701329
0.006638152
0.006574402
0.006594871
0.006715131
0.006695599
0.006556329
0.006633412
0.006550757
0.006611902
0.006565809
0.006711224
0.006529351
0.006669402
0.006633568
0.006615496
0.006533830
0.006695444
0.006734505
0.006588568
0.006564454
0.006615809
0.006606746
0.006500808
0.006684402
0.006706068
0.006703464
0.006605548
0.006779818
0.006741173
0.006677735
0.006636902
0.006608361
0.006635079
0.006662579
0.006688152
0.006715600
0.006560340
0.006634142
0.006629819
0.006659871
0.006674090
0.006629714
0.006547423
0.006648100
0.006600183
0.006694558
0.006542736
0.006570965
0.006566330
0.006640443
0.006583830
0.006777058
0.006551329
0.006538361
0.006546226
0.006557528
0.006583257
0.006535496
0.006666381
0.006647423
0.006622318
0.006661381
0.006587788
0.006667579
0.006561485
0.006552840
0.006519663
0.006655496
0.006574402
0.006548569
0.006665495
0.006601173
0.006704975
0.006605027
0.006572944
0.006518309
0.006596798
0.006528674
0.006663777
0.006579455
0.006552111
0.006688725
0.006496173
0.006557006
0.006673777
0.006548569
0.006602476
0.006598829
0.006667319
0.006566590
0.006593934
0.006725443
0.006629142
0.006579038
0.006790183
0.006661538
0.006684454
0.006563933
0.006573882
0.006565965
0.006756172
0.006589090
0.006509715
0.006621746
0.006556121
0.006645444
0.006569663
0.006529194
0.006626069
0.006603412
0.006575131
0.006750652
0.006556642
0.006767475
0.006645236
0.006575913
0.006566433
0.006495028
0.006563308
0.006577006
0.006685600
0.006638725
0.006588621
0.006582892
0.006778047
0.006573778
0.006701954
0.006711642
0.006606225
0.006736901
0.006569558
0.006740027
0.006612944
0.006570600
0.006581538
0.006601225
0.006557528
0.006598673
0.006634767
0.006686693
0.006613204
0.006560652
0.006680235
0.006614142
0.006578881
0.006557319
0.006570079
0.006558152
0.006668204
0.006717110
0.006686693
0.006696537
0.006578986
0.006659142
0.006561746
0.006524820
0.006780599
0.006695391
0.006586694
0.006620027
0.006761693
0.006566434
0.006611798
0.006685808
0.006605392
0.006596434
0.006535913
0.006653308
0.006658517
0.006733881
0.006609403
0.006603933
0.006716173
0.006693412
0.006727579
0.006719194
0.006577788
0.006515809
0.006646798
0.006669038
0.006632267
0.006747996
0.006631121
0.006604871
0.006677579
0.006551382
0.006576694
0.006553465
0.006559038
0.006587736
0.006595236
0.006630861
0.006754922
0.006552111
0.006591069
0.006539350
0.006565600
0.006599559
0.006688152
0.006541747
0.006585860
0.006633830
0.006662996
0.006681955
0.006556642
0.006581799
0.006590496
0.006496903
0.006495601
0.006666589
0.006676225
0.006670548
0.006584768
0.006670912
0.006583778
0.006683985
0.006806069
0.006592527
0.006585809
0.006509715
0.006555131
0.006650809
0.006665912
0.006748204
0.006560652
0.006620236
0.006598777
0.006511330
0.006550444
0.006604872
0.006604819
0.006501538
0.006514298
0.006586902
0.006566850
0.006591694
0.006606486
0.006519820
0.006650027
0.006673985
0.006539767
0.006550236
0.006582996
0.006631433
0.006584507
0.006698621
0.006666173
0.006534454
0.006591955
0.006548361
0.006628205
0.006731590
0.006541642
0.006574923
0.006567424
0.006671485
0.006505392
0.006542632
0.006531694
0.006687475
0.006569038
0.006537788
0.006798151
0.006537893
0.006648882
0.006723621
0.006564715
0.006568257
0.006757527
0.006561069
0.006614767
0.006640392
0.006542319
0.006754610
0.006606070
0.006533777
0.006557788
0.006648569
0.006589402
0.006599298
0.006566278
0.006704402
0.006761277
0.006695339
0.006567372
0.006550913
0.006547736
0.006539819
0.006567424
0.006661330
0.006586486
0.006656590
0.006657683
0.006561173
0.006603309
0.006536382
0.006559976
0.006585705
0.006636069
0.006588257
0.006562163
0.006792787
0.006573360
0.006577476
0.006595965
0.006754715
0.006643413
0.006505705
0.006566798
0.006786068
0.006634455
0.006588153
0.006743933
0.006533101
0.006644767
0.006623934
0.006540289
0.006526382
0.006605393
0.006667319
0.006613986
0.006660600
0.006647215
0.006693361
0.006515601
0.006614350
0.006597424
0.006573986
0.006548569
0.006667996
0.006734923
0.006560027
0.006595861
0.006773673
0.006626329
0.006546955
0.006687527
0.006759871
0.006596747
0.006536434
0.006687892
0.006755287
0.006590028
0.006638986
0.006579820
0.006671278
0.006695288
0.006646746
0.006641746
0.006640600
0.006629558
0.006654246
0.006711902
0.006556799
0.006589090
0.006550028
0.006553361
0.006551226
0.006797735
0.006789767
0.006564767
0.006560809
0.006557007
0.006523830
0.006612527
0.006680235
0.006532528
0.006534455
0.006564350
0.006552632
0.006521642
0.006575913
0.006822995
0.006750183
0.006596591
0.006691850
0.006487997
0.006753412
0.006550080
0.006759402
0.006573048
0.006547528
0.006573726
0.006633725
0.006591278
0.006541747
0.006617787
0.006625392
0.006554871
0.006619663
0.006620132
0.006697944
0.006571225
0.006663257
0.006768829
0.006661538
0.006551590
0.006563569
0.006609090
0.006545184
0.006565288
0.006639767
0.006526955
0.006641225
0.006588622
0.006535809
0.006883152
0.006540237
0.006725496
0.006614715
0.006572320
0.006547945
0.006611642
0.006534351
0.006564090
0.006757631
0.006593829
0.006714871
0.006695548
0.006493361
0.006566017
0.006692527
0.006575757
0.006702892
0.006619820
0.006787006
0.006575653
0.006672579
0.006531018
0.006549976
0.006597320
0.006630965
0.006717527
0.006547164
0.006565289
0.006674819
0.006754142
0.006551069
0.006555028
0.006679350
0.006581226
0.006534924
0.006682944
0.006790913
0.006701954
0.006534819
0.006577320
0.006559351
0.006532007
0.006675183
0.006700913
0.006544039
0.006561173
0.006595861
0.006601382
0.006738153
0.006624403
0.006712371
0.006577736
0.006534455
0.006733778
0.006520340
0.006556591
0.006656850
0.006556643
0.006649507
0.006704090
0.006745392
0.006686538
0.006700340
0.006593153
0.006697423
0.006743413
0.006541226
0.006527424
0.006546799
0.006594455
0.006581851
0.006683778
0.006667059
0.006683465
0.006552632
0.006623361
0.006597319
0.006686590
0.006536330
0.006697944
0.006553309
0.006524508
0.006521903
0.006526799
0.006590392
0.006638153
0.006670913
0.006585497
0.006594142
0.006713829
0.006672736
0.006576955
0.006539976
0.006579767
0.006722319
0.006538882
0.006509143
0.006677320
0.006787371
0.006588569
0.006530340
0.006554507
0.006720652
0.006569142
0.006542007
0.006551226
0.006543934
0.006556434
0.006716381
0.006798412
0.006592632
0.006550028
0.006555966
0.006577892
0.006592944
0.006524664
0.006647528
0.006573205
0.006514403
0.006640393
0.006657788
0.006782215
0.006673257
0.006597476
0.006567892
0.006511852
0.006504768
0.006676486
0.006642788
0.006601174
0.006525132
0.006557632
0.006780028
0.006728621
0.006590080
0.006601799
0.006608934
0.006688361
0.006544559
0.006622475
0.006580496
0.006604976
0.006561070
0.006781278
0.006656850
0.006535132
0.006736902
0.006583986
0.006567736
0.006549664
0.006690965
0.006532997
0.006780287
0.006599299
0.006629299
0.006522476
0.006593569
0.006625914
0.006707580
0.006583830
0.006655392
0.006632215
0.006627216
0.006685652
0.006645966
0.006597996
0.006617007
0.006547580
0.006607059
0.006581851
0.006664716
0.006573205
0.006652216
0.006614611
0.006690861
0.006539976
0.006782787
0.006604715
0.006681694
0.006688673
0.006627371
0.006682893
0.006638100
0.006563935
0.006627736
0.006585601
0.006630705
0.006663674
0.006752007
0.006572164
0.006835339
0.006665809
0.006748569
0.006639403
0.006655966
0.006590705
0.006485758
0.006653570
0.006534507
0.006552685
0.006681643
0.006587580
0.006586799
0.006627528
0.006518622
0.006533622
0.006620496
0.006588309
0.006572372
0.006665341
0.006703100
0.006715757
0.006635496
0.006554924
0.006668934
0.006664767
0.006503413
0.006689298
0.006693309
0.006590757
0.006649820
0.006532580
0.006679923
0.006622580
0.006566747
0.006575288
0.006708725
0.006678205
0.006653414
0.006677580
0.006618830
0.006593830
0.006540549
0.006693778
0.006873725
0.006488831
0.006600497
0.006562788
0.006593049
0.006686434
0.006691069
0.006705548
0.006521747
0.006571799
0.006731121
0.006540237
0.006667841
0.006644298
0.006621538
0.006597059
0.006668361
0.006750236
0.006578101
0.006716121
0.006520444
0.006572320
0.006675549
0.006545080
0.006649090
0.006735184
0.006580028
0.006582059
0.006515654
0.006609716
0.006637892
0.006600966
0.006564559
0.006584194
0.006572059
0.006577268
0.006671382
0.006621746
0.006662528
0.006573518
0.006672788
0.006510393
0.006585861
0.006539404
0.006568153
0.006550757
0.006656434
0.006658726
0.006675392
0.006716017
0.006522737
0.006627007
0.006511590
0.006577372
0.006791954
0.006516904
0.006640132
0.006605966
0.006527060
0.006733153
0.006649247
0.006524872
0.006605653
0.006525861
0.006626330
0.006791955
0.006506226
0.006723204
0.006726069
0.006561956
0.006650757
0.006541643
0.006599247
0.006711122
0.006697006
0.006580080
0.006637372
0.006713622
0.006588414
0.006569872
0.006626122
0.006592892
0.006565445
0.006630132
0.006619195
0.006517476
0.006595966
0.006541122
0.006520133
0.006671278
0.006742163
0.006787788
0.006550601
0.006570132
0.006560966
0.006593466
0.006577163
0.006693049
0.006642944
0.006580601
0.006542424
0.006656643
0.006667164
0.006524351
0.006689142
0.006621226
0.006607737
0.006760861
0.006642476
0.006582580
0.006631226
0.006595184
0.006666278
0.006557841
0.006762007
0.006665288
0.006562320
0.006612841
0.006665080
0.006501487
0.006540757
0.006679455
0.006677319
0.006545914
0.006627215
0.006652007
0.006728621
0.006684142
0.006521175
0.006592736
0.006767424
0.006578882
0.006705340
0.006691746
0.006569142
0.006586279
0.006720080
0.006695445
0.006648726
0.006567893
0.006628258
0.006614351
0.006704090
0.006574872
0.006515133
