0.006307053
0.006476427
0.006235335
0.006225126
0.006258980
0.006197887
0.006407625
0.006304136
0.006438979
0.006267313
0.006345386
0.006399344
0.006488562
0.006302574
0.006289657
0.006291533
0.006248251
0.006400021
0.006428354
0.006365490
0.006203668
0.006292209
0.006226793
0.006360646
0.006244397
0.006691583
0.006404761
0.006201481
0.006280230
0.006385802
0.006295178
0.006325542
0.006321219
0.006282991
0.006489343
0.006309084
0.006380490
0.006224033
0.006263667
0.006251324
0.006263616
0.006258251
0.006319396
0.006368824
0.006255699
0.006307470
0.006216168
0.006311168
0.006246949
0.006257001
0.006356844
0.006428146
0.006508511
0.006437782
0.006309396
0.006379761
0.006337209
0.006381480
0.006218720
0.006391428
0.006422938
0.006236324
0.006287626
0.006263616
0.006337469
0.006246741
0.006484032
0.006267418
0.006315074
0.006381584
0.006244240
0.006194293
0.006248460
0.006261063
0.006198043
0.006222991
0.006205491
0.006286532
0.006281063
0.006231428
0.006309605
0.006301636
0.006475750
0.006269918
0.006272782
0.006301428
0.006249866
0.006380386
0.006354657
0.006399292
0.006282366
0.006279605
0.006301844
0.006385802
0.006232417
0.006194293
0.006433614
0.006323980
0.006314032
0.006528615
0.006419032
0.006385282
0.006194709
0.006235126
0.006240542
0.006281688
0.006303616
0.006258823
0.006261897
0.006412261
0.006246324
0.006244553
0.006268564
0.006651895
0.006256792
0.006248928
0.006234345
0.006302313
0.006228824
0.006274449
0.006388563
0.006345491
0.006268667
0.006464968
0.006275021
0.006275074
0.006268772
0.006357209
0.006217835
0.006341012
0.006354813
0.006263719
0.006444813
0.006320073
0.006384553
0.006264188
0.006290021
0.006340126
0.006266949
0.006274293
0.006284658
0.006329813
0.006216324
0.006263824
0.006350699
0.006431635
0.006260699
0.006345074
0.006428407
0.006253043
0.006417052
0.006283876
0.006437000
0.006256428
0.006262835
0.006385125
0.006427104
0.006289553
0.006329865
0.006284710
0.006419448
0.006284813
0.006404553
0.006487260
0.006429396
0.006362990
0.006306011
0.006463510
0.006278147
0.006325230
0.006366688
0.006270543
0.006256793
0.006221428
0.006414396
0.006325647
0.006292157
0.006230907
0.006494500
0.006208199
0.006342417
0.006258564
0.006306272
0.006294709
0.006206116
0.006251428
0.006361271
0.006251897
0.006239970
0.006271793
0.006420021
0.006245386
0.006402834
0.006221585
0.006311012
0.006454187
0.006277313
0.006293355
0.006444292
0.006461688
0.006261115
0.006489084
0.006337886
0.006375282
0.006276011
0.006336584
0.006303824
0.006318980
0.006253512
0.006269397
0.006336688
0.006322573
0.006442208
0.006401271
0.006397105
0.006208876
0.006390229
0.006282886
0.006255855
0.006314396
0.006363980
0.006247730
0.006340803
0.006374969
0.006284501
0.006366897
0.006218564
0.006243460
0.006397521
0.006275543
0.006241272
0.006317730
0.006466375
0.006236585
0.006274501
0.006399240
0.006237417
0.006360855
0.006267470
0.006439605
0.006237678
0.006214085
0.006337678
0.006233200
0.006280907
0.006310126
0.006212314
0.006284188
0.006329709
0.006381844
0.006417937
0.006207418
0.006338250
0.006516844
0.006474395
0.006446896
0.006225386
0.006194032
0.006586947
0.006358563
0.006259710
0.006373511
0.006221637
0.006415802
0.006394084
0.006174345
0.006327001
0.006352052
0.006233668
0.006439240
0.006286949
0.006270021
0.006229762
0.006273199
0.006343615
0.006250178
0.006449188
0.006302834
0.006331584
0.006320126
0.006318251
0.006389553
0.006248720
0.006326584
0.006298511
0.006328459
0.006271688
0.006310334
0.006365386
0.006350073
0.006301272
0.006239241
0.006248876
0.006398355
0.006263824
0.006278720
0.006304605
0.006244657
0.006340438
0.006260960
0.006257574
0.006263876
0.006431375
0.006265178
0.006214970
0.006230699
0.006381636
0.006433510
0.006268980
0.006396063
0.006216116
0.006242938
0.006252626
0.006384812
0.006205074
0.006266792
0.006349292
0.006355699
0.006247730
0.006225438
0.006473250
0.006269085
0.006262939
0.006432104
0.006254657
0.006316741
0.006272522
0.006402417
0.006219345
0.006264814
0.006258042
0.006405438
0.006420594
0.006341428
0.006385698
0.006342938
0.006316532
0.006377469
0.006442521
0.006235074
0.006333407
0.006253980
0.006415021
0.006274084
0.006256793
0.006231532
0.006393980
0.006214449
0.006280647
0.006398146
0.006289240
0.006305022
0.006453250
0.006255699
0.006465959
0.006249813
0.006235908
0.006441011
0.006272314
0.006241845
0.006350594
0.006397261
0.006256272
0.006256480
0.006242626
0.006390282
0.006210752
0.006281949
0.006213408
0.006261272
0.006290751
0.006284605
0.006273771
0.006479344
0.006187314
0.006237209
0.006414604
0.006227730
0.006286011
0.006493562
0.006441011
0.006388563
0.006259449
0.006399084
0.006252783
0.006296948
0.006413406
0.006390386
0.006520281
0.006399084
0.006272522
0.006253616
0.006284970
0.006435489
0.006224501
0.006215960
0.006369292
0.006267938
0.006250439
0.006257209
0.006392261
0.006483719
0.006254969
0.006251480
0.006299136
0.006296272
0.006227574
0.006389553
0.006372990
0.006461636
0.006387574
0.006275699
0.006400490
0.006329761
0.006309761
0.006303980
0.006236584
0.006276376
0.006209189
0.006271428
0.006306949
0.006247626
0.006334344
0.006424865
0.006402938
0.006284084
0.006374553
0.006313980
0.006320386
0.006222574
0.006343094
0.006216949
0.006277365
0.006370126
0.006277886
0.006278043
0.006485281
0.006373615
0.006391115
0.006210647
0.006238719
0.006264553
0.006402834
0.006265646
0.006229710
0.006313980
0.006496792
0.006358563
0.006281793
0.006349344
0.006265543
0.006346011
0.006287158
0.006192470
0.006462573
0.006268564
0.006219761
0.006439864
0.006294345
0.006342053
0.006230803
0.006314553
0.006334604
0.006332157
0.006198615
0.006321219
0.006336219
0.006208459
0.006292939
0.006253408
0.006256532
0.006464709
0.006441479
0.006342001
0.006216793
0.006455229
0.006276063
0.006300751
0.006201064
0.006441896
0.006225387
0.006263772
0.006210386
0.006264553
0.006498145
0.006504135
0.006205803
0.006259137
0.006375959
0.006398042
0.006308095
0.006262782
0.006313042
0.006429084
0.006439604
0.006274605
0.006220178
0.006274241
0.006263459
0.006388875
0.006248616
0.006452625
0.006354032
0.006414969
0.006283980
0.006332991
0.006354136
0.006250178
0.006428354
0.006233043
0.006264501
0.006287886
0.006211741
0.006464552
0.006330073
0.006246272
0.006200803
0.006301532
0.006269709
0.006199293
0.006329084
0.006340177
0.006447312
0.006247001
0.006422625
0.006312730
0.006409605
0.006258668
0.006379032
0.006404135
0.006412313
0.006350490
0.006301063
0.006325698
0.006258564
0.006318407
0.006462729
0.006237001
0.006239345
0.006352678
0.006279501
0.006491739
0.006229084
0.006402208
0.006371688
0.006193981
0.006293980
0.006229709
0.006475334
0.006395125
0.006190127
0.006249501
0.006260282
0.006274813
0.006258407
0.006291792
0.006259761
0.006254084
0.006372938
0.006268094
0.006251532
0.006251168
0.006427833
0.006261324
0.006419500
0.006505281
0.006287261
0.006279240
0.006372938
0.006302730
0.006278303
0.006426948
0.006364136
0.006358615
0.006238460
0.006227365
0.006450073
0.006233251
0.006381948
0.006316740
0.006250022
0.006260178
0.006289969
0.006193199
0.006295491
0.006185752
0.006309917
0.006391896
0.006276948
0.006361948
0.006377156
0.006479864
0.006247991
0.006417834
0.006463979
0.006292834
0.006350074
0.006244501
0.006428303
0.006367626
0.006425385
0.006352521
0.006273772
0.006409240
0.006305491
0.006417313
0.006237886
0.006260491
0.006367833
0.006223616
0.006226949
0.006498666
0.006397730
0.006353459
0.006371948
0.006303146
0.006289969
0.006367573
0.006402469
0.006327886
0.006410230
0.006209293
0.006336271
0.006222469
0.006477729
0.006260595
0.006238668
0.006345542
0.006377261
0.006435906
0.006299605
0.006382886
0.006397053
0.006252782
0.006373980
0.006215439
0.006376375
0.006263771
0.006316584
0.006188981
0.006367574
0.006189241
0.006362522
0.006301271
0.006272313
0.006314241
0.006457625
0.006433510
0.006293823
0.006453771
0.006239657
0.006323615
0.006454292
0.006209085
0.006223199
0.006232626
0.006236689
0.006393146
0.006321272
0.006516323
0.006307470
0.006261272
0.006505072
0.006465229
0.006232261
0.006268876
0.006361792
0.006231740
0.006446739
0.006458667
0.006454396
0.006365021
0.006226376
0.006335230
0.006408406
0.006402469
0.006261376
0.006369553
0.006241167
0.006242157
0.006216949
0.006370854
0.006231376
0.006345230
0.006289917
0.006276584
0.006252991
0.006289292
0.006232730
0.006433510
0.006227730
0.006269136
0.006261064
0.006296220
0.006394448
0.006460073
0.006173512
0.006434604
0.006418094
0.006222678
0.006275751
0.006395282
0.006290230
0.006279970
0.006211220
0.006222314
0.006465958
0.006250126
0.006351167
0.006430594
0.006377730
0.006266741
0.006398354
0.006203512
0.006287469
0.006265803
0.006390490
0.006226324
0.006219449
0.006209397
0.006203720
0.006249761
0.006225803
0.006375802
0.006218251
0.006197887
0.006250647
0.006478823
0.006259032
0.006216481
0.006305022
0.006253928
0.006373719
0.006239240
0.006429448
0.006243251
0.006503406
0.006450698
0.006167001
0.006197210
0.006442833
0.006193408
0.006273199
0.006367938
0.006378042
0.006347313
0.006224710
0.006413406
0.006467260
0.006255751
0.006389344
0.006207262
0.006227209
0.006396687
0.006224241
0.006239970
0.006294136
0.006418667
0.006240438
0.006438042
0.006283459
0.006230804
0.006448198
0.006303407
0.006311271
0.006260699
0.006218095
0.006244397
0.006232262
0.006380698
0.006293771
0.006388824
0.006197626
0.006275491
0.006385334
0.006343771
0.006281688
0.006305386
0.006444344
0.006207210
0.006370803
0.006273980
0.006268459
0.006264657
0.006291688
0.006234085
0.006355333
0.006403406
0.006376740
0.006256793
0.006374917
0.006284449
0.006208772
0.006369760
0.006225543
0.006345230
0.006195907
0.006307730
0.006301376
0.006416167
0.006332886
0.006240491
0.006403927
0.006354605
0.006226428
0.006302626
0.006382782
0.006223824
0.006243043
0.006254761
0.006300543
0.006220595
0.006364813
0.006408302
0.006294501
0.006395542
0.006343407
0.006360594
0.006175282
0.006298667
0.006286324
0.006178460
0.006394813
0.006436427
0.006375646
0.006272522
0.006260438
0.006391896
0.006252106
0.006449812
0.006248720
0.006330698
0.006448563
0.006304344
0.006263564
0.006240908
0.006429656
0.006177158
0.006449604
0.006169657
0.006298303
0.006295855
0.006422729
0.006258199
0.006344657
0.006358147
0.006246793
0.006259605
0.006277469
0.006221480
0.006430803
0.006353563
0.006365438
0.006423458
0.006286949
0.006452885
0.006354292
0.006354292
0.006230855
0.006307001
0.006212782
0.006299501
0.006330907
0.006332886
0.006265282
0.006331740
0.006288303
0.006223928
0.006319345
0.006491740
0.006260647
0.006243251
0.006325491
0.006414448
0.006240647
0.006336272
0.006373198
0.006200231
0.006346480
0.006393094
0.006248356
0.006253459
0.006241324
0.006247679
0.006263668
0.006266480
0.006196012
0.006373459
0.006341741
0.006249970
0.006432989
0.006248668
0.006377625
0.006392781
0.006408615
0.006237365
0.006287783
0.006377104
0.006216949
0.006283355
0.006266637
0.006251585
0.006405803
0.006392782
0.006351740
0.006290178
0.006415333
0.006305699
0.006287001
0.006394761
0.006245595
0.006367625
0.006416427
0.006259969
0.006283564
0.006329657
0.006366532
0.006242262
0.006414656
0.006429865
0.006370282
0.006245126
0.006454552
0.006224397
0.006248355
0.006189971
0.006345646
0.006201012
0.006346792
0.006259292
0.006399969
0.006284762
0.006375073
0.006251845
0.006370438
0.006395073
0.006397313
0.006234553
0.006239657
0.006297313
0.006297314
0.006234970
0.006338511
0.006374396
0.006390126
0.006253928
0.006393563
0.006254293
0.006467469
0.006409761
0.006230387
0.006300334
0.006305750
0.006404292
0.006373927
0.006234293
0.006218147
0.006336271
0.006380958
0.006293095
0.006499656
0.006255595
0.006398302
0.006358563
0.006285334
0.006394865
0.006285178
0.006225230
0.006281219
0.006242834
0.006383355
0.006240387
0.006505020
0.006318406
0.006243355
0.006368042
0.006244710
0.006478719
0.006406324
0.006364813
0.006239188
0.006189554
0.006354084
0.006445437
0.006203876
0.006353824
0.006236532
0.006275543
0.006250074
0.006492365
0.006356167
0.006423354
0.006255074
0.006409187
0.006294084
0.006444708
0.006428667
0.006311272
0.006213512
0.006259813
