0.006867738
0.007126228
0.006802270
0.006924300
0.007065759
0.006777217
0.006872999
0.006871801
0.006868103
0.007060238
0.006791072
0.006829770
0.006853520
0.006842374
0.006957894
0.006922270
0.006758363
0.006940551
0.003796655
0.006814509
0.006781905
0.006961852
0.006900134
0.006868260
0.006806593
0.006861176
0.007075811
0.006900186
0.006950655
0.006998988
0.007085394
0.006852426
0.006872322
0.006985238
0.006832687
0.007107373
0.006792790
0.003740248
0.003757123
0.007000290
0.006860499
0.006941905
0.007012113
0.006988311
0.006841957
0.006780708
0.006799405
0.006805291
0.006938206
0.006759978
0.006846071
0.006774822
0.006877322
0.006940134
0.006960498
0.006924144
0.006837061
0.003862279
0.006901437
0.006902842
0.006943624
0.006847843
0.006994509
0.006838416
0.006745447
0.006885238
0.006832739
0.006906228
0.006979665
0.006851801
0.006790759
0.006898571
0.006941853
0.006971541
0.006954405
0.003721863
0.003798477
0.006821801
0.006896905
0.006930863
0.006779145
0.006840342
0.006833885
0.006995655
0.007071592
0.006968936
0.006903884
0.006818259
0.006820187
0.006778207
0.006816020
0.006975603
0.006893572
0.006895447
0.006878259
0.003774103
0.006954145
0.006913988
0.006932634
0.006922113
0.006769353
0.006884093
0.006809353
0.006985550
0.006762114
0.006893624
0.006785968
0.006856176
0.006914197
0.006743833
0.006817322
0.006934509
0.006767478
0.006875343
0.003799936
0.006971019
0.006998936
0.006797531
0.007032373
0.007018884
0.006859614
0.007042894
0.006987217
0.006818051
0.006872999
0.006983103
0.006798155
0.006953311
0.006946124
0.006961541
0.006829145
0.007117008
0.003707592
0.003762279
0.003871915
0.006932790
0.006874093
0.006799458
0.006948051
0.006855863
0.006938675
0.007010811
0.006822479
0.006850968
0.006951124
0.006816853
0.006881853
0.006826019
0.006813885
0.006901801
0.006804874
0.006832999
0.003883946
0.003791967
0.007027217
0.007054560
0.006913832
0.007013571
0.006891124
0.006810030
0.006794927
0.006860707
0.006984248
0.006928519
0.006822374
0.006903884
0.006979821
0.006989769
0.006781333
0.006942530
0.006831124
0.006901645
0.003825508
0.006884978
0.006998623
0.006851019
0.006987478
0.006827738
0.006919144
0.007016905
0.006876280
0.006879457
0.006937998
0.006811072
0.006857426
0.006900186
0.006976800
0.006845135
0.006899457
0.006871488
0.003770874
0.003797279
0.006807791
0.006947009
0.006929405
0.006812530
0.006875187
0.006917166
0.006828207
0.006870915
0.006877738
0.006777583
0.006824978
0.006894041
0.006823311
0.006838624
0.006985291
0.006790604
0.006834093
0.006965082
0.003861915
0.006916072
0.006914197
0.006897321
0.006926540
0.006820760
0.006975863
0.006926592
0.006822583
0.006781228
0.006825239
0.006877530
0.006768260
0.006966853
0.006952113
0.006832739
0.006941280
0.006827739
0.006917634
0.003775613
0.006917791
0.006991853
0.006953571
0.006800708
0.006848781
0.006950134
0.006901957
0.006928520
0.006962165
0.006948259
0.006842113
0.006871801
0.006856957
0.006940916
0.006805915
0.007013467
0.006830186
0.003805873
0.006968259
0.006791436
0.006883311
0.006779926
0.006791228
0.006898363
0.006848207
0.006918988
0.006906280
0.006807947
0.006838259
0.006867947
0.006854249
0.006748312
0.006808572
0.006769197
0.006888728
0.006855968
0.003864779
0.006850707
0.006908780
0.007046228
0.006851124
0.006784093
0.006828520
0.006800499
0.006825603
0.006970603
0.006941175
0.007027529
0.006838364
0.006750916
0.006959718
0.006850707
0.006861645
0.007082061
0.006855134
0.003817956
0.007003467
0.006849249
0.006917165
0.006913363
0.006972738
0.006829874
0.006900499
0.006777843
0.006813937
0.006914769
0.007004614
0.006878884
0.006804926
0.006875655
0.006905030
0.007043206
0.006900239
0.003727905
0.003832227
0.007006488
0.006905864
0.006980655
0.006875603
0.006942477
0.006805812
0.006822947
0.006911124
0.006847947
0.006840916
0.006924926
0.006857269
0.007002894
0.006889301
0.006771385
0.006912634
0.006939718
0.006846593
0.003765718
0.003888737
0.006859613
0.006967061
0.006920499
0.006910187
0.006850655
0.006799249
0.006949613
0.006946384
0.006927218
0.006830603
0.006804510
0.006870291
0.006915238
0.006784041
0.006812999
0.006799822
0.006873676
0.006869405
0.003806654
0.007128102
0.006813364
0.006825915
0.007006019
0.006885031
0.006884405
0.006955863
0.006892321
0.007065655
0.006818364
0.006851488
0.006944249
0.006781072
0.007056644
0.006978259
0.006880968
0.006807634
0.003786133
0.007006853
0.006887738
0.006830395
0.006910446
0.006788833
0.006852270
0.006816280
0.006855551
0.006892062
0.006957113
0.006981697
0.006831645
0.006989509
0.006861384
0.006958832
0.006868155
0.006821072
0.006845916
0.003884415
0.006881958
0.006805499
0.006821749
0.006868467
0.006883884
0.006819145
0.006935134
0.007019613
0.006840083
0.007089456
0.006903363
0.006842687
0.006814770
0.006910655
0.006860759
0.007045238
0.006837426
0.006900811
0.003809832
0.006902009
0.006784926
0.006755343
0.006764822
0.006908519
0.006842583
0.006914926
0.006834770
0.006783624
0.006868103
0.006854144
0.006815186
0.006992270
0.007000811
0.007076540
0.006948832
0.006876124
0.003707384
0.003782592
0.003808946
0.006993102
0.006811437
0.006895760
0.006854249
0.006875238
0.007033207
0.006937166
0.006819978
0.006786176
0.006896437
0.006827739
0.006798207
0.006806853
0.006801750
0.006883207
0.006893832
0.006869353
0.003893009
0.006979770
0.006960238
0.007012478
0.006995238
0.007030915
0.006803155
0.006945811
0.006793832
0.006927634
0.006780708
0.006855759
0.006916957
0.006805655
0.006899353
0.006873103
0.006839301
0.006944509
0.006829197
0.003804832
0.003806811
0.006975395
0.007011801
0.006800864
0.006938467
0.006884093
0.006935759
0.006895707
0.006961592
0.006807217
0.006920811
0.006838155
0.006900291
0.006968103
0.006953103
0.006978520
0.006922478
0.006849510
0.003864884
0.006991176
0.006754301
0.006914874
0.006961020
0.006798676
0.006827218
0.006926072
0.006966228
0.006899822
0.006948467
0.006954353
0.006831228
0.006899978
0.006805135
0.006891697
0.006959822
0.006998103
0.006861281
0.003792748
0.006917947
0.006928415
0.006902322
0.006784406
0.006761020
0.006864353
0.006922635
0.006899301
0.006840499
0.007023467
0.006789822
0.006834353
0.006869092
0.006932478
0.006888624
0.007007478
0.006778312
0.006850082
0.003792436
0.007124040
0.007028363
0.006927114
0.006938259
0.006779614
0.006889458
0.006995030
0.006889718
0.006827530
0.007001644
0.007016123
0.006838363
0.006916384
0.006822322
0.006758781
0.006896384
0.006937113
0.003700301
0.003797072
0.006813312
0.006790864
0.006888259
0.006931801
0.006913936
0.006828311
0.006885915
0.006937269
0.006906228
0.006962999
0.007040134
0.006877478
0.006936957
0.007093987
0.006871072
0.006944821
0.006810968
0.006817061
0.003791446
0.006896437
0.006852895
0.006893260
0.006857269
0.006980811
0.006875395
0.006950186
0.006807218
0.006898207
0.007019092
0.006866957
0.006822061
0.006947322
0.006933779
0.006930394
0.006815656
0.006840707
0.006814509
0.003800040
0.003777540
0.007048884
0.006898260
0.006819614
0.006893311
0.006894301
0.006911072
0.006810916
0.006936280
0.007009248
0.006827843
0.006857895
0.006884614
0.006914092
0.006932530
0.006834718
0.006848572
0.006829197
0.003770561
0.003760196
0.003796186
0.006437949
0.006789302
0.006905186
0.006793728
0.006851697
0.006930291
0.006947270
0.006866385
0.006953051
0.007059509
0.006851593
0.006875395
0.006875290
0.006883676
0.006872478
0.007034457
0.006832895
0.006821905
0.003852696
0.007002373
0.006738572
0.006961957
0.006784614
0.006851437
0.006962529
0.006783051
0.006977321
0.006800239
0.006831281
0.006822738
0.006934926
0.007035342
0.006981489
0.006960551
0.007066175
0.006878572
0.006926071
0.003754311
0.003770040
0.003796134
0.003898842
0.006921905
0.007019405
0.006898884
0.006907998
0.006929926
0.006939405
0.006818104
0.006855603
0.006870656
0.006813988
0.007004873
0.006922166
0.007002581
0.006780448
0.006857895
0.006900498
0.006780500
0.003854832
0.003819936
0.007017478
0.006931436
0.006800499
0.006883051
0.006999665
0.006876280
0.006799665
0.006757478
0.006840499
0.006914770
0.007040238
0.006903155
0.006805343
0.006937009
0.006827687
0.006837530
0.006863780
0.003694311
0.006963311
0.006954457
0.006823885
0.006796124
0.006790656
0.006929353
0.007073675
0.006779926
0.006812322
0.006826801
0.006948832
0.006888780
0.006827687
0.006951176
0.006787739
0.006884718
0.006891333
0.006988676
0.003780560
0.003786863
0.006937478
0.006958832
0.006862478
0.006897843
0.006837635
0.007062217
0.006764145
0.006986436
0.006792895
0.006824197
0.006922114
0.006756073
0.006932582
0.006930342
0.006861801
0.007800704
0.006972374
0.003761967
0.006976853
0.006848416
0.006922946
0.006872478
0.006805968
0.006910395
0.007058884
0.006776020
0.006801073
0.006849562
0.006914301
0.006945708
0.006991175
0.006924614
0.006968728
0.006819405
0.006952634
0.006872843
0.003783894
0.006955916
0.007018050
0.006833520
0.006876176
0.006897426
0.006871801
0.006908780
0.006945707
0.007058259
0.006942530
0.007013207
0.006928884
0.007069196
0.006847947
0.006839145
0.006839353
0.006930864
0.006972217
0.003902332
0.006933728
0.006827687
0.006954353
0.006884145
0.006949405
0.006987009
0.007015134
0.007069352
0.006819145
0.006834405
0.006905238
0.006999353
0.006920812
0.006813989
0.006851644
0.006881905
0.006943728
0.003819936
0.006814613
0.006845915
0.006953311
0.006893467
0.006883572
0.006830499
0.006839457
0.007001957
0.006946905
0.006884978
0.006861593
0.006968050
0.006772270
0.006780395
0.006827687
0.007059353
0.006785239
0.006818156
0.003806759
0.003805509
0.006801801
0.006978832
0.006983884
0.006803989
0.006886020
0.006875343
0.006978727
0.006962947
0.006808208
0.006827218
0.006758833
0.006997165
0.006965186
0.006764666
0.006916437
0.006844822
0.006952895
0.007059873
0.003761654
0.006899145
0.006933260
0.006802947
0.006826332
0.006919353
0.007079926
0.007008780
0.006875968
0.006926644
0.006844405
0.006831229
0.006794510
0.007084977
0.006855707
0.006768364
0.006862634
0.006848155
0.006777738
0.007039873
0.006991071
0.007021436
0.006841488
0.006972478
0.006920968
0.006920498
0.006793781
0.006885759
0.006866176
0.006926905
0.006934144
0.006921488
0.006930967
0.006986696
0.006882635
0.006950811
0.006978259
0.003832644
0.006853989
0.006965655
0.006824250
0.006891072
0.006958364
0.006956436
0.006933572
0.006974978
0.006802479
0.006822426
0.006827322
0.006740968
0.007054144
0.006974978
0.006831541
0.006839874
0.006856593
0.003814519
0.003869519
0.006877426
0.006772687
0.006900395
0.006879665
0.006937999
0.006995968
0.006879979
0.006906957
0.006866176
0.006838051
0.006934353
0.006953364
0.006928415
0.007037894
0.006857739
0.006800187
0.006901437
0.003896603
0.006952166
0.006771645
0.006904405
0.006820811
0.006953207
0.006860239
0.006923780
0.006936019
0.006935395
0.006899874
0.006857791
0.006860759
0.006986384
0.007055915
0.006871488
0.006850291
0.006877947
0.006753884
0.003794988
0.006945967
0.006882269
0.006935499
0.006879561
0.006845915
0.006973572
0.006832791
0.006991332
0.006927374
0.006822322
0.006853104
0.006822791
0.007001488
0.006953988
0.006823937
0.006910811
0.006866644
0.003860248
0.006973051
0.006786853
0.007106540
0.006788780
0.006819458
0.006847843
0.006940551
0.006976072
0.006892582
0.006830031
0.006857374
0.006847166
0.006840187
0.006981488
0.006942634
0.006904093
0.006896541
0.006886437
0.003807279
0.003755040
0.006958311
0.006796958
0.006889665
0.006865134
0.006857426
0.006809978
0.006963728
0.006782947
0.006811801
0.006891176
0.006822165
0.006819666
0.006814822
0.007064717
0.006822947
0.006772479
0.006849510
0.003825717
0.003809362
0.006955030
0.006767686
0.006914769
0.006940603
0.006855083
0.007028988
0.006878832
0.006960082
0.006965447
0.006942478
0.006867583
0.006845968
0.006813208
0.006760343
0.007007321
0.006958623
0.006800656
0.003730353
0.003787905
0.006915811
0.006820968
0.007014092
0.006830447
0.006866332
0.006842947
0.006972998
0.006942322
0.006925395
0.006765186
0.006861176
0.006873103
0.006872426
0.006941384
0.006900499
0.007062061
0.006814874
0.006857270
0.003791342
0.006966645
0.007024040
0.006938989
0.006794406
0.006841489
0.006845134
0.006917842
0.006784145
0.007014978
