0.004629509
0.004595603
0.004609769
0.004573311
0.004660030
0.004620290
0.004627322
0.004700707
0.004727530
0.004630551
0.004633363
0.004645655
0.004551488
0.004621124
0.004676123
0.004628103
0.004611020
0.004618832
0.004610967
0.004663884
0.004596853
0.004656801
0.004658832
0.004642790
0.004734874
0.004639561
0.004612217
0.004635707
0.004636957
0.004694770
0.004687946
0.004681748
0.004764040
0.004701801
0.004682634
0.004694769
0.004614822
0.004611800
0.004691904
0.004631228
0.004672321
0.004634614
0.004611540
0.004629405
0.004676384
0.004633051
0.004674041
0.004655967
0.004611437
0.004601541
0.004620811
0.004588728
0.004631228
0.004708935
0.004638102
0.004671072
0.004637426
0.004623884
0.004711644
0.004754144
0.004672790
0.004638936
0.004621020
0.004609509
0.004614978
0.004654405
0.004658467
0.004640551
0.004627478
0.004632634
0.004687165
0.004738884
0.004629457
0.004619874
0.004698727
0.004675602
0.004705915
0.004737426
0.004718519
0.004591696
0.004611853
0.004613312
0.004647582
0.004615811
0.004577061
0.004575031
0.004579093
0.004664926
0.004664040
0.004628884
0.004629510
0.004720603
0.004621436
0.004669561
0.004690707
0.004698155
0.004592843
0.004614353
0.004630239
0.004630134
0.004606280
0.004676384
0.004592791
0.004629457
0.004638728
0.004632634
0.004643988
0.004643103
0.004643571
0.004681436
0.004629301
0.004652686
0.004614301
0.004626852
0.004604196
0.004582218
0.004620968
0.004670707
0.004725915
0.004671489
0.004596332
0.004606593
0.004709873
0.004603103
0.004640654
0.004737998
0.004607791
0.004600447
0.004624041
0.004621332
0.004679821
0.004656801
0.004605707
0.004683936
0.004628832
0.004613363
0.004578260
0.004624144
0.004736748
0.004700394
0.004601384
0.004633520
0.004574822
0.004624509
0.004645290
0.004607426
0.004613312
0.004609457
0.004598468
0.004724560
0.004648155
0.004603780
0.004624769
0.004631280
0.004620238
0.004641488
0.004631958
0.004620864
0.004703884
0.004685759
0.004691020
0.004680030
0.004606541
0.004655603
0.004737009
0.004636384
0.004651071
0.004639509
0.004593884
0.004618572
0.004677113
0.004627895
0.004582113
0.004770707
0.004628050
0.004628572
0.004716436
0.004667374
0.004678832
0.004703676
0.004640915
0.004618155
0.004621020
0.004683311
0.004732269
0.004603467
0.004594770
0.004617374
0.004700291
0.004593676
0.004641541
0.004677061
0.004731071
0.004684405
0.004745967
0.004630499
0.004635499
0.004614197
0.004611697
0.004607739
0.004626541
0.004582062
0.004622374
0.004647582
0.004701384
0.004734561
0.004612790
0.004602791
0.004742634
0.004607113
0.004606436
0.004638207
0.004682530
0.004718831
0.004693571
0.004670655
0.004626489
0.004595030
0.004615916
0.004586072
0.004611332
0.004604509
0.004677270
0.004633936
0.004710759
0.004632165
0.004658311
0.004616020
0.004668259
0.004605395
0.004689613
0.004662946
0.004640186
0.004598520
0.004629613
0.004591593
0.004615134
0.004655551
0.004662738
0.004672217
0.004728050
0.004654561
0.004681644
0.004677270
0.004587270
0.004606957
0.004652842
0.004707061
0.004672842
0.004719717
0.004716436
0.004602218
0.004634457
0.004590447
0.004656228
0.004600239
0.004795498
0.004681748
0.004640863
0.004622374
0.004629561
0.004606124
0.004571853
0.004615447
0.004642322
0.004650864
0.004686905
0.004768207
0.004607946
0.004665134
0.004618208
0.004610395
0.004617843
0.004640968
0.004700134
0.004713780
0.004736124
0.004677426
0.004645290
0.004627843
0.004644040
0.004633416
0.004617530
0.004610968
0.004673780
0.004662009
0.004654717
0.004600968
0.004654822
0.004631801
0.004639093
0.004595135
0.004611332
0.004679978
0.004578415
0.004672374
0.004663676
0.004610708
0.004652374
0.004617270
0.004633051
0.004771123
0.004716488
0.004730655
0.004635811
0.004648363
0.004660968
0.004571645
0.004705759
0.004705967
0.004631592
0.004685550
0.004681072
0.004754092
0.004633937
0.004603937
0.004640967
0.004594561
0.004669197
0.004679301
0.004742946
0.004754561
0.004595499
0.004644561
0.004635447
0.004654613
0.004640394
0.004729926
0.004658676
0.004696124
0.004694093
0.004753259
0.004746123
0.004649510
0.004610812
0.004630342
0.004575395
0.004631280
0.004695915
0.004624457
0.004662634
0.004673884
0.004615083
0.004723311
0.004736645
0.004672634
0.004619770
0.004681592
0.004675707
0.004595238
0.004751644
0.004640499
0.004626228
0.004685863
0.004713102
0.004719561
0.004735968
0.004696436
0.004669822
0.004599353
0.004649093
0.004718311
0.004625655
0.004723363
0.004696592
0.004686748
0.004735759
0.004612582
0.004610967
0.004626540
0.004613155
0.004605394
0.004618103
0.004693051
0.004689249
0.004683727
0.004745863
0.004754873
0.004620863
0.004616488
0.004711019
0.004678572
0.004690550
0.004725706
0.004705811
0.004565031
0.004686436
0.004616229
0.004669145
0.004774196
0.004669457
0.004697009
0.004702113
0.004690290
0.004707270
0.004638051
0.004630134
0.004611696
0.004686279
0.004676697
0.004637426
0.004628468
0.004606176
0.004554302
0.004659405
0.004644613
0.004657686
0.004685446
0.004632790
0.004693207
0.004636853
0.004682478
0.004683884
0.004632269
0.004625395
0.004632999
0.004722113
0.004684196
0.004700498
0.004669717
0.004727477
0.004647999
0.004729145
0.004626072
0.004625342
0.004630655
0.004640395
0.004571489
0.004644301
0.004627374
0.004602687
0.004575864
0.004644457
0.004662009
0.004680134
0.004670499
0.004696488
0.004723468
0.004695603
0.004636749
0.004745550
0.004652010
0.004691853
0.004615915
0.004623051
0.004626124
0.004685082
0.004708988
0.004606540
0.004612010
0.004632061
0.004598728
0.004685707
0.004632582
0.004654874
0.004670498
0.004611385
0.004612947
0.004663520
0.004605551
0.004724352
0.004659300
0.004672791
0.004712270
0.004691853
0.004635342
0.004640708
0.004693415
0.004653050
0.004614406
0.004604926
0.004664041
0.004690916
0.004655967
0.004686020
0.004718520
0.004692270
0.004607270
0.004630968
0.004616228
0.004586176
0.004672895
0.004726697
0.004692582
0.004701488
0.004599874
0.004630291
0.004584822
0.004602062
0.004636957
0.004638051
0.004590759
0.004579354
0.004610551
0.004744404
0.004632634
0.004597427
0.004698519
0.004683468
0.004677686
0.004604145
0.004587687
0.004611072
0.004615030
0.004696540
0.004649926
0.004667426
0.004618208
0.004742061
0.004638207
0.004627687
0.004623728
0.004600864
0.004613624
0.004732061
0.004699926
0.004712426
0.004621645
0.004747998
0.004604197
0.004715447
0.004761488
0.004621280
0.004606176
0.004672998
0.004739040
0.004734457
0.004641540
0.004655238
0.004663415
0.004638988
0.004631801
0.004623884
0.004643676
0.004618937
0.004662270
0.004704405
0.004683624
0.004695134
0.004732217
0.004614509
0.004626436
0.004718884
0.004684197
0.004569509
0.004723832
0.004566436
0.004642530
0.004625395
0.004622426
0.004600551
0.004615186
0.004606333
0.004643676
0.004669093
0.004602687
0.004644249
0.004673572
0.004604354
0.004556541
0.004663676
0.004612478
0.004658936
0.004606905
0.004659874
0.004669092
0.004767790
0.004629665
0.004614978
0.004596280
0.004644561
0.004669769
0.004690499
0.004578833
0.004618260
0.004597165
0.004621229
0.004622843
0.004605655
0.004588260
0.004670812
0.004660864
0.004698728
0.004597686
0.004710707
0.004630656
0.004618415
0.004635915
0.004619092
0.004606489
0.004611801
0.004672321
0.004700343
0.004723520
0.004616801
0.004642010
0.004631593
0.004612166
0.004679405
0.004646228
0.004598624
0.004708051
0.004724040
0.004629353
0.004619822
0.004709770
0.004669301
0.004606958
0.004621801
0.004625186
0.004619978
0.004602895
0.004618312
0.004594145
0.004613207
0.004668728
0.004677218
0.004689717
0.004639509
0.004689353
0.004633572
0.004628311
0.004587583
0.004625499
0.004586906
0.004634666
0.004723519
0.004693103
0.004672374
0.004640968
0.004611645
0.004601489
0.004640134
0.004722009
0.004611749
0.004632894
0.004591801
0.004605031
0.004705655
0.004639301
0.004636905
0.004688884
0.004667582
0.004601645
0.004623416
0.004603677
0.004755290
0.004650083
0.004620760
0.004700968
0.004680135
0.004740186
0.004731748
0.004738832
0.004715811
0.004636489
0.004721280
0.004611906
0.004638051
0.004618260
0.004657739
0.004613467
0.004582010
0.004637374
0.004594353
0.004617739
0.004628884
0.004613364
0.004627999
0.004687321
0.004650238
0.004692582
0.004603780
0.004701697
0.004660082
0.004669301
0.004729093
0.004603103
0.004629874
0.004708207
0.004673051
0.004585500
0.004616801
0.004632322
0.004623937
0.004572687
0.004628155
0.004682686
0.004592531
0.004620915
0.004612947
0.004584614
0.004614249
0.004643832
0.004630968
0.004763207
0.004689457
0.004649718
0.004716957
0.004717686
0.004768780
0.004677686
0.004625707
0.004748936
0.004707165
0.004687009
0.004624510
0.004688155
0.004724769
0.004687582
0.004712686
0.004636801
0.004624926
0.004760499
0.004684405
0.004728675
0.004683207
0.004665656
0.004702426
0.004763936
0.004664821
0.004641541
0.004622687
0.004683207
0.004589197
0.004592478
0.004727530
0.004682270
0.004724665
0.004646436
0.004693311
0.004749821
0.004680030
0.004662999
0.004766332
0.004594822
0.004733103
0.004619406
0.004629822
0.004577843
0.004730915
0.004702114
0.004688884
0.004673728
0.004596593
0.004628572
0.004645812
0.004622374
0.004638156
0.004646801
0.004657061
0.004636541
0.004630031
0.004617062
0.004651801
0.004603000
0.004648781
0.004683051
0.004701957
0.004637270
0.004654718
0.004626020
0.004705551
0.004693155
0.004761800
0.004603416
0.004753936
0.004678312
0.004688624
0.004608051
0.004647478
0.004645499
0.004706541
0.004726227
0.004619562
0.004696332
0.004745395
0.004692843
0.004669666
0.004652999
0.004674457
0.004667426
0.004733363
0.004631020
0.004626020
0.004626958
0.004613676
0.004720447
0.004619353
0.004624979
0.004614926
0.004605655
0.004600552
0.004636697
0.004590968
0.004671072
0.004651437
0.004742686
0.004704249
0.004740238
0.004678884
0.004634770
0.004597218
0.004610604
0.004602270
0.004618311
0.004622739
0.004639509
0.004595656
0.004724353
0.004633572
0.004648676
0.004682634
0.004640499
0.004702791
0.004685082
0.004685864
0.004692738
0.004753572
0.004643104
0.004650499
0.004718260
0.004607634
0.004665916
0.004585291
0.004583676
0.004629458
0.004604718
0.004625291
0.004661958
0.004657738
0.004701228
0.004707842
0.004721437
0.004755134
0.004653624
0.004653572
0.004635030
0.004651593
0.004673051
0.004630760
0.004607114
0.004642010
0.004604041
0.004602166
0.004586333
0.004636592
0.004619823
0.004706540
0.004588728
0.004749718
0.004617687
0.004632686
0.004609093
0.004618156
0.004685551
0.004604978
0.004704249
0.004729562
0.004619145
0.004687374
0.004607114
0.004745759
0.004693728
0.004666905
0.004623260
0.004637062
0.004706124
0.004683259
0.004693207
0.004680499
0.004654197
0.004605291
0.004636697
0.004674822
0.004644405
0.004586906
0.004602479
0.004623937
0.004654092
0.004630135
0.004613572
0.004645655
0.004644926
0.004646593
0.004692790
0.004700082
0.004664717
0.004679717
0.004605551
0.004695915
0.004602114
0.004634613
0.004582322
0.004673260
0.004619770
0.004581749
0.004622114
0.004601854
0.004637738
0.004645239
0.004595239
0.004611073
0.004707062
0.004652322
0.004612739
0.004653572
0.004595916
0.004629927
0.004609145
0.004591906
0.004600083
0.004616384
0.004631073
0.004648572
0.004622791
0.004767687
0.004610864
0.004663624
0.004636073
0.004595708
0.004611437
0.004624926
0.004635916
0.004729353
0.004617062
0.004629874
0.004616645
0.004596958
0.004630656
0.004683468
0.004595655
0.004660760
0.004635395
0.004662999
0.004638208
0.004647375
0.004617270
0.004705186
0.004662687
0.004703676
0.004665707
0.004701385
0.004681697
0.004639665
0.004613676
0.004632478
0.004726853
0.004647999
0.004646749
0.004686280
0.004694614
0.004742114
0.004642530
0.004633781
0.004628156
0.004713259
0.004711384
0.004744509
0.004616957
0.004610864
0.004608676
0.004718676
0.004611750
0.004612895
0.004642531
0.004649406
0.004704458
0.004629145
0.004592062
0.004634250
0.004691853
0.004632791
0.004570916
0.004679197
0.004597375
0.004638624
0.004767217
0.004638780
0.004621281
0.004601437
0.004667634
0.004558156
0.004613051
0.004619822
0.004705968
0.004617270
0.004665655
0.004671957
0.004730134
0.004619561
0.004679978
0.004692114
0.004679093
0.004683572
0.004598833
0.004675499
0.004728572
0.004662062
0.004643260
0.004755973
0.004893837
0.004746598
0.004748264
0.004810139
0.004756129
0.004742483
0.004867275
0.004704879
0.004754671
0.004732536
0.004774046
0.004862379
0.004826754
0.004913420
0.004745504
0.004784774
0.004752431
0.004781650
0.004779619
0.004771494
0.004847795
0.004770504
0.004717588
0.004868994
0.004756285
0.004913524
0.004751806
0.004735869
0.004775661
0.004728056
0.004757692
0.004801910
0.004781963
0.004740504
0.004888316
0.004770140
0.004757223
0.004771910
0.004897223
0.004784254
0.004796806
0.004824775
0.004801077
0.004751858
0.004771181
0.004857431
0.004814306
0.004867587
0.004752379
0.004857691
0.004803264
0.004907379
0.004718682
0.004823890
0.004803786
0.004816806
0.004766286
0.004747119
0.004849254
0.004772900
0.004740140
0.004763682
0.004780660
0.004777640
0.004765296
0.004771858
0.004775764
0.004850608
0.004783733
0.004874619
0.004760244
0.004818264
0.004874046
0.004749932
0.004841233
0.004783316
0.004786546
0.004794254
0.004739567
0.004847431
0.004775087
0.004767796
0.004860660
0.004811234
0.004761129
0.004838264
0.004922587
0.004752849
0.004777327
0.004821702
0.004883368
0.004858317
0.004760348
0.004798212
0.004844983
0.004741546
0.004809359
0.004747536
0.004760400
0.004869671
0.004783682
0.004822901
0.004790816
0.004745973
0.004763630
0.004842014
0.004806546
0.004766077
0.004746442
0.004787119
0.004788942
0.004758213
0.004819411
0.004797901
0.004748526
0.004780661
0.004772380
0.004782432
0.004815139
0.004797587
0.004769931
0.004880765
0.004717275
0.004866025
0.004874306
0.004777640
0.004794567
0.004799619
0.004787588
0.004788526
0.004865712
0.004780556
0.004883316
0.004810713
0.004788890
0.004858733
0.004781182
0.004743317
0.004750660
0.004814463
0.004755974
0.004824463
0.004770712
0.004807275
0.004742015
0.004770453
0.004786129
0.004746442
0.004845192
0.004830504
0.004876859
0.004802015
0.004798265
0.004853056
0.004896233
0.004762432
0.004847379
0.004752223
0.004792901
0.004906181
0.004755556
0.004811233
0.004909722
0.004771337
0.004788525
0.004728526
0.004841442
0.004770661
0.004747172
0.004764932
0.004804880
0.004769463
0.004763108
0.004742745
0.004842796
0.004736286
0.004950036
0.004764671
0.004807067
0.004755556
0.004727849
0.004794359
0.004785504
0.004780661
0.004760192
0.004762692
0.004788525
0.004753317
0.004791546
0.004809359
0.004750713
0.004812640
0.004785192
0.004715818
0.004736234
0.004892900
0.004718057
0.004799203
0.004777431
0.004790817
0.004786182
0.004817744
0.004839567
0.004744046
0.004853890
0.004859984
0.004763890
0.004813108
0.004770140
0.004849567
0.004739099
0.004839150
0.004790036
0.004825765
0.004773369
0.004783630
0.004738526
0.004784463
0.004786702
0.004882327
0.004729203
0.004750296
0.004740453
0.004810557
0.004771547
0.004770765
0.004814047
0.004758370
0.004775765
0.004738057
0.004790505
0.004735036
0.004893525
0.004761650
0.004744620
0.004759619
0.004795192
0.004844463
0.004738994
0.004835087
0.004958317
0.004790349
0.004786755
0.004762015
0.004795713
0.004867015
0.004735349
0.004797068
0.004777380
0.004817797
0.004749307
0.004778213
0.004766287
0.004858682
0.004815765
0.004764724
0.004862119
0.004745401
0.004853630
0.004867275
0.004770505
0.004745818
0.004767016
0.004771339
0.004918422
0.004752589
0.004820296
0.004815453
0.004786754
0.004765193
0.004752120
0.004759723
0.004770088
0.004777120
0.004784776
0.004783734
0.004847848
0.004762380
0.004744672
0.004779776
0.001197131
0.004838578
0.004760297
0.004775088
0.004764932
0.004873057
0.004742693
0.004813525
0.004771078
0.004897953
0.004819411
0.004783629
0.004865036
0.004782172
0.004779776
0.004812953
0.004776234
0.004778734
0.004787224
0.004779099
0.004799046
0.004794307
0.004764151
0.004870765
0.004750766
0.004782589
0.004757537
0.004894515
0.004746963
0.004843786
0.004712901
0.004728734
0.004766599
0.004813213
0.004767589
0.004804828
0.004736651
0.004762016
0.004861130
0.004750140
0.004849724
0.004742693
0.004896390
0.004771287
0.004763317
0.004773890
0.004813578
0.004794775
0.004770974
0.004800400
0.004779359
0.004850817
0.004812223
0.004852172
0.004760766
0.004862692
0.004773369
0.004800973
0.004859619
0.004742172
0.004895453
0.004759672
0.004755349
0.004903057
0.004813369
0.004856963
0.004776912
0.004735453
0.004783422
0.004786182
0.004800401
0.004756235
0.004807745
0.004779620
0.004886755
0.004825661
0.004865348
0.004916182
0.004800818
0.004854984
0.004778578
0.004796390
0.004827745
0.004767120
0.004700141
0.004763162
0.004937016
0.004760662
0.004776287
0.004845297
0.004749985
0.004762745
0.004929567
0.004753942
0.004741756
0.004727380
0.004785453
0.004767901
0.004795453
0.004779515
0.004760557
0.004834776
0.004807745
0.004873630
0.004850297
0.004749307
0.004780454
0.004748786
0.004780818
0.004775401
0.004857900
0.004753526
0.004757276
0.004729360
0.004766599
0.004796860
0.004807745
0.004747641
0.004765714
0.004806287
0.004741391
0.004814515
0.004757537
0.004783526
0.004765297
0.004773786
0.004771443
0.004780558
0.004780870
0.004752172
0.004765401
0.004772432
0.004844463
0.004773318
0.004763058
0.004766078
0.004731234
0.004894567
0.004722068
0.004874515
0.004776807
0.004869620
0.004734828
0.004729776
0.004866078
0.004810505
0.004771547
0.004783057
0.004803734
0.004743162
0.004787119
0.004817015
0.004779672
0.004743579
0.004890557
0.004808422
0.004759932
0.004837901
0.004824360
0.004699933
0.004763630
0.004786078
0.004876338
0.004778683
0.004742849
0.004845661
0.004744308
0.004862276
0.004900974
0.004780401
0.004769932
0.004807901
0.004748318
0.004765609
0.004782797
0.004890505
0.004829880
0.004707589
0.004800506
0.004842432
0.004774516
0.004752016
0.004739568
0.004769359
0.004758005
0.004773526
0.004790401
0.004794829
0.004765974
0.004918682
0.004730819
0.004794412
0.004843266
0.004773423
0.004788474
0.004866182
0.004781287
0.004805453
0.004884150
0.004733735
0.004797016
0.004818891
0.004788839
0.004780818
0.004721755
0.004799255
0.004739568
0.004858005
0.004764724
0.004782068
0.004806026
0.004928682
0.004764568
0.004852693
0.004785766
0.004838006
0.004766808
0.004743943
0.004763787
0.004815974
0.004790610
0.004783214
0.004899880
0.004746652
0.004769516
0.004862692
0.004742016
0.004798266
0.004765245
0.004831182
0.004736651
0.004845088
0.004796859
0.004799568
0.004847589
0.004765505
0.004752589
0.004762536
0.004842589
0.004739464
0.004729047
0.004751652
0.004723006
0.004825766
0.004761547
0.004781704
0.004771131
0.004838474
0.004745974
0.004861078
0.004793318
0.004768006
0.004807588
0.004784464
0.004759568
0.004819515
0.004787485
0.004805141
0.004754256
0.004783162
0.004763162
0.004858943
0.004849255
0.004832380
0.004816287
0.004751599
0.004879204
0.004775922
0.004792902
0.004774568
0.004784360
0.004767277
0.004737745
0.004779777
0.004866964
0.004776391
0.004774933
0.004797901
0.004794048
0.004788891
0.004775454
0.004782901
0.004831131
0.004848786
0.004722224
0.004759933
0.004761183
0.004795766
0.004745662
0.004814881
0.004789152
0.004827797
0.004759672
0.004810713
0.004762277
0.004829516
0.004785870
0.004829672
0.004773787
0.004778214
0.004742277
0.004761548
0.004812121
0.004737068
0.004770245
0.004820766
0.004747068
0.004803682
0.004844933
0.004775402
0.004914880
0.004786599
0.004731391
0.004762016
0.004760819
0.004923942
0.004817068
0.004774412
0.004757797
0.004826079
0.004763162
0.004808318
0.004755974
0.004789360
0.004726496
0.004780298
0.004777954
0.004767017
0.004781912
0.004908578
0.004767120
0.004754047
0.004752381
0.004828006
0.004741183
0.004790298
0.004754881
0.004788735
0.004762485
0.004829308
0.004795089
0.004732121
0.004749828
0.004887745
0.004773839
0.004896130
0.004761183
0.004843944
0.004875506
0.004809464
0.004794725
0.004824100
0.004768163
0.004869828
0.004741183
0.004765401
0.004795245
0.004928057
0.004780401
0.004817329
0.004774256
0.004858891
0.004870870
0.004825245
0.004732693
0.004896860
0.004782433
0.004802537
0.004904463
0.004758579
0.004792016
0.004737694
0.004815297
0.004832537
0.004734465
0.004768631
0.004766183
0.004764776
0.004850506
0.004739308
0.004769933
0.004762850
0.004835871
0.004741808
0.004733006
0.004811600
0.004772642
0.004776912
0.004754673
0.004847536
0.004745038
0.004758631
0.004836808
0.004780193
0.004768110
0.004852276
0.004752225
0.004916235
0.004799256
0.004787902
0.004780402
0.004834672
0.004798995
0.004802121
0.004714933
0.004804099
0.004878422
0.004796599
0.004826443
0.004866964
0.004827068
0.004774673
0.004792902
0.004770610
0.004762172
0.004824568
0.004787902
0.004788006
0.004756183
0.004773371
0.004927328
0.004800766
0.004762849
0.004805819
0.004753475
0.004855193
0.004786600
0.004834984
0.004754829
0.004876808
0.004756860
0.004857954
0.004758110
0.004866079
0.004836287
0.004755818
0.004778162
0.004756288
0.004797224
0.004814204
0.004760662
0.004751392
0.004718579
0.004885557
0.004787016
0.004719256
0.004799464
0.004736704
0.004772901
0.004777537
0.004797328
0.004761651
0.004747277
0.004903266
0.004745663
0.004789256
0.004747121
0.004788475
0.004747537
0.004813162
0.004773423
0.004789152
0.004775663
0.004829985
0.004782173
0.004890922
0.004767798
0.004779568
0.004752329
0.004811652
0.004850141
0.004864412
0.004791600
0.004762329
0.004911860
0.004748318
0.004903995
0.004749047
0.004893839
0.004781600
0.004790037
0.004779360
0.004758423
0.004833058
0.004781912
0.004710663
0.004798475
0.004786391
0.004870454
0.004797901
0.004805194
0.004766079
0.004742173
0.004758423
0.004734881
0.004891860
0.004772902
0.004774516
0.004763735
0.004769725
0.004844412
0.004760767
0.004761339
0.004766288
0.004825663
0.004768058
0.004852433
0.004758579
0.004795922
0.004817069
0.004838943
0.004877850
0.004864725
0.004766079
0.004836079
0.004801443
0.004869517
0.004729621
0.004851496
0.004822121
0.004788683
0.004836391
0.004824673
0.004807954
0.004742433
0.004775923
0.004898944
0.004855037
0.004873423
0.004785975
0.004754985
0.004807537
0.004768735
0.004850245
0.004762433
0.004838162
0.004821027
0.004753371
0.004762902
0.004729517
0.004802069
0.004773788
0.004718423
0.004752902
0.004761183
0.004783110
0.004855506
0.004767590
0.004787277
0.004857589
0.004764620
0.004763631
0.004823579
0.004767121
0.004836027
0.004906339
0.004753996
0.004747954
0.004794934
0.004763527
0.004910349
0.004736027
0.004803423
0.004836756
0.004764777
0.004774621
0.004842068
0.004887849
0.004766392
0.004771913
0.004871964
0.004777329
0.004860246
0.004813892
0.004781548
0.004899047
0.004684777
0.004836548
0.004841860
0.004751548
0.004868422
0.004804048
0.004796079
0.004799308
0.004758735
0.004792121
0.004714568
0.004854360
0.004718111
0.004775923
0.004744882
0.004882485
0.004772121
0.004901235
0.004849568
0.004752798
0.004784881
0.004737642
0.004762746
0.004848319
0.004767486
0.004778944
0.004751756
0.004807225
0.004831912
0.004754725
0.004873839
0.004749100
0.004723424
0.004756340
0.004762173
0.004781392
0.004697226
0.004758527
0.004821131
0.004878006
0.004751236
0.004838944
0.004867277
0.004775350
0.004784725
0.004833839
0.004733111
0.004913422
0.004755975
0.004758319
0.004723475
0.004866443
0.004775506
0.004759673
0.004868475
0.004753318
0.004781860
0.004792225
0.004777694
0.004802485
0.004808632
0.004793787
0.004750558
0.004782746
0.004760142
0.004920142
0.004854099
0.004768892
0.004755715
0.004778788
0.004787381
0.004785245
0.004722590
0.004887277
0.004741132
0.004768162
0.004836235
0.004793423
0.004837538
0.004784933
0.004753892
0.004889621
0.004736339
0.004784048
0.004771705
0.004792694
0.004734465
0.004913527
0.004789464
0.004774933
0.004767954
0.004753996
0.004841132
0.004763371
0.004771235
0.004983787
0.004833006
0.004783996
0.004728891
0.004953423
0.004809985
0.004904048
0.004764517
0.004841548
0.004772642
0.004728527
0.004785090
0.004784621
0.004753996
0.004794621
0.004792173
0.004772069
0.004788423
0.004777486
0.004830298
0.004780298
0.004766236
0.004829360
0.004794934
0.004830402
0.004793215
0.004792225
0.004731549
0.004781756
0.004781913
0.004778475
0.004835089
0.004733371
0.004851027
0.004791496
0.004944985
0.004742902
0.004810870
0.004756340
0.004724309
0.004727017
0.004873579
0.004782590
0.004738580
0.004875975
0.004752433
0.004779257
0.004806496
