0.005353308
0.005450911
0.005459714
0.005439349
0.005488463
0.005397265
0.005387474
0.005382214
0.005412786
0.005394765
0.005455546
0.005396953
0.005454244
0.005451328
0.005496119
0.005356224
0.005400651
0.005527474
0.005469140
0.005349766
0.005324870
0.005409557
0.005355859
0.005317995
0.005359453
0.005353619
0.005456536
0.005498723
0.005425390
0.005331225
0.005364296
0.005489140
0.005409453
0.005509401
0.005500702
0.005439505
0.005561223
0.005358412
0.005395651
0.005389661
0.005360911
0.005451328
0.005292370
0.005339766
0.005376848
0.005397214
0.005514661
0.005600181
0.005324610
0.005442161
0.005336276
0.005375703
0.005408255
0.005456067
0.005576118
0.005398151
0.005369401
0.005310235
0.005335078
0.005397891
0.005366380
0.005304453
0.005519921
0.005365651
0.005378047
0.005491119
0.005366068
0.005396432
0.005386849
0.005404818
0.005495077
0.005387787
0.005427369
0.005519401
0.005403515
0.005471276
0.005534192
0.005474141
0.005485963
0.005380963
0.005393671
0.005435182
0.005364349
0.005364089
0.005441067
0.005405182
0.005335235
0.005356380
0.005360755
0.005407787
0.005379141
0.005333203
0.005486588
0.005554400
0.005496171
0.005388255
0.005405443
0.005476536
0.005319192
0.005460025
0.005355026
0.005335391
0.005387213
0.005450391
0.005394297
0.005367942
0.005334818
0.005426640
0.005553098
0.005373985
0.005599348
0.005492942
0.005423776
0.005397578
0.005385703
0.005472838
0.005346849
0.005503983
0.005472265
0.005530598
0.005381745
0.005488983
0.005489192
0.005509296
0.005446848
0.005516432
0.005372787
0.005386641
0.005394453
0.005485755
0.005456380
0.005535911
0.005426953
0.005368255
0.005350443
0.005531588
0.005391797
0.005359401
0.005522317
0.005392005
0.005550285
0.005339453
0.005287995
0.005387422
0.005379765
0.005298463
0.005346745
0.005455859
0.005492629
0.005316485
0.005300807
0.005497837
0.005402787
0.005467213
0.005533619
0.005543567
0.005406744
0.005374036
0.005315391
0.005437317
0.005388932
0.005499556
0.005418516
0.005554712
0.005448983
0.005353932
0.005317110
0.005525078
0.005359922
0.005410286
0.005353984
0.005342734
0.005343776
0.005370494
0.005319349
0.005425755
0.005385912
0.005504192
0.005348307
0.005421067
0.005351745
0.005375651
0.005360807
0.005366276
0.005399557
0.005529608
0.005549661
0.005387734
0.005372526
0.005329193
0.005325339
0.005501901
0.005427682
0.005336328
0.005427891
0.005362630
0.005352474
0.005374817
0.005312839
0.005293359
0.005431900
0.005539140
0.005515182
0.005577785
0.005322578
0.005359974
0.005392630
0.005530077
0.005417474
0.005550025
0.005362630
0.005489817
0.005570651
0.005372370
0.005496067
0.005389505
0.005351484
0.005496640
0.005510181
0.005437369
0.005554973
0.005383776
0.005329297
0.005334088
0.005378568
0.005637838
0.005471640
0.005418203
0.005588254
0.005544192
0.005293620
0.005394401
0.005400234
0.005339401
0.005482526
0.005462005
0.005329975
0.005387890
0.005383672
0.005526588
0.005408776
0.005344089
0.005374662
0.005486067
0.005353880
0.005418203
0.005354401
0.005327370
0.005398464
0.005529922
0.005531275
0.005367735
0.005367006
0.005347734
0.005343620
0.005428255
0.005414609
0.005574608
0.005408724
0.005317943
0.005527004
0.005317213
0.005362317
0.005293933
0.005375026
0.005366796
0.005354401
0.005369037
0.005360495
0.005356172
0.005448620
0.005540494
0.005408671
0.005535702
0.005346589
0.005373151
0.005338255
0.005755805
0.005586588
0.005507578
0.005412734
0.005430286
0.005383828
0.005359558
0.005326016
0.005309610
0.005351016
0.005349662
0.005377630
0.005400442
0.005394401
0.005365912
0.005368672
0.005377682
0.005362318
0.005405755
0.005399870
0.005359974
0.005486223
0.005314661
0.005583983
0.005388672
0.005523463
0.005469765
0.005385026
0.005393567
0.005486640
0.005428776
0.005560963
0.005387786
0.005357474
0.005386536
0.005429505
0.005409765
0.005479504
0.005532108
0.005442942
0.005621848
0.005420078
0.005352735
0.005437578
0.005345807
0.005285339
0.005500234
0.005375964
0.005371068
0.005370860
0.005365703
0.005415911
0.005320443
0.005541119
0.005372057
0.005444452
0.005415234
0.005375026
0.005414505
0.005427943
0.005456796
0.005490650
0.005552525
0.005527734
0.005532734
0.005389973
0.005312370
0.005398567
0.005324609
0.005551379
0.005544192
0.005412682
0.005529921
0.005431120
0.005380598
0.005399817
0.005326797
0.005427057
0.005489556
0.005345807
0.005327006
0.005426796
0.005413567
0.005374662
0.005465963
0.005363724
0.005383985
0.005416224
0.005520858
0.005372839
0.005484192
0.005416692
0.005595025
0.005534244
0.005449296
0.005520806
0.005361328
0.005325390
0.005386068
0.005411276
0.005526223
0.005368985
0.005333256
0.005381901
0.005348464
0.005439609
0.005371744
0.005398880
0.005446952
0.005360651
0.005528619
0.005557473
0.005342370
0.005373828
0.005351640
0.005416484
0.005353255
0.005342317
0.005472838
0.005399765
0.005315911
0.005401640
0.005456953
0.005418671
0.005368359
0.005498359
0.005449974
0.005518306
0.005545338
0.005496640
0.005455182
0.005398099
0.005509869
0.005349557
0.005449557
0.005375911
0.005379714
0.005548567
0.005386067
0.005399401
0.005463931
0.005445182
0.005382943
0.005341536
0.005417526
0.005560754
0.005386485
0.005373307
0.005464400
0.005564087
0.005391952
0.005548411
0.005487786
0.005326537
0.005347213
0.005393359
0.005368516
0.005364140
0.005376953
0.005331016
0.005363984
0.005336120
0.005374869
0.005385703
0.005391744
0.005394245
0.005423464
0.005380755
0.005331068
0.005350547
0.005449348
0.005384974
0.005475546
0.005363671
0.005373203
0.005407787
0.005354505
0.005510338
0.005514921
0.005360078
0.005418620
0.005474922
0.005347838
0.005389192
0.005382630
0.005358308
0.005349765
0.005360808
0.005373933
0.005357005
0.005418047
0.005387005
0.005378464
0.005383671
0.005477005
0.005397058
0.005283412
0.005387005
0.005332422
0.005463515
0.005420494
0.005505859
0.005460286
0.005351745
0.005373151
0.005531848
0.005408984
0.005513203
0.005514036
0.005469661
0.005465390
0.005390547
0.005343933
0.005531431
0.005370755
0.005366693
0.005338672
0.005347995
0.005375442
0.005384662
0.005534504
0.005389401
0.005349766
0.005506692
0.005402526
0.005558150
0.005311016
0.005401640
0.005353724
0.005316901
0.005335130
0.005539921
0.005339870
0.005391848
0.005546014
0.005408671
0.005521640
0.005536119
0.005589712
0.005485807
0.005388151
0.005354141
0.005345547
0.005400703
0.005475234
0.005509140
0.005351172
0.005391328
0.005521640
0.005435026
0.005521224
0.005388203
0.005321745
0.005329766
0.005344922
0.005333412
0.005391172
0.005523619
0.005528150
0.005402786
0.005500286
0.005381224
0.005298203
0.005538255
0.005488047
0.005373464
0.005508567
0.005417005
0.005319714
0.005329714
0.005347787
0.005368567
0.005382891
0.005358568
0.005344765
0.005403255
0.005493567
0.005345182
0.005354401
0.005344922
0.005512212
0.005395078
0.005487994
0.005394088
0.005392734
0.005440754
0.005360547
0.005512421
0.005550910
0.005297683
0.005515650
0.005460078
0.005366797
0.005486901
0.005521587
0.005545910
0.005531432
0.005377474
0.005331588
0.005433464
0.005364766
0.005347683
0.005323985
0.005348724
0.005494296
0.005459452
0.005472473
0.005384401
0.005537265
0.005536848
0.005391953
0.005366120
0.005512526
0.005365755
0.005350183
0.005402526
0.005501900
0.005379088
0.005363515
0.005525546
0.005410026
0.005400859
0.005375756
0.005349817
0.005461588
0.005537473
0.005410964
0.005392786
0.005494713
0.005533515
0.005470286
0.005413568
0.005370807
0.005404557
0.005541431
0.005556588
0.005507265
0.005378516
0.005552264
0.005401901
0.005509505
0.005385130
0.005328984
0.005513358
0.005398359
0.005361067
0.005341120
0.005350286
0.005504557
0.005346640
0.005346745
0.005353828
0.005376588
0.005539244
0.005324506
0.005325182
0.005465494
0.005475546
0.005369089
0.005460442
0.005520598
0.005375130
0.005348203
0.005412943
0.005469036
0.005343619
0.005342682
0.005387734
0.005367630
0.005408776
0.005376745
0.005414036
0.005488203
0.005371380
0.005303880
0.005428359
0.005337683
0.005513827
0.005352579
0.005418567
0.005485650
0.005367630
0.005406068
0.005386589
0.005529297
0.005578254
0.005356120
0.005413880
0.005511275
0.005497369
0.005512734
0.005407838
0.005681639
0.005473932
0.005556795
0.005379245
0.005416745
0.005312109
0.005348776
0.005415651
0.005378204
0.005421379
0.005406953
0.005436016
0.005358463
0.005387161
0.005361901
0.005560077
0.005524088
0.005351745
0.005309662
0.005356796
0.005548098
0.005541224
0.005355495
0.005560025
0.005525338
0.005401588
0.005346692
0.005354661
0.005552733
0.005501119
0.005480754
0.005513515
0.005384818
0.005400078
0.005517005
0.005416640
0.005549765
0.005349609
0.005348568
0.005331172
0.005475650
0.005510129
0.005345443
0.005363516
0.005533411
0.005502161
0.005411432
0.005513306
0.005545650
0.005511796
0.005465599
0.005481015
0.005378359
0.005346016
0.005344974
0.005369817
0.005353567
0.005481900
0.005365651
0.005344193
0.005410338
0.005508411
0.005510963
0.005361172
0.005345286
0.005363411
0.005496588
0.005410598
0.005576067
0.005365130
0.005351745
0.005385807
0.005337162
0.005387890
0.005391119
0.005354089
0.005352005
0.005380078
0.005372370
0.005376224
0.005567629
0.005369140
0.005359141
0.005397578
0.005348828
0.005341536
0.005538879
0.005539036
0.005521432
0.005344296
0.005483098
0.005404817
0.005480599
0.005494192
0.005410546
0.005365078
0.005376120
0.005286068
0.005373255
0.005325339
0.005532473
0.005389974
0.005504192
0.005452682
0.005370703
0.005403723
0.005332683
0.005371849
0.005475078
0.005390182
0.005361745
0.005397265
0.005344193
0.005312683
0.005460702
0.005361120
0.005490807
0.005377213
0.005443932
0.005483984
0.005463202
0.005344505
0.005316328
0.005401536
0.005512161
0.005499349
0.005403724
0.005531119
0.005415078
0.005333099
0.005314193
0.005412005
0.005561796
0.005393567
0.005454713
0.005552838
0.005626899
0.005380235
0.005409765
0.005331172
0.005534296
0.005345182
0.005488046
0.005339870
0.005321380
0.005343933
0.005552057
0.005367630
0.005414870
0.005685806
0.005468098
0.005653097
0.005455911
0.005461068
0.005419869
0.005436275
0.005533307
0.005529556
0.005423411
0.005385598
0.005464870
0.005486848
0.005358724
0.005391380
0.005514556
0.005403099
0.005324662
0.005346328
0.005420963
0.005411119
0.005409922
0.005379296
0.005542577
0.005330859
0.005377266
0.005503098
0.005315703
0.005316068
0.005341692
0.005388672
0.005525598
0.005521640
0.005560182
0.005413203
0.005397161
0.005423099
0.005494400
0.005411641
0.005337839
0.005373411
0.005343151
0.005484400
0.005478984
0.005326432
0.005368307
0.005367005
0.005447265
0.005458880
0.005337474
0.005443828
0.005332474
0.005532525
0.005490598
0.005383932
0.005470182
0.005514140
0.005559921
0.005365234
0.005513046
0.005524452
0.005494504
0.005432213
0.005388828
0.005342266
0.005368828
0.005524817
0.005439557
0.005497213
0.005351485
0.005386485
0.005355026
0.005404765
0.005417109
0.005336172
0.005392318
0.005316901
0.005307266
0.005402265
0.005477838
0.005421067
0.005477682
0.005528775
0.005500390
0.005422369
0.005339089
0.005340338
0.005453569
0.005342841
0.005414470
0.005288220
0.005540928
0.005361136
0.005363533
0.005365615
0.005306761
0.005506501
0.005541449
0.005401709
0.005391396
0.005373219
0.005318116
0.005339834
0.005441657
0.005389574
0.005554314
0.005505980
0.005427699
0.005344470
0.005426397
0.005393637
0.005503741
0.005320564
0.005370564
0.005350772
0.005400824
0.005490355
0.005406241
0.005369209
0.005522855
0.005358637
0.005544001
0.005342230
0.005376500
0.005522542
0.005508219
0.005387491
0.005405459
0.005368167
0.005519834
0.005546761
0.005358689
0.005508844
0.005377282
0.005353896
0.005500719
0.005558376
0.005382334
0.005526084
0.005482125
0.005519781
0.005424261
0.005380720
0.005386344
0.005463896
0.005528219
0.005434834
0.005330511
0.005314053
0.005473949
0.005395928
0.005295824
0.005500668
0.005382803
0.005371085
0.005450199
0.005480876
0.005335146
0.005352698
0.005394990
0.005558427
0.005359574
0.005338063
0.005459470
0.005459157
0.005383167
0.005369417
0.005477907
0.005543688
0.005344261
0.005316709
0.005456709
0.005395616
0.005356865
0.005411762
0.005452646
0.005366709
0.005390198
0.005314105
0.005366657
0.005482386
0.005395459
