0.004363783
0.004429459
0.004439928
0.004352272
0.004328418
0.004376907
0.004300658
0.004387012
0.004337688
0.004389564
0.004340762
0.004376022
0.004336804
0.004474615
0.004356803
0.004426074
0.004352741
0.004334407
0.004448991
0.004380762
0.004362324
0.004478991
0.004457949
0.004373834
0.004317689
0.004372636
0.004372533
0.004319772
0.004423834
0.004379928
0.004339304
0.004362116
0.004432741
0.004329251
0.004356804
0.004439511
0.004365241
0.004358939
0.004442845
0.004351438
0.004363834
0.004407324
0.004344616
0.004409667
0.004364563
0.004366959
0.004356542
0.004433365
0.004350345
0.004365918
0.004372168
0.004421543
0.004354928
0.004375136
0.004364928
0.004362481
0.004441595
0.004401855
0.004371230
0.004430396
0.004392220
0.004458104
0.004498417
0.004448886
0.004350032
0.004340554
0.004455084
0.004368782
0.004443626
0.004423313
0.004402115
0.004382271
0.004365865
0.004438521
0.004388991
0.004392533
0.004427115
0.004403730
0.004337376
0.004417689
0.004355918
0.004436439
0.004363678
0.004396282
0.004383418
0.004392167
0.004415397
0.004442479
0.004429459
0.004338939
0.004358731
0.004382272
0.004350501
0.004351543
0.004477532
0.004466177
0.004425240
0.004470240
0.004355917
0.004358886
0.004426647
0.004389095
0.004415918
0.004388105
0.004477688
0.004378939
0.004374876
0.004345918
0.004370501
0.004508782
0.004370397
0.004409668
0.004383313
0.004316439
0.004443521
0.004344355
0.004362533
0.004422636
0.004457584
0.004379251
0.004354615
0.004422479
0.004449615
0.004367688
0.004382688
0.004450605
0.004387897
0.004384303
0.004458573
0.004447064
0.004384303
0.004390762
0.004369459
0.004495084
0.004353365
0.004319303
0.004489719
0.004378469
0.004386439
0.004363782
0.004354511
0.004455397
0.004463522
0.004383366
0.004380605
0.004382323
0.004416230
0.004386022
0.004377220
0.004387688
0.004364408
0.004470657
0.004418366
0.004494147
0.004386178
0.004405032
0.004462480
0.004404199
0.004446802
0.004390397
0.004386021
0.004430137
0.004491698
0.004414563
0.004459667
0.004406126
0.004399302
0.004470605
0.004356230
0.004453417
0.004351855
0.004380865
0.004411178
0.004398521
0.004347012
0.004452063
0.004391543
0.004455917
0.004446854
0.004457532
0.004373782
0.004411751
0.004332897
0.004466126
0.004476646
0.004415501
0.004447636
0.004369824
0.004375709
0.004409719
0.004367012
0.004471855
0.004393522
0.004449512
0.004420137
0.004361751
0.004401959
0.004465240
0.004463522
0.004376439
0.004387324
0.004421438
0.004370084
0.004342845
0.004446022
0.004444251
0.004369772
0.004380553
0.004370501
0.004336127
0.004390448
0.004419876
0.004387272
0.004447844
0.004434355
0.004454824
0.004362428
0.004356855
0.004419511
0.004407115
0.004353365
0.004424876
0.004430084
0.004385033
0.004455969
0.004409094
0.004345814
0.004403574
0.004331230
0.004466177
0.004381126
0.004458314
0.004426699
0.004353158
0.004343626
0.004349877
0.004360709
0.004336126
0.004373001
0.004377793
0.004363210
0.004443990
0.004458261
0.004335710
0.004369460
0.004368678
0.004330032
0.004352949
0.004368678
0.004409146
0.004359772
0.004364876
0.004364043
0.004448626
0.004330554
0.004385292
0.004484147
0.004420813
0.004344511
0.004392793
0.004381282
0.004399042
0.004375136
0.004501907
0.004394094
0.004403783
0.004379928
0.004455501
0.004420761
0.004434876
0.004353157
0.004386074
0.004347168
0.004360605
0.004435241
0.004413105
0.004370136
0.004409303
0.004554511
0.004339251
0.004364459
0.004366855
0.004371335
0.004443782
0.004358001
0.004346386
0.004460918
0.004446178
0.004339303
0.004456021
0.004398730
0.004355917
0.004456073
0.004353626
0.004417480
0.004350449
0.004366126
0.004394980
0.004381907
0.004342220
0.004346751
0.004464772
0.004358886
0.004353574
0.004482792
0.004364459
0.004365241
0.004388365
0.004380449
0.004482688
0.004356699
0.004430084
0.004382116
0.004326543
0.004380657
0.004283002
0.004327116
0.004425084
0.004374616
0.004369095
0.004397324
0.004379824
0.004336908
0.004348678
0.004447168
0.004428677
0.004354407
0.004388990
0.004435345
0.004398053
0.004355032
0.004368626
0.004345553
0.004367324
0.004478000
0.004385136
0.004369824
0.004383157
0.004362011
0.004373938
0.004377272
0.004460657
0.004343887
0.004365240
0.004448886
0.004498052
0.004358782
0.004360761
0.004451802
0.004393365
0.004377064
0.004506073
0.004378886
0.004409355
0.004441073
0.004348730
0.004391542
0.004466698
0.004386542
0.004403157
0.004426178
0.004330241
0.004493522
0.004393574
0.004337012
0.004443938
0.004433209
0.004376074
0.004394824
0.004448730
0.004348470
0.004414251
0.004307845
0.004384303
0.004432584
0.004315606
0.004369616
0.004309408
0.004402376
0.004427740
0.004355918
0.004426282
0.004413730
0.004449303
0.004369824
0.004407063
0.004434407
0.004458729
0.004452948
0.004369824
0.004368105
0.004465397
0.004341230
0.004370969
0.004374095
0.004435084
0.004376282
0.004359043
0.004368730
0.004334720
0.004401439
0.004417324
0.004434876
0.004338210
0.004412272
0.004419980
0.004352637
0.004426647
0.004422063
0.004369355
0.004364720
0.004351751
0.004381022
0.004469563
0.004448521
0.004448417
0.004375136
0.004427220
0.004339303
0.004343574
0.004378418
0.004335136
0.004453938
0.004371334
0.004424407
0.004449615
0.004397012
0.004362689
0.004449198
0.004346230
0.004380605
0.004473678
0.004414095
0.004337793
0.004388782
0.004377376
0.004369616
0.004380240
0.004361699
0.004439720
0.004343730
0.004425657
0.004503938
0.004474563
0.004375189
0.004366074
0.004361178
0.004460969
0.004402427
0.004314980
0.004360970
0.004367376
0.004341908
0.004472219
0.004374563
0.004491698
0.004380449
0.004366543
0.004354615
0.004365345
0.004386022
0.004409980
0.004368001
0.004397584
0.004385553
0.004393000
0.004374303
0.004429303
0.004416542
0.004398521
0.004354928
0.004392585
0.004393157
0.004361804
0.004328209
0.004486021
0.004379146
0.004436230
0.004431074
0.004372480
0.004391803
0.004359876
0.004405293
0.004409980
0.004434198
0.004375345
0.004385293
0.004351231
0.004477688
0.004377480
0.004384928
0.004326804
0.004399772
0.004328783
0.004525240
0.004393626
0.004416699
0.004355397
0.004425918
0.004343939
0.004358209
0.004460501
0.004356126
0.004423052
0.004421595
0.004469302
0.004362220
0.004398053
0.004409251
0.004357480
0.004351751
0.004428782
0.004384459
0.004351179
0.004405396
0.004507115
0.004391126
0.004365658
0.004425761
0.004391751
0.004394824
0.004371438
0.004377011
0.004325345
0.004455604
0.004361126
0.004343001
0.004350605
0.004428886
0.004402324
0.004379772
0.004418470
0.004357897
0.004457584
0.004348209
0.004349199
0.004403001
0.004429407
0.004450449
0.004373157
0.004369459
0.004409824
0.004362688
0.004372167
0.004363053
0.004341751
0.004406959
0.004380865
0.004340189
0.004487480
0.004352272
0.004435449
0.004436334
0.004454563
0.004355554
0.004367012
0.004386178
0.004401647
0.004403053
0.004419771
0.004380137
0.004421699
0.004422740
0.004344512
0.004374199
0.004318679
0.004376803
0.004395553
0.004353522
0.004476438
0.004367012
0.004417480
0.004365344
0.004355189
0.004448938
0.004431855
0.004456542
0.004420657
0.004362636
0.004394616
0.004375501
0.004372272
0.004376803
0.004392272
0.004409928
0.004402115
0.004396907
0.004432844
0.004379043
0.004386647
0.004361126
0.004422323
0.004435761
0.004379251
0.004307481
0.004377376
0.004461959
0.004364876
0.004398625
0.004372272
0.004385865
0.004341699
0.004367428
0.004342845
0.004349199
0.004409303
0.004411022
0.004453001
0.004395866
0.004465500
0.004446646
0.004371908
0.004324563
0.004386803
0.004362949
0.004336855
0.004370397
0.004398105
0.004362324
0.004361334
0.004437844
0.004450084
0.004364824
0.004452532
0.004494875
0.004349043
0.004379251
0.004329929
0.004337012
0.004341439
0.004464616
0.004366699
0.004442011
0.004350657
0.004410136
0.004434146
0.004439720
0.004388365
0.004372897
0.004397011
0.004441803
0.004356439
0.004352064
0.004396230
0.004340033
0.004409668
0.004438938
0.004439459
0.004459564
0.004369980
0.004440970
0.004350710
0.004405032
0.004417532
0.004468782
0.004375917
0.004373886
0.004308887
0.004414355
0.004357949
0.004450761
0.004364928
0.004390762
0.004451595
0.004352272
0.004372324
0.004449303
0.004459719
0.004359303
0.004357949
0.004372063
0.004373418
0.004410761
0.004343574
0.004432115
0.004401490
0.004444146
0.004369772
0.004363991
0.004393470
0.004439146
0.004386699
0.004357220
0.004440970
0.004362897
0.004415449
0.004464407
0.004461855
0.004443052
0.004376386
0.004437740
0.004488886
0.004351699
0.004486959
0.004344928
0.004348470
0.004455136
0.004366595
0.004419772
0.004411074
0.004439407
0.004366699
0.004361387
0.004426542
0.004369512
0.004370188
0.004438053
0.004379564
0.004443313
0.004426074
0.004488834
0.004461334
0.004357689
0.004365345
0.004417740
0.004420449
0.004446074
0.004463991
0.004505136
0.004349667
0.004347012
0.004426855
0.004361230
0.004392167
0.004383678
0.004464146
0.004465709
0.004368730
0.004408835
0.004383626
0.004462897
0.004368157
0.004400189
0.004459771
0.004427063
0.004461126
0.004369407
0.004388418
0.004491594
0.004370866
0.004453938
0.004458782
0.004339929
0.004330657
0.004426907
0.004415709
0.004404615
0.004385448
0.004427219
0.004327949
0.004424616
0.004446438
0.004373054
0.004343887
0.004419147
0.004408105
0.004333053
0.004397584
0.004519823
0.004363887
0.004440657
0.004350553
0.004387272
0.004362637
0.004405969
0.004458678
0.004472063
0.004373887
0.004447740
0.004345813
0.004477636
0.004434146
0.004354512
0.004402115
0.004316752
0.004451125
0.004332376
0.004403573
0.004391594
0.004391178
0.004425605
0.004515657
0.004387636
0.004345813
0.004414563
0.004350814
0.004415137
0.004375554
0.004450553
0.004389043
0.004375293
0.004404147
0.004365501
0.004343261
0.004374928
0.004353470
0.004397792
0.004355345
0.004388261
0.004342324
0.004479094
0.004348834
0.004404772
0.004466073
0.004374407
0.004452063
0.004367324
0.004308366
0.004504927
0.004362168
0.004423157
0.004439771
0.004482948
0.004392220
0.004358887
0.004367793
0.004371335
0.004375084
0.004362220
0.004354407
0.004392532
0.004445865
0.004367376
0.004357792
0.004439407
0.004358209
0.004380397
0.004414668
0.004429563
0.004398365
0.004357168
0.004398418
0.004373730
0.004374564
0.004344720
0.004417948
0.004440656
0.004375501
0.004419407
0.004393053
0.004411647
0.004459251
0.004384667
0.004311803
0.004367480
0.004376178
0.004400501
0.004483470
0.004372741
0.004374823
0.004377063
0.004349564
0.004427011
0.004365396
0.004336491
0.004332116
0.004451126
0.004362064
0.004333782
0.004383678
0.004364147
0.004431803
0.004413521
0.004422845
0.004351491
0.004419512
0.004482896
0.004410917
0.004334042
0.004372688
0.004329304
0.004377376
0.004363366
0.004464042
0.004445813
0.004362376
0.004413157
0.004364147
0.004404251
0.004344876
0.004318522
0.004421230
0.004380970
0.004327585
0.004439667
0.004487219
0.004452480
0.004386178
0.004452844
0.004378990
0.004399875
0.004421959
0.004372688
0.004340084
0.004448677
0.004448678
0.004362376
0.004375032
0.004366855
0.004353002
0.004429094
0.004418887
0.004431491
0.004405709
0.004444512
0.004387011
0.004370137
0.004375657
0.004409251
0.004393053
0.004388835
0.004449927
0.004373314
0.004357115
0.004448990
0.004342220
0.004427688
0.004343574
0.004328106
0.004415762
0.004368678
0.004376178
0.004390397
0.004395866
0.004475553
0.004379876
0.004372324
0.004393678
0.004397272
0.004352793
0.004430657
0.004449667
0.004460084
0.004384095
0.004358522
0.004349459
0.004366803
0.004380814
0.004338678
0.004385241
0.004443834
0.004344199
0.004416751
0.004376178
0.004427219
0.004459198
0.004369876
0.004435865
0.004450500
0.004363626
0.004381751
0.004347949
0.004460813
0.004334720
0.004425137
0.004385917
0.004322429
0.004383626
0.004418730
0.004351960
0.004339460
0.004337949
0.004458887
0.004501125
0.004345814
0.004510813
0.004446907
0.004362845
0.004377012
0.004366490
0.004435501
0.004422324
0.004411491
0.004355866
0.004439251
0.004369095
0.004440396
0.004375189
0.004358678
0.004351699
0.004454876
0.004407897
0.004387585
0.004438938
0.004433053
0.004345033
0.004401699
0.004364095
0.004377689
0.004340762
0.004432584
0.004404980
0.004368313
0.004418626
0.004341908
0.004430969
0.004395657
0.004365292
0.004471386
0.004381386
