0.004235923
0.007328672
0.007317526
0.007179245
0.007182891
0.007173724
0.007201589
0.007352109
0.007180651
0.007262839
0.007149193
0.007247787
0.007245442
0.007270911
0.007291693
0.007188152
0.007299245
0.007276693
0.004194360
0.004309151
0.004386287
0.007259922
0.007224193
0.007322578
0.007393672
0.007187839
0.007361380
0.007311589
0.007294974
0.007262474
0.007168516
0.007181850
0.007337161
0.007269349
0.007265964
0.007270912
0.007192527
0.007238048
0.004257641
0.004305401
0.004316234
0.004307276
0.004333891
0.004271964
0.004295297
0.004212537
0.007219193
0.007169870
0.007237787
0.007253932
0.007299922
0.007238985
0.007463880
0.007216693
0.007228360
0.007296692
0.007152943
0.007446640
0.007203151
0.007268255
0.007352109
0.007213568
0.000460936
0.007324141
0.007305286
0.007171225
0.007350755
0.007313151
0.007202734
0.007145964
0.007332838
0.007177995
0.007202422
0.007278620
0.007268985
0.007232214
0.007239818
0.007249713
0.007252057
0.007244453
0.007225963
0.004260922
0.004229725
0.004299412
0.004259725
0.000363749
0.004282381
0.004316964
0.004243839
0.004184620
0.007314297
0.007252058
0.007238776
0.007251797
0.007273775
0.007357369
0.007272214
0.007177214
0.007329453
0.007191485
0.007287890
0.007253255
0.007270703
0.007304193
0.007277994
0.007182370
0.007282109
0.004284047
0.004263266
0.004257224
0.004394828
0.004214308
0.004227381
0.004285453
0.004260037
0.004218318
0.004221964
0.004200089
0.004200505
0.004271912
0.004303318
0.004281287
0.004301026
0.004305557
0.004250402
0.004331859
0.004218996
0.007279870
0.007460025
0.007236016
0.007237838
0.007155547
0.007237682
0.007286224
0.007250286
0.007241797
0.007261068
0.007402474
0.007203724
0.007298099
0.007353880
0.007257317
0.007323827
0.007313567
0.004245245
0.004288890
0.004217068
0.004310609
0.004230714
0.004334776
0.004316026
0.004282329
0.004252537
0.007445598
0.007229297
0.007309609
0.007314505
0.007123880
0.007160495
0.007325442
0.007180495
0.007311588
0.007410338
0.007312161
0.007246015
0.007234348
0.007241328
0.007331952
0.007311796
0.007157214
0.004258370
0.004240245
0.007344869
0.007264453
0.007157006
0.007365702
0.007333620
0.007315130
0.007237786
0.007182265
0.007452004
0.007393515
0.007174922
0.007267109
0.007356327
0.007295651
0.007249349
0.007327995
0.007645025
0.004269151
0.004227589
0.004284620
0.007250912
0.007260026
0.007289245
0.007173151
0.007268776
0.007453254
0.007249141
0.007362942
0.007135183
0.007379505
0.007259297
0.007186015
0.007214036
0.007233203
0.007269401
0.007357629
0.007253046
0.004261026
0.004213734
0.007251432
0.007231901
0.007262890
0.007282838
0.007231015
0.007135547
0.007251015
0.007153412
0.007281849
0.007354922
0.007259349
0.007392004
0.007172943
0.007335390
0.007071797
0.007376588
0.007304922
0.004179621
0.004272797
0.004221964
0.004330297
0.004369932
0.004288578
0.004242537
0.005688573
0.007263828
0.007367473
0.007235495
0.007304661
0.007311796
0.007300598
0.007314035
0.007351276
0.007263828
0.007322317
0.007304556
0.007337421
0.007315911
0.007145495
0.007221640
0.007259713
0.004196859
0.007329869
0.007354921
0.007238776
0.007238359
0.007261276
0.007277526
0.007356900
0.007226015
0.007250286
0.007237370
0.007305963
0.007256067
0.007138776
0.007286276
0.007183828
0.007192213
0.007235963
0.004332224
0.004348942
0.007168255
0.007372317
0.007144296
0.007178568
0.007360026
0.007246693
0.007214765
0.007218932
0.007245286
0.007210755
0.007127891
0.007288410
0.007119557
0.007134870
0.007364504
0.007194140
0.007285494
0.004284412
0.004249516
0.004260765
0.004286859
0.007357265
0.007298150
0.007186641
0.007294713
0.007136901
0.007333931
0.007199036
0.007301223
0.007204296
0.007303151
0.007099245
0.007248255
0.007227474
0.007197005
0.007214817
0.007207265
0.007288567
0.004240506
0.004363265
0.000308697
0.004359099
0.004306390
0.004291131
0.004191859
0.004228370
0.007199557
0.007203463
0.007219244
0.007262369
0.007123724
0.007199297
0.007305755
0.007253567
0.007228671
0.007178828
0.007272213
0.007201692
0.007295651
0.007208046
0.007306588
0.007290390
0.007323671
0.004209099
0.004344568
0.004283005
0.004262016
0.004370036
0.004345245
0.004333213
0.004225141
0.007342421
0.007463827
0.007180651
0.007367473
0.007212057
0.007335025
0.007298202
0.007194765
0.007307213
0.007305755
0.007447838
0.007121484
0.007334348
0.007334140
0.007150026
0.007239452
0.007186432
0.004266807
0.004242432
0.004210506
0.007298151
0.007191849
0.007311692
0.007325129
0.007240234
0.007175807
0.007176745
0.007228411
0.007303619
0.007299556
0.007286327
0.007272422
0.007279036
0.007209714
0.007227317
0.007313827
0.007224401
0.004227537
0.004327328
0.004259516
0.004204880
0.004195765
0.004230505
0.004320088
0.004204724
0.007343410
0.007390390
0.007266328
0.007370546
0.007301796
0.007404191
0.007348515
0.007189870
0.007288306
0.007318983
0.007194349
0.007191952
0.007288046
0.007326640
0.007298411
0.007347889
0.007245806
0.004221704
0.007337994
0.007283255
0.007310390
0.007126640
0.007199088
0.007434868
0.007175702
0.007285651
0.007122162
0.007295754
0.007195806
0.007346275
0.007273776
0.007198983
0.007349244
0.007277421
0.007162682
0.004226079
0.004289255
0.004281442
0.004277745
0.004308942
0.004225245
0.004247797
0.007262265
0.007211848
0.007264973
0.007417317
0.007301067
0.007291744
0.007288984
0.007213567
0.007334452
0.007279140
0.007280962
0.007221380
0.007273046
0.007270963
0.007301067
0.007237838
0.007165650
0.004230401
0.004285869
0.004198370
0.004203266
0.004196391
0.007264088
0.007315130
0.007305181
0.007342473
0.007239922
0.007242682
0.007273984
0.007276015
0.007250442
0.007302473
0.007253203
0.007200286
0.007214973
0.007406639
0.007280441
0.007264452
0.007323515
0.004194411
0.007325285
0.007423098
0.007348046
0.007296483
0.007270702
0.007201588
0.007316432
0.007259765
0.007231952
0.007219557
0.007282890
0.007205911
0.007237161
0.007292317
0.007355962
0.007256483
0.004487952
0.007237108
0.007301692
0.007121901
0.007357889
0.007319244
0.007344400
0.007205338
0.007249869
0.007182943
0.007263566
0.007259244
0.007306952
0.007206483
0.007306692
0.007378879
0.007294713
0.007205859
0.007281327
0.004251234
0.004226495
0.007267004
0.007122890
0.007123880
0.007321743
0.007159556
0.007195651
0.007429503
0.007165338
0.007282264
0.007287056
0.007117787
0.007243046
0.007294608
0.007112942
0.007131693
0.007385181
0.007336171
0.004226703
0.004222172
0.004221703
0.007293671
0.007290806
0.007238879
0.007215077
0.007212578
0.007280650
0.007368202
0.007227108
0.007249557
0.007232681
0.007195755
0.007292734
0.007238828
0.007317160
0.007288202
0.007297108
0.004212276
0.007401639
0.007313567
0.007279296
0.007295545
0.007256276
0.007195182
0.007231483
0.007180025
0.007305494
0.007111016
0.007281848
0.007203671
0.007303462
0.007274973
0.007291692
0.007221848
0.007152109
0.004209255
0.004222016
0.007367160
0.007206432
0.007209765
0.007323723
0.007343775
0.007181952
0.007275286
0.007272213
0.007206327
0.007253984
0.007262994
0.007226588
0.007181327
0.007292786
0.007296900
0.007301119
0.007291432
0.004187016
0.007398827
0.007283619
0.007275910
0.007261066
0.007279920
0.007231014
0.007293723
0.007242993
0.007272265
0.007324764
0.007314816
0.007225286
0.007275286
0.007284660
0.007291588
0.007238306
0.007321535
0.004239828
0.004232693
0.004212640
0.004252275
0.004247588
0.004299254
0.004220088
0.004368473
0.004323577
0.004339411
0.004278630
0.004186026
0.007135910
0.007413045
0.007218254
0.007225859
0.007253202
0.007197838
0.007190129
0.007348618
0.007260702
0.007148932
0.007136744
0.007211535
0.007286431
0.007232109
0.007312681
0.007325858
0.007256014
0.004208839
0.007300962
0.007356951
0.007451639
0.007187525
0.007261796
0.007206796
0.007214400
0.007282837
0.007232264
0.007188046
0.007332889
0.007238150
0.007230441
0.007168983
0.007338514
0.007318202
0.007338202
0.004189307
0.004246391
0.004241755
0.007366483
0.007141692
0.007295337
0.007153776
0.007174453
0.007301483
0.007343670
0.007272525
0.007163932
0.007284608
0.007248462
0.007301119
0.007136588
0.007317577
0.007204973
0.007405076
0.007162108
0.004196078
0.004221182
0.004248370
0.007296691
0.007300285
0.007177369
0.007267004
0.007190963
0.007185286
0.007278879
0.007241119
0.007202421
0.007230962
0.007642784
0.007257004
0.007268879
0.007287160
0.007201014
0.007175702
0.007194139
0.004261234
0.004275974
0.004323421
0.004311233
0.004201703
0.007256587
0.007463826
0.007221275
0.007131328
0.007141119
0.007268358
0.007330962
0.007234608
0.007315493
0.007258619
0.007285285
0.007241118
0.007190337
0.007250129
0.007213150
0.007222368
0.007325805
0.004190713
0.005046804
0.007313201
0.007185286
0.007304296
0.007258618
0.007178619
0.007223827
0.007340285
0.007195702
0.007294244
0.007395180
0.007294712
0.007357368
0.007227993
0.007210390
0.007277108
0.007325441
0.004244047
0.004207796
0.004200297
0.004358212
0.004288838
0.004220922
0.004234203
0.004234723
0.004240609
0.000194843
0.007343983
0.007262941
0.007246431
0.007172838
0.007222004
0.007435805
0.007308410
0.007280233
0.007228619
0.007237160
0.007556169
0.007200129
0.007330649
0.007223827
0.007254087
0.007205181
0.007153150
0.004269880
0.004230557
0.004317431
0.004299307
0.004249880
0.004313682
0.004259880
0.004239307
0.007217160
0.007259817
0.007358462
0.007172056
0.007259243
0.007178255
0.007240962
0.007435180
0.007332681
0.007332628
0.007290650
0.007219139
0.007289452
0.007242421
0.007353254
0.007339451
0.007276014
0.004293734
0.007247629
0.007262733
0.007259869
0.007174765
0.007332941
0.007218514
0.007343305
0.007248306
0.007292108
0.007271066
0.007288305
0.007232421
0.007262056
0.007425076
0.007237993
0.007193931
0.004303473
0.004246390
0.004229672
0.004212327
0.007217368
0.007298566
0.007301639
0.007344712
0.007194504
0.007156952
0.007115598
0.007126015
0.007211483
0.007169452
0.007219556
0.007256952
0.007258306
0.007341274
0.007289034
0.007239451
0.006485340
0.004284203
0.004238890
0.004286286
0.004195505
0.004302848
0.004308837
0.004234463
0.004295348
0.004220141
0.004201286
0.007270701
0.007133932
0.007425336
0.007273618
0.007187733
0.007356118
0.007197941
0.007237941
0.007339087
0.007176692
0.007221535
0.007228462
0.007300858
0.007317160
0.007250441
0.007216535
0.004188421
0.007249972
0.007221275
0.007321534
0.007334660
0.007300701
0.007359504
0.007256951
0.007203410
0.007366899
0.007202160
0.007331847
0.007168671
0.007474867
0.007208306
0.007234556
0.007289243
0.007319868
0.004203057
0.004283056
0.004328265
0.004210870
0.007338149
0.007254920
0.007173097
0.007233566
0.007285545
0.007167837
0.007335806
0.007271951
0.007297055
0.007152369
0.007255857
0.007191796
0.007262785
0.007270962
0.007173671
0.007209764
0.007321691
0.004650711
0.004224515
0.007423878
0.007320441
0.007281691
0.007151744
0.007158671
0.007241796
0.007291482
0.007318566
0.007184869
0.007342993
0.007199191
0.007218254
0.007348513
0.007131483
0.007266275
0.007316014
0.004221547
0.007326899
0.007294087
0.007323045
0.007217317
0.007242420
0.007235390
0.007324190
0.007254191
0.007308722
0.007206691
0.007338044
0.007244712
0.007336013
0.007263722
0.007277264
0.007171587
0.007148618
0.004248838
0.007361743
0.007336795
0.007176119
0.007227316
0.007314399
0.007211066
0.007312680
0.007351691
0.007165286
0.007505284
0.007269712
0.007203670
0.007238826
0.007434815
0.007454607
0.007310649
0.007364972
0.004236182
0.007425596
0.007263254
0.007191848
0.007400285
0.007351691
0.007278931
0.007324034
0.007227889
0.007253879
0.007347159
0.007284764
0.007220597
0.007229920
0.007222316
0.007266847
0.007334816
0.007336691
0.004203786
0.004302328
0.004299046
0.004398786
0.004300556
0.004328421
0.004233005
0.007123410
0.007220597
0.007175962
0.007208202
0.007276795
0.007201171
0.007220597
0.007357993
0.007196535
0.007369243
0.007234034
0.007312160
0.007366378
0.007316222
0.007224400
0.007294191
0.007228827
0.004221390
0.007334712
0.007274816
0.007213149
0.007299608
0.007247003
0.007239973
0.007108826
0.007263618
0.007194191
0.007231899
0.007298045
0.007300701
0.007343878
0.007251274
0.007211899
0.007215597
0.007324035
0.004199203
0.004351545
0.004275452
0.004324255
0.004267067
0.004301702
