0.005057892
0.005139975
0.005016850
0.004984923
0.005068256
0.005004038
0.005269766
0.004927059
0.004985444
0.005050756
0.005149922
0.005039819
0.004976798
0.005100807
0.005062266
0.004983830
0.005088673
0.005099297
0.005018673
0.005042163
0.004994871
0.005039298
0.004986017
0.005135235
0.005046694
0.005047371
0.005139662
0.005016902
0.005026433
0.005142162
0.005066797
0.004997943
0.004997735
0.005114349
0.005036642
0.005042110
0.005013777
0.005011694
0.005099194
0.005113151
0.005057579
0.005046538
0.004995652
0.005012839
0.005035288
0.004990496
0.004985652
0.004983204
0.005059767
0.005032580
0.005058725
0.005092058
0.005031173
0.005035808
0.005061068
0.005094454
0.005025496
0.004964923
0.005018725
0.005052735
0.005060860
0.004952319
0.005042944
0.005039194
0.005066329
0.005074350
0.004970601
0.004963830
0.005039975
0.005016330
0.005067527
0.005028620
0.004976069
0.005038360
0.004979194
0.005061329
0.004994819
0.004988985
0.005132839
0.005149922
0.005028516
0.004971695
0.005081120
0.004982476
0.005000183
0.005030861
0.004990600
0.005033881
0.005056381
0.005093516
0.004942319
0.004929090
0.005013725
0.005045548
0.005035079
0.005190339
0.005039975
0.005049663
0.005035652
0.005006381
0.004980861
0.005026746
0.005145496
0.005170860
0.005058725
0.004995496
0.005007996
0.005082058
0.005047891
0.005028309
0.004981434
0.004980653
0.005045757
0.005021330
0.005087371
0.004979403
0.005100652
0.005039923
0.005051798
0.005118256
0.004995496
0.005292109
0.005206224
0.005026069
0.005026850
0.005010027
0.004970027
0.005020236
0.005053152
0.005006225
0.004984506
0.005023726
0.005000236
0.005030287
0.005199454
0.005054194
0.005084194
0.005169974
0.005108256
0.004969403
0.004984611
0.005055443
0.005012579
0.005062788
0.005002787
0.004997163
0.005024871
0.005022788
0.005054558
0.005092371
0.004964611
0.005165130
0.005036746
0.005043048
0.004954454
0.005129714
0.005169558
0.005070444
0.005037527
0.004985548
0.005021433
0.004995288
0.005046277
0.005109037
0.005020444
0.004987111
0.005008361
0.005040652
0.005022892
0.005182631
0.005113308
0.005045496
0.005172422
0.005209349
0.005166745
0.005074142
0.005065548
0.005039402
0.004995600
0.004984871
0.004975913
0.005044610
0.005093412
0.005002788
0.005018048
0.005059715
0.005034714
0.005073881
0.004965861
0.004970080
0.005045027
0.005050600
0.005037580
0.004949559
0.004948934
0.005172891
0.005024037
0.004999402
0.005076225
0.004968257
0.005096329
0.004985496
0.005017110
0.005124193
0.005004142
0.005151068
0.005029662
0.005042111
0.005006642
0.005058152
0.005064298
0.005056798
0.005030705
0.004969558
0.004934819
0.005022111
0.005080444
0.005004975
0.004974246
0.005027684
0.005030757
0.005066068
0.005184246
0.005007215
0.005065443
0.005033881
0.005034142
0.004982945
0.004978100
0.004997527
0.005044767
0.005120496
0.004987944
0.005007007
0.005189401
0.005081902
0.005155600
0.005008361
0.004979871
0.005035809
0.005064611
0.005026955
0.004979507
0.005007476
0.005057059
0.005150495
0.005014767
0.004953830
0.005180756
0.005033205
0.005019975
0.005217422
0.005005444
0.004998673
0.005070652
0.005043725
0.005042787
0.005063881
0.005070392
0.005038726
0.005061590
0.004981850
0.004928309
0.005077944
0.005048778
0.005050912
0.005006955
0.004982997
0.005059194
0.005003933
0.005191224
0.005088777
0.005012006
0.005204505
0.005017110
0.005005496
0.005000027
0.004980028
0.005090965
0.005101433
0.005038777
0.004950913
0.005102475
0.005143725
0.005052318
0.005049923
0.004987371
0.004960913
0.005053830
0.005024923
0.004992683
0.004962163
0.005140547
0.005068257
0.005050444
0.004987059
0.005066225
0.005021329
0.005153933
0.005142683
0.004986277
0.004934298
0.004966591
0.005054142
0.005070236
0.004973725
0.004939715
0.005101330
0.005123412
0.005041016
0.004990496
0.005160287
0.005027997
0.005035235
0.005065704
0.005012631
0.005049038
0.005329348
0.005040183
0.005097007
0.004998205
0.005039611
0.005151902
0.005188412
0.005078569
0.004982163
0.004998413
0.005034611
0.005079610
0.005052892
0.004969872
0.005053829
0.005078100
0.005162527
0.005071277
0.004997580
0.005019611
0.005042683
0.005041694
0.005013309
0.004975288
0.004994975
0.005066798
0.005050028
0.005050288
0.005157787
0.005025704
0.005029976
0.005012423
0.005041798
0.004963830
0.005090392
0.005068777
0.005015340
0.005045912
0.004964403
0.005039715
0.005093412
0.005068985
0.005008204
0.004988621
0.005025340
0.005051434
0.005052892
0.004965861
0.004975340
0.005075600
0.005011329
0.005053049
0.004997476
0.004947059
0.005002476
0.005027215
0.005030027
0.004993726
0.005003725
0.005061693
0.005028100
0.005067683
0.004943934
0.004985861
0.005030652
0.005020132
0.005028309
0.004999611
0.005111642
0.005054715
0.005061277
0.004972163
0.005055131
0.004994455
0.005115652
0.005023673
0.004988153
0.004957319
0.005041798
0.005033882
0.005027788
0.004992475
0.004979351
0.005048569
0.005002944
0.005051590
0.004973413
0.005056851
0.005028361
0.005037996
0.005096641
0.004998986
0.004996903
0.005061277
0.005047215
0.005015184
0.005177474
0.005050705
0.005051850
0.005051173
0.005052006
0.005059455
0.005102579
0.005010496
0.005058101
0.005034247
0.005094923
0.005027423
0.005063517
0.005043308
0.005034507
0.005000028
0.005027111
0.005022632
0.005057111
0.005010288
0.004967059
0.005026225
0.005030861
0.005012111
0.005022944
0.005048882
0.005044298
0.005065079
0.005135965
0.005110027
0.005138413
0.005041330
0.005009194
0.005051903
0.005005236
0.005011642
0.005007788
0.005096902
0.005085548
0.005007424
0.005035548
0.005051850
0.005003569
0.005072476
0.005055288
0.005003048
0.005038882
0.005017840
0.005032476
0.005059090
0.005019455
0.005042111
0.005110079
0.005062058
0.005138413
0.005058882
0.005193621
0.005083726
0.005070757
0.004958257
0.005101016
0.005107892
0.005047579
0.005101693
0.005040809
0.005054923
0.005171433
0.005041017
0.004977059
0.004944455
0.005017371
0.005075912
0.005115183
0.005164298
0.005044923
0.005028673
0.005156641
0.005076277
0.004979975
0.004953413
0.005036382
0.005161225
0.005129715
0.005037996
0.005035288
0.005029663
0.005049924
0.005075809
0.005039038
0.004968362
0.005221329
0.005057892
0.005003048
0.005057736
0.005131329
0.005158465
0.005093412
0.005066173
0.004982527
0.005007267
0.005022684
0.005043673
0.005016902
0.004957215
0.004984559
0.005023309
0.005065027
0.005040549
0.005035913
0.005038674
0.005125444
0.005055288
0.004998257
0.004969090
0.005018830
0.005054142
0.004973466
0.004990288
0.005004298
0.005045444
0.005018101
0.005115600
0.005098777
0.005032840
0.004993413
0.005079819
0.005037840
0.004964142
0.004939299
0.005052059
0.005022788
0.005030184
0.005047059
0.005002475
0.005072892
0.004996121
0.005018205
0.005013882
0.005099871
0.005061590
0.005043829
0.005156485
0.004994559
0.004979559
0.005051277
0.005106121
0.005109142
0.004972372
0.005012944
0.005055601
0.005105496
0.005036121
0.004925810
0.004988309
0.005062527
0.005040236
0.005029664
0.004990497
0.004985549
0.005012684
0.005047319
0.004957320
0.004922840
0.005012736
0.005025965
0.005072163
0.004978361
0.005102423
0.005022684
0.005177214
0.005178465
0.005059246
0.004994038
0.005006538
0.005028882
0.004975445
0.005007632
0.005019246
0.005035028
0.005059299
0.002336603
0.004978257
0.005006225
0.005037788
0.005091903
0.005014350
0.004935184
0.004995601
0.005187162
0.005070497
0.005022840
0.005039715
0.005009038
0.005008361
0.005042059
0.005079299
0.005086017
0.005037423
0.005027997
0.005024871
0.005005392
0.004956330
0.004974299
0.005062267
0.004998518
0.004995028
0.004965861
0.005001122
0.005128829
0.005108256
0.005364817
0.004989247
0.004930810
0.005119246
0.005032267
0.005011538
0.004963205
0.005006330
0.005107006
0.005059663
0.004993570
0.004927997
0.005004976
0.005026330
0.004995132
0.005000861
0.004984299
0.005036538
0.005031798
0.005039403
0.004973518
0.004986903
0.005062476
0.005103465
0.005075444
0.005024506
0.005104923
0.005077528
0.005153673
0.005080496
0.005108309
0.005088777
0.005141433
0.005048777
0.005070131
0.005134923
0.004951643
0.005071486
0.005089194
0.005090704
0.004981955
0.005013830
0.005116486
0.005166954
0.005157787
0.005021643
0.005007528
0.004990705
0.005035445
0.005074715
0.005145808
0.005115861
0.005150444
0.005088100
0.005007007
0.004956331
0.004988413
0.005076121
0.005018882
0.005077736
0.004957841
0.005038257
0.005064090
0.005139975
0.005033465
0.005001694
0.005104819
0.005068829
0.005029611
0.004986330
0.004976539
0.005017684
0.005170392
0.005080027
0.004999455
0.005025340
0.005012215
0.005023778
0.005062840
0.005004038
0.005039820
0.005035861
0.005015080
0.005022580
0.005001799
0.004991278
0.005051955
0.005080184
0.005027736
0.005005549
0.004990809
0.004988049
0.005046746
0.005133881
0.004989194
0.005000444
0.005033413
0.005118621
0.005060757
0.004993778
0.004998987
0.005006434
0.005029403
0.005004299
0.004975184
0.004999455
0.005046486
0.005182735
0.005103725
0.005004976
0.005003986
0.005044090
0.005065601
0.005000237
0.004946331
0.005052736
0.005032996
0.005042007
0.004998986
0.005128100
0.005104142
0.005206797
0.005061486
0.005002528
0.004994923
0.005116173
0.005107059
0.005124351
0.004948466
0.005021590
0.005023882
0.005045132
0.005067475
0.005053934
0.005128934
0.005037632
0.005039611
0.005040652
0.004990705
0.004959091
0.005051590
0.005032736
0.005057007
0.005015132
0.005057996
0.005072319
0.005025913
0.005055861
0.005093048
0.005077997
0.005042111
0.005020236
0.005007840
0.005022424
0.005068413
0.005033570
0.005022580
0.005118517
0.005000028
0.004998049
0.005048361
0.005053986
0.004990549
0.005127111
0.005014038
0.005061330
0.005085861
0.005132996
0.005083049
0.005071382
0.005039924
0.005031747
0.004958570
0.004978361
0.005047580
0.005134298
0.005019142
0.005006694
0.005059924
0.005053673
0.005051382
0.005190027
0.005029403
0.004984195
0.005056330
0.005114611
0.005024507
0.004959351
0.004970184
0.005007580
0.005046434
0.005187943
0.005102475
0.005018101
0.005034611
0.005083152
0.004996122
0.005003569
0.004994038
0.005014976
0.005172944
0.005047476
0.004968778
0.005052111
0.005024715
0.005049455
0.004996799
0.005001017
0.005034820
0.005086017
0.005006122
0.004972945
0.004988049
0.005047424
0.005015601
0.005036538
0.004947841
0.005011382
0.005053777
0.005013205
0.005010653
0.004999663
0.005026382
0.005013882
0.005026330
0.005077736
0.004984715
0.004982320
0.005042424
0.005033205
0.004999611
0.005045704
0.004977372
0.005099611
0.005024663
0.005004820
0.004968570
0.005024767
0.005100809
0.005027997
0.005045653
0.005002944
0.005182839
0.005163465
0.005156955
0.005008726
0.004973882
0.004999923
0.005029142
0.005067163
0.005008257
0.005112684
0.005111173
0.004991070
0.005118048
0.004996382
0.004980549
0.005044455
0.005077007
0.005058986
0.004982424
0.004977268
0.005084090
0.005128049
0.005032007
0.005019560
0.005002267
0.005048569
0.005026538
0.005001642
0.005003622
0.005019507
0.005158673
0.005049715
0.004974507
0.005063049
0.005136173
0.005157215
0.005023882
0.004984768
0.005037892
0.005034246
0.005015861
0.005179246
0.004944612
0.004987945
0.005051487
0.005225808
0.005037007
0.005030705
0.005017684
0.005012476
0.005056017
0.005066174
0.004992684
0.004949872
0.005163100
0.005036590
0.005055548
0.004929977
0.004981643
0.005111747
0.005056434
0.005020653
0.004993310
0.005025341
0.005009767
0.005072267
0.005002788
0.004937684
0.004993882
0.005014091
0.005019819
0.005051642
0.004996747
0.005001591
0.005036278
0.005093881
0.005156903
0.004982476
0.004970445
0.005053830
0.005025080
0.004974299
0.004983049
0.005007268
0.005012267
0.005032320
0.004985549
0.005011330
0.005021226
0.005049299
0.005015966
0.005057319
0.004988986
0.005061173
0.005014038
0.005066954
0.004985288
0.005143986
0.005160809
0.005011538
0.005031746
0.005079038
0.005026069
0.005036226
0.005042476
0.005079871
0.005037580
0.005033465
0.005144403
0.005061903
0.005021590
0.004999663
0.005149663
0.005045445
0.005029976
0.005074820
0.005057997
0.005011799
0.005006643
0.005047893
0.005026486
0.005015288
0.005086121
0.005116121
0.005046903
0.004995862
0.004982580
0.005036382
0.005040080
0.005035653
0.005000393
0.004989768
0.005163309
0.005180965
0.005050549
0.005164453
0.005260233
0.005149557
0.005202005
0.005285911
0.005173463
0.005108516
0.005297785
0.005203516
0.005144974
0.005101120
0.005116797
0.005215182
0.005160495
0.005156224
0.005281848
0.005202005
0.005266224
0.005184661
0.005310702
0.005104714
0.005255858
0.005196953
0.005294609
0.005197317
0.005107735
0.005110860
0.005184609
0.005198933
0.005188255
0.005315078
0.005140964
0.005249140
0.005173932
0.005116380
0.005100496
0.005246484
0.005257942
0.005195391
0.005104870
0.005159505
0.005207891
0.005200964
0.005318047
0.005141120
0.005160026
0.005160286
0.005354036
0.005184454
0.005127839
0.005283776
0.005206953
0.005331797
0.005260859
0.005213464
0.005188151
0.005208412
0.005321275
0.005257318
0.005136120
0.005162110
0.005307890
0.005256484
0.005160600
0.005166537
0.005249453
0.005203360
0.005228881
0.005303046
0.005114662
0.005232943
0.005178412
0.005205026
0.005135704
0.005152163
0.005209141
0.005201120
0.005229088
0.005212058
0.005250079
0.005188569
0.005178204
0.005251276
0.005136954
0.005156173
0.005292057
0.005197579
0.005271537
0.005173724
0.005217683
0.005222422
0.005177839
0.005139662
0.005145131
0.005388567
0.005173152
0.005222057
0.005181745
0.005078152
0.005210183
0.005230495
0.005214089
0.005134298
0.005299193
0.005225964
0.005146485
0.005202996
0.005147944
0.005197266
0.005258985
0.005259714
0.005141017
0.005259871
0.005195652
0.005194506
0.005288308
0.005145548
0.005158882
0.005143777
0.005220860
0.005239610
0.005202735
0.005150392
0.005187058
0.005230965
0.005195235
0.005267475
0.005337162
0.005223673
0.005282683
0.005111225
0.005136329
0.005293047
0.005162319
0.005398151
0.005119611
0.005181329
0.005188361
0.005210652
0.005205183
0.005139299
0.005259037
0.005166069
0.005205027
0.005230913
0.005304454
0.005158778
0.005182475
0.005224767
0.005225079
0.005240079
0.005302787
0.005231225
0.005205131
0.005171746
0.005146069
0.005343516
0.005231277
0.005237736
0.005145184
0.005156642
0.005357839
0.005272527
0.005248517
0.005159819
0.005156226
0.005275444
0.005169507
0.005194142
0.005137215
0.005260705
0.005276174
0.005218153
0.005137892
0.005114611
0.005146539
0.005227892
0.005184351
0.005156434
0.005264767
0.005189976
0.005172215
0.005286902
0.005214038
0.005176955
0.005201121
0.005181955
0.005332944
0.005140914
0.005154090
0.005341538
0.005210080
0.005239195
0.005105393
0.005257267
0.005178205
0.005206122
0.005208466
0.005151018
0.005176330
0.005189038
0.005218726
0.005268413
0.005230861
0.005164038
0.005364402
0.005323777
0.005205028
0.005144090
0.005194611
0.005256018
0.005375079
0.005154351
0.005171539
0.005329455
0.005194611
0.005243049
0.005260965
0.005279507
0.005206330
0.005348465
0.005170654
0.005149039
0.005114299
0.005258205
0.005173101
0.005297580
0.005242164
0.005156643
0.005202528
0.005184090
0.005202684
0.005162893
0.005214195
0.005240913
0.005219872
0.005141956
0.005146018
0.005208465
0.005226017
0.005243206
0.005280080
0.005155341
0.005228622
0.005331591
0.005214143
0.005176956
0.005159039
0.005239663
0.005198153
0.005235966
0.005148102
0.005141123
0.005324090
0.005188258
0.005267945
0.005200809
0.005265184
0.005197217
0.005204404
0.005169143
0.005153779
0.005176643
0.005287893
0.005205446
0.005154508
0.005182946
0.005293569
0.005195602
0.005212477
0.005295445
0.005153571
0.005219716
0.005213414
0.005217997
0.005131384
0.005142738
0.005319404
0.005176644
0.005248049
0.005162165
0.005218205
0.005336590
0.005195758
0.005163258
0.005256799
0.005159560
0.005171071
0.005202997
0.005106175
0.005160134
0.005173623
0.005149925
0.005151696
0.005165134
0.005132373
0.005235289
0.005260602
0.005209144
0.005206591
0.005206122
0.005172060
0.005312893
0.005231018
0.005182737
0.005137113
0.005197789
0.005362373
0.005222060
0.005157060
0.005221435
0.005199144
0.005258258
0.005134457
0.005172477
0.005377789
0.005212477
0.005187582
0.005171123
0.005107321
0.005232425
0.005221800
0.005267789
0.005155394
0.005125030
0.005197217
0.005267164
0.005161852
0.005168050
0.005106697
0.005202998
0.005265966
0.005199716
0.005142425
0.005167060
0.005280550
0.005249561
0.005151644
0.005233206
0.005196123
0.005253727
0.005183727
0.005261592
0.005168883
0.005239352
0.005274196
0.005182790
0.005184769
0.005175185
0.005232790
0.005193935
0.005200863
0.005162842
0.005124405
0.005155134
0.005321383
0.005222477
0.005253207
0.005150030
0.005196123
0.005220186
0.005190550
0.005243831
0.005194092
0.005310289
0.005234092
0.005130238
0.005201801
0.005254040
0.005186749
0.005156748
0.005201071
0.005306019
0.005193155
0.005216123
0.005199404
0.005174978
0.005201696
0.005285498
0.005245029
0.005222582
0.005151957
0.005123884
0.005198936
0.005200342
0.005254196
0.005122478
0.005122582
0.005345862
0.005171748
0.005214249
0.005149509
0.005183676
0.005150811
0.005231852
0.005140238
0.005135082
0.005194301
0.005331488
0.005198051
0.005168155
0.005150759
0.005336487
0.005245290
0.005189978
0.005280498
0.005087009
0.005319717
0.005197374
0.005177791
0.005166228
0.005187426
0.005210603
0.005192269
0.005209769
0.005216905
0.005201644
0.005316853
0.005174249
0.005146228
0.005133363
0.005349925
0.005209770
0.005168884
0.005150499
0.005148780
0.005328206
0.005315446
0.005202686
0.005124249
0.005109354
0.005206540
0.005231228
0.005189665
0.005199822
0.005336227
0.005219509
0.005311905
0.005335186
0.005179249
0.005175447
0.005293676
0.005231280
0.005137687
0.005159041
0.005209561
0.005178208
0.005204665
0.005152374
0.005113416
0.005207687
0.005209405
0.005204301
0.005135968
0.005141957
0.005212791
0.005188781
0.005173416
0.005148364
0.005142896
0.005336696
0.005180968
0.005274613
0.005119614
0.005152270
0.005169093
0.005184562
0.005161957
0.005328364
0.005139875
0.005187166
0.005171593
0.005169614
0.005126437
0.005206228
0.005190134
0.005289666
0.005116802
0.005144770
0.005187895
0.005186281
0.005345238
0.005151490
0.005170083
0.005202634
0.005337010
0.005192270
0.005185499
0.005165760
0.005146281
0.005172114
0.005133989
0.005283833
0.005195864
0.005382738
0.005189145
0.005155447
0.005147375
0.005238051
0.005213937
0.005180240
0.005275707
0.005161021
0.005330811
0.005238103
0.005140344
0.005126125
0.005272322
0.005192687
0.005263884
0.005191489
0.005293364
0.005173417
0.005225187
0.005178885
0.005197010
0.005217010
0.005211281
0.005200395
0.005229458
0.005142844
0.005118156
0.005162896
0.005171229
0.005192583
0.005130500
0.005186073
0.005323833
0.005156073
0.005202740
0.005096125
0.005351489
0.005218677
0.005165969
0.005181906
0.005085969
0.005232583
0.005203261
0.005370395
0.005272947
0.005160187
0.005130136
0.005324198
0.005378052
0.005197323
0.005246489
0.005214145
0.005151021
0.005361384
0.005091750
0.005158521
0.005175552
0.005203157
0.005313624
0.005136385
0.005161854
0.005183208
0.005284823
0.005177844
0.005122740
0.005235917
0.005195708
0.005178261
0.005137740
0.005121959
0.005181386
0.005264874
0.005158625
0.005171281
0.005167167
0.005172166
0.005202948
0.005334146
0.005302687
0.005156594
0.005327375
0.005163625
0.005181541
0.005251386
0.005163053
0.005245813
0.005299562
0.005211073
0.005133001
0.005173834
0.005221333
0.005319250
0.005196803
0.005173833
0.005177688
0.005322479
0.005182531
0.005161490
0.005129720
0.005216594
0.005361125
0.005498051
0.005162219
0.005152011
0.005258833
0.005228157
0.005318520
0.005122375
0.005258886
0.005238261
0.005221021
0.005165397
0.005116490
0.005173104
0.005206490
0.005264979
0.005167896
0.005115761
0.005215917
0.005197532
0.005143677
0.005144354
0.005115605
0.005180970
0.005203938
0.005192896
0.005136229
0.005154094
0.005372584
0.005172688
0.005203886
0.005283834
0.005300187
0.005206386
0.005183678
0.005164980
0.005116803
0.005178365
0.005303990
0.005168053
0.005209406
0.005178470
0.005156647
0.005194355
0.005192063
0.005180708
0.005305760
0.005171386
0.005152792
0.005200240
0.005188418
0.005122219
0.005190084
0.005256125
0.005216750
0.005151959
0.005189772
0.005341646
0.005336125
0.005217428
0.005115189
0.005181647
0.005185813
0.005319458
0.005157064
0.005127845
0.005191542
0.005290865
0.005230136
0.005133417
0.005147896
0.005187532
0.005241750
0.005196230
0.005136178
0.005136959
0.005274927
0.005204094
0.005186022
0.005102949
0.005185865
0.005285865
0.005197271
0.005339303
0.005157220
0.005235344
0.005215865
0.005209824
0.005164824
0.005165344
0.005179303
0.005159824
0.005260970
0.005186334
0.005228730
0.005168001
0.005317115
0.005185553
0.005151230
0.005164720
0.005342531
0.005229772
0.005197168
0.005228834
0.005100970
0.005199563
0.005273521
0.005194511
0.005122741
0.005167376
0.005183886
0.005205657
0.005216959
0.005180293
0.005185553
0.005167116
0.005285604
0.005143314
0.005133209
0.005257949
0.005197689
0.005254771
0.005129563
0.005242584
0.005243574
0.005193782
0.005196490
0.005132688
0.005316438
0.005213314
0.005199355
0.005158158
0.005159512
0.005188991
0.005130240
0.005169824
0.005137585
0.005110605
0.005194042
0.005296074
0.005222584
0.005170241
0.005128314
0.005211543
0.005219147
0.005223417
0.005100450
0.005125345
0.005212428
0.005216543
0.005218574
0.005166752
0.005238678
0.005151856
0.005201699
0.005180241
0.005114928
0.005193627
0.005196282
0.005180084
0.005218939
0.005170502
0.005157116
0.005161960
0.005320657
0.005172116
0.005129564
0.005212585
0.005284199
0.005153678
0.005151231
0.005130970
0.005277064
0.005215814
0.005202793
0.005137793
0.005190345
0.005150345
0.005349095
0.005158053
0.005117689
0.005159564
0.005196491
0.005175032
0.005155814
0.005102012
0.005266074
0.005159408
0.005192325
0.005195033
0.005107481
0.005181439
0.005337845
0.005253887
0.005176283
0.005142169
0.005192637
0.005206543
0.005199304
0.005121596
0.005114252
0.005326699
0.005177220
0.005194199
0.005192012
0.005157690
0.005265293
0.005166700
0.005225449
0.005198210
0.005231439
0.005256438
0.005162689
0.005177741
0.005130762
0.005156855
0.005169200
0.005302741
0.005156908
0.005231960
0.005197532
0.005220449
0.005198054
0.005178627
0.005130710
0.005160814
0.005210762
0.005201855
0.005291855
0.005191179
0.005214564
0.005274928
0.005198626
0.005178939
0.005139825
0.005331959
0.005196751
0.005233157
0.005270606
0.005129565
0.005188314
0.005146908
0.005167533
0.005271699
0.005169773
0.005213835
0.005264408
0.005102533
0.005296439
0.005200241
0.005318366
0.005230189
0.005140710
0.005180501
0.005170762
0.005315449
0.005273210
0.005073003
0.005146127
0.005211127
0.005241283
0.005230189
0.005126908
0.005255658
0.005161231
0.005187429
0.005122741
0.005136492
0.005172481
0.005214564
0.005193992
0.005098575
0.005143471
0.005270658
0.005329824
0.005227325
0.005196439
0.005183262
0.005165398
0.005177377
0.005159564
0.005142169
0.005157013
0.005178679
0.005200346
0.005199929
0.005155867
0.005343470
0.005176856
0.005315606
0.005147325
0.005155190
0.005305606
0.005234095
0.005165919
0.005131127
0.005123783
0.005201752
0.005303939
0.005166648
0.005160971
0.005198575
0.005302273
0.005206596
0.005234200
0.005133314
0.005257533
0.005169408
0.005251231
0.005198002
0.005105502
0.005212169
0.005174512
0.005170398
0.005226335
0.005177012
0.005222012
0.005206596
0.005173002
0.005279981
0.005097012
0.005189460
0.005181387
0.005225242
0.005086804
0.005175033
0.005188002
0.005209044
0.005271596
0.005177064
0.005196387
0.005184564
0.005179305
0.005167013
0.005159461
0.005345085
0.005218471
0.005168054
0.005192690
0.005232741
0.005301075
0.005290658
0.005272794
0.005099461
0.005122482
0.005160971
0.005176128
0.005170555
0.005158159
0.005200919
0.005146127
0.005181648
0.005232064
0.005146023
0.005235659
0.005228106
0.005169357
0.005161961
0.005126231
0.005210242
0.005197116
0.005317585
0.005167065
0.005149305
0.005286700
0.005219200
0.005209773
0.005172742
0.005187846
0.005235450
0.005235711
0.005210034
0.005171492
0.005159408
0.005195346
0.005200503
0.005197794
0.005118419
0.005188731
0.005196024
0.005213055
0.005174982
0.005117638
0.005341596
0.005238523
0.005205919
0.005258002
0.005128002
0.005212742
0.005227065
0.005209200
0.005247169
0.005112638
0.005231804
0.005243627
0.005181387
0.005238783
0.005184148
0.005187847
0.005325658
0.005186544
0.005262065
0.005219617
0.005204565
0.005339408
