0.004691028
0.004736705
0.004663945
0.004654518
0.004669726
0.004674153
0.004749153
0.004649727
0.004737850
0.004677798
0.004678215
0.004755507
0.004808268
0.004670142
0.004760247
0.004786757
0.004704518
0.004709674
0.004678424
0.004647383
0.004641810
0.004705819
0.004791913
0.004744830
0.004658216
0.004645663
0.004744049
0.004666080
0.004716861
0.004769257
0.004693007
0.004815455
0.004665351
0.004740923
0.004671184
0.004656861
0.004663320
0.004676445
0.004660872
0.004656497
0.004659934
0.004652382
0.004612590
0.004737486
0.004653268
0.004675715
0.004657383
0.004644310
0.004652070
0.004640247
0.004767591
0.004618528
0.004729257
0.004654779
0.004662799
0.004666549
0.004781913
0.004666080
0.004671653
0.004752590
0.004739518
0.004640455
0.004664257
0.004653997
0.004784621
0.004715976
0.004664779
0.004693893
0.004655716
0.004659882
0.004771496
0.004657122
0.004650091
0.004635768
0.004738788
0.004756549
0.004680247
0.004674882
0.004754517
0.004778893
0.004746080
0.004674310
0.004602279
0.004651862
0.004723892
0.004713059
0.004705351
0.004639257
0.004673528
0.004642174
0.004695715
0.004677069
0.004689726
0.004670559
0.004707590
0.004741340
0.004693059
0.004702174
0.004789100
0.004672695
0.004730768
0.004715351
0.004645716
0.004736236
0.004743423
0.004762955
0.004814881
0.004647955
0.004677747
0.004666861
0.004758997
0.004667278
0.004617174
0.004647746
0.004767798
0.004746809
0.004791288
0.004648371
0.004684673
0.004684101
0.004696445
0.004673580
0.004652279
0.004636705
0.004654413
0.004753006
0.004781808
0.004654257
0.004624257
0.004634570
0.004682642
0.004652642
0.004732486
0.004733892
0.004756444
0.004691028
0.004658111
0.004637070
0.004672695
0.004634154
0.004767643
0.004720872
0.004738684
0.004752695
0.004659882
0.004663580
0.004632382
0.004740559
0.004680195
0.004752434
0.004699935
0.004728372
0.004665299
0.004640403
0.004756132
0.004654309
0.004620560
0.004625768
0.004771600
0.004740663
0.004727017
0.004746236
0.004659205
0.004660195
0.004765142
0.004746288
0.004669986
0.004620038
0.004771184
0.004690143
0.004651965
0.004672121
0.004655351
0.004674622
0.004745090
0.004645612
0.004696705
0.004679674
0.004617174
0.004670767
0.004644830
0.004662382
0.004778788
0.004726809
0.004636393
0.004798788
0.004757642
0.004794986
0.004761914
0.004663007
0.004647278
0.004681601
0.004786184
0.004624726
0.004655142
0.004725611
0.004723944
0.004681497
0.004679257
0.004724048
0.004671028
0.004713945
0.004652330
0.004654569
0.004737225
0.004694465
0.004752538
0.004678424
0.004651080
0.004746340
0.004683788
0.004643267
0.004677955
0.004771652
0.004679778
0.004661966
0.004689674
0.004737850
0.004741340
0.004721028
0.004775611
0.004656757
0.004763840
0.004763840
0.004735559
0.004690767
0.004742070
0.004640820
0.004673111
0.004737070
0.004818944
0.004758059
0.004664413
0.004681810
0.004681809
0.004698163
0.004663789
0.004675455
0.004755872
0.004667799
0.004664777
0.004681965
0.004748059
0.004736965
0.004630820
0.004671653
0.004791340
0.004800142
0.004660663
0.004714570
0.004679934
0.004647434
0.004669517
0.004673840
0.004661913
0.004645038
0.004609986
0.004613476
0.004693528
0.004735872
0.004764101
0.004703007
0.004682747
0.004668216
0.004682747
0.004780559
0.004669882
0.004670819
0.004638892
0.004655246
0.004686497
0.004649882
0.004771288
0.004782330
0.004765924
0.004759205
0.004665454
0.004649309
0.004654049
0.004695143
0.004702851
0.004725767
0.004721028
0.004717955
0.004674987
0.004619622
0.004781444
0.004682070
0.004655924
0.004737121
0.004708788
0.004655716
0.004794621
0.004719256
0.004669570
0.004677643
0.004642018
0.004661132
0.004658580
0.004698423
0.004766861
0.004777954
0.004665039
0.004645247
0.004658267
0.004661913
0.004667538
0.004637903
0.004655143
0.004682642
0.004726757
0.004745976
0.004598685
0.004672486
0.004727278
0.004697642
0.004676288
0.004676965
0.004665454
0.004752747
0.004794309
0.004758579
0.004758892
0.004685715
0.004702695
0.004654309
0.004679830
0.004763162
0.004619049
0.004644518
0.004774777
0.004695038
0.004658528
0.004693267
0.004756444
0.004654777
0.004699361
0.004775194
0.004792537
0.004740819
0.004723632
0.004669778
0.004680975
0.004718215
0.004680924
0.004665090
0.004626601
0.004697069
0.004744882
0.004794256
0.004725924
0.004716496
0.004654153
0.004735871
0.004716757
0.004651289
0.004601236
0.004671913
0.004662538
0.004791965
0.004664465
0.004651601
0.004801027
0.004811132
0.004764049
0.004763684
0.004725924
0.004688684
0.004633163
0.004659986
0.004694100
0.004640195
0.004653580
0.004631028
0.004632903
0.004720715
0.004655246
0.004713216
0.004667069
0.004683632
0.004649621
0.004633789
0.004645142
0.004646132
0.004685038
0.004724725
0.004723110
0.004672903
0.004722850
0.004687538
0.004639673
0.004667746
0.004715871
0.004743996
0.004631965
0.004654257
0.004638111
0.004652851
0.004649309
0.004762486
0.004639517
0.004639674
0.004782069
0.004695559
0.004665194
0.004649048
0.004654882
0.004662746
0.004647434
0.004643528
0.004662747
0.004703736
0.004650454
0.004682747
0.004690350
0.004692902
0.004694205
0.004679726
0.004696965
0.004698527
0.004672277
0.004675091
0.004660246
0.004681549
0.004669152
0.004674517
0.004679830
0.004654153
0.004723371
0.004715247
0.004611810
0.004650455
0.004654673
0.004686393
0.004649622
0.005051807
0.004688058
0.004628163
0.004752382
0.004691236
0.004658111
0.004664725
0.004630975
0.004642590
0.004639882
0.004656497
0.004673268
0.004671341
0.004727851
0.004765298
0.004671757
0.004667695
0.004670195
0.004715611
0.004679569
0.004777798
0.004663163
0.004634621
0.004612330
0.004692330
0.004663683
0.004670872
0.004769309
0.004682017
0.004707902
0.004714569
0.004644778
0.004794465
0.004669465
0.004609726
0.004610820
0.004768475
0.004719673
0.004674725
0.004635455
0.004660716
0.004675090
0.004793944
0.004660142
0.004665351
0.004752225
0.004677069
0.004645507
0.004669361
0.004757486
0.004656444
0.004672851
0.004712695
0.004784205
0.004737850
0.004674829
0.004782225
0.004726861
0.004717278
0.004792173
0.004682590
0.004673579
0.004660194
0.004762538
0.004751184
0.004733684
0.004787850
0.004728007
0.004795193
0.004698320
0.004763423
0.004760871
0.004660142
0.004688840
0.004757590
0.004722798
0.004700559
0.004674465
0.004645299
0.004675038
0.004734517
0.004745923
0.004728632
0.004731496
0.004616392
0.004657069
0.004761028
0.004708476
0.004647017
0.004789308
0.004644778
0.004635611
0.004679048
0.004710038
0.004642798
0.004654986
0.004670194
0.004715194
0.004636028
0.004804465
0.004685610
0.004755350
0.004646965
0.004689726
0.004687226
0.004672694
0.004674465
0.004635455
0.004667434
0.004646809
0.004792746
0.004717226
0.004630506
0.004678423
0.004670611
0.004630299
0.004655715
0.004639361
0.004635246
0.004751444
0.004830871
0.004664777
0.004674205
0.004664413
0.004664830
0.004661809
0.004631809
0.004702590
0.004728371
0.004786705
0.004723215
0.004721028
0.004675559
0.004651653
0.004739986
0.004787798
0.004714777
0.004795870
0.004687902
0.004741183
0.004735663
0.004670194
0.004721288
0.004734933
0.004673267
0.004661080
0.004692486
0.004653631
0.004734257
0.004787746
0.004688788
0.004665298
0.004684881
0.004705298
0.004703267
0.004701861
0.004671496
0.004672850
0.004669882
0.004818059
0.004662382
0.004771861
0.004733423
0.004702642
0.004640924
0.004660715
0.004683267
0.004776444
0.004675715
0.004697433
0.004712850
0.004625767
0.004640715
0.004638684
0.004657382
0.004666965
0.004756028
0.004659257
0.004639725
0.004692329
0.004729101
0.004649986
0.004728996
0.004663372
0.004750403
0.004684673
0.004683527
0.004677382
0.004636028
0.004739413
0.004735350
0.004759621
0.004737225
0.004704204
0.004643736
0.004726600
0.004802277
0.004697486
0.004652642
0.004700403
0.004687798
0.004686705
0.004651965
0.004656965
0.004676131
0.004641392
0.004779100
0.004767902
0.004739204
0.004714413
0.004650455
0.004632798
0.004777746
0.004683423
0.004663684
0.004754257
0.004619256
0.004700403
0.004695246
0.004688007
0.004672174
0.004645090
0.004679256
0.004666235
0.004719517
0.004635611
0.004701548
0.004755142
0.004794152
0.004674726
0.004734412
0.004679413
0.004682434
0.004673735
0.004688267
0.004693215
0.004687590
0.004795714
0.004713058
0.004762017
0.004695350
0.004695663
0.004683475
0.004690351
0.004645142
0.004662590
0.004751600
0.004738683
0.004710089
0.004657225
0.004647590
0.004703892
0.004695507
0.004688684
0.004658215
0.004636027
0.004795506
0.004774986
0.004676704
0.004675246
0.004678162
0.004652538
0.004742641
0.004707277
0.004726652
0.004719100
0.004850767
0.004638580
0.004772642
0.004756444
0.004660351
0.004639830
0.004683319
0.004688996
0.004673580
0.004604205
0.004662902
0.004729777
0.004772589
0.004653215
0.004643371
0.004767486
0.004648736
0.004659985
0.004855245
0.004644413
0.004659673
0.004728944
0.004732277
0.004747382
0.004673892
0.004649881
0.004650611
0.004661340
0.004695037
0.004698996
0.004645402
0.004681392
0.004671392
0.004679048
0.004690454
0.004665507
0.004656653
0.004645403
0.004659309
0.004740350
0.004742954
0.004624465
0.004688892
0.004783423
0.004641601
0.004650506
0.004685611
0.004641288
0.004622225
0.004667902
0.004694413
0.004663840
0.004752069
0.004650142
0.004623684
0.004680142
0.004620090
0.004667225
0.004659257
0.004810350
0.004699673
0.004658059
0.004688007
0.004774256
0.004655454
0.004661808
0.004664829
0.004641340
0.004702902
0.004641860
0.004649204
0.004772850
0.004664986
0.004686288
0.004659673
0.004697329
0.004710454
0.004643632
0.004647799
0.004707069
0.004736443
0.004714517
0.004701652
0.004651027
0.004737954
0.004679986
0.004663475
0.004629829
0.004673788
0.004639673
0.004655402
0.004652278
0.004718579
0.004714465
0.004768110
0.004777954
0.004767069
0.004773527
0.004616236
0.004666913
0.004672381
0.004697538
0.004643059
0.004672902
0.004803579
0.004727902
0.004689308
0.004635246
0.004719413
0.004670663
0.004715246
0.004769673
0.004739100
0.004744048
0.004639048
0.004627070
0.004665714
0.004709361
0.004654569
0.004693007
0.004702121
0.004650558
0.004656236
0.004650611
0.004673996
0.004674465
0.004616965
0.004691288
0.004715767
0.004674256
0.004668423
0.004758736
0.004731184
0.004680663
0.004666444
0.004667174
0.004668579
0.004649725
0.004665663
0.004748162
0.004684986
0.004659361
0.004735871
0.004736184
0.004725402
0.004683111
0.004622069
0.004627798
0.004610090
0.004683892
0.004758058
0.004643319
0.004641808
0.004657017
0.004699829
0.004656861
0.004695923
0.004657121
0.004725610
0.004695611
0.004723267
0.004731027
0.004676496
0.004638476
0.004723318
0.004677486
0.004730089
0.004680975
0.004685298
0.004681288
0.004687902
0.004708736
0.004698111
0.004673163
0.004669725
0.004691131
0.004793735
0.004642017
0.004793215
0.004756339
0.004687069
0.004707589
0.004712798
0.004724309
0.004674204
0.004725090
0.004621027
0.004649517
0.004685038
0.004744881
0.004654048
0.004664152
0.004727225
0.004746808
0.004737121
0.004786756
0.004630975
0.004758110
0.004719829
0.004698266
0.004651287
0.004676496
0.004675663
0.004638319
0.004761079
0.004661965
0.004758735
0.004672069
0.004683944
0.004654673
0.004647173
0.004694777
0.004675611
0.004665871
0.004645142
0.004762538
0.004774933
0.004657746
0.004679621
0.004658892
0.004699256
0.004752694
0.004664308
0.004710923
0.004663996
0.004727589
0.004682746
0.004685975
0.004732485
0.004819725
0.004811443
0.004672538
0.004673110
0.004657902
0.004662642
0.004658580
0.004642434
0.004682694
0.004731183
0.004760454
0.004713788
0.004759725
0.004655767
0.004687277
0.004687225
0.004632486
0.004707016
0.004752329
0.004716913
0.004692121
0.004668423
0.004696027
0.004688058
0.004691080
0.004630507
0.004695923
0.004667486
0.004670298
0.004650454
0.004804360
0.004656965
0.004721288
0.004689204
0.004638006
0.004674413
0.004723162
0.004688892
0.004656652
0.004870297
0.004698996
0.004678058
0.004674725
0.004684516
0.004749933
0.004707538
0.004663579
0.004727121
0.004719516
0.004674465
0.004643944
0.004650298
0.004661965
0.004683631
0.004644673
0.004675558
0.004642746
0.004655090
0.004710819
0.004660351
0.004666965
0.004659830
0.004650975
0.004666131
0.004742902
0.004711705
0.004733527
0.004709933
0.004697277
0.004689725
