0.005589977
0.005526696
0.005528779
0.005577738
0.005561487
0.005714456
0.005640966
0.005588935
0.005576123
0.005539717
0.005763987
0.005533779
0.005521956
0.005555550
0.005582738
0.005527998
0.005549144
0.005535030
0.005549405
0.005567998
0.005568727
0.005577790
0.005505238
0.005612217
0.005546592
0.005535707
0.005526331
0.005644039
0.005542374
0.005522425
0.005530550
0.005545863
0.005555551
0.005543728
0.005543206
0.005663311
0.005552061
0.005556384
0.005727060
0.005686799
0.005581071
0.005538259
0.005566279
0.005573675
0.005563311
0.005671539
0.005666956
0.005663622
0.005725393
0.005570966
0.005528623
0.005538571
0.005538363
0.005542165
0.005485133
0.005533154
0.005569664
0.005584977
0.005499822
0.005559301
0.005690550
0.005554977
0.005565810
0.005570602
0.005520498
0.005635342
0.005646227
0.005596070
0.005561019
0.005714352
0.005540134
0.005602008
0.005488884
0.005525394
0.005545029
0.005556904
0.005684091
0.005557426
0.005555186
0.005529144
0.005742841
0.005545081
0.005552164
0.005533103
0.005577060
0.005532634
0.005725706
0.005677268
0.005752164
0.005526227
0.005572164
0.005587373
0.005598363
0.005544560
0.005547634
0.005510499
0.005686487
0.005549508
0.005564404
0.005654299
0.005560759
0.005559925
0.005550706
0.005520655
0.005661591
0.005588935
0.005696227
0.005652842
0.005685341
0.005717581
0.005553624
0.005490186
0.005563415
0.005562738
0.005502009
0.005846747
0.005660237
0.005708415
0.005722841
0.005559769
0.005591123
0.005608363
0.005567425
0.005556487
0.005530446
0.005535446
0.005521852
0.005581696
0.005623415
0.005699039
0.005646748
0.005552426
0.005612164
0.005551280
0.005561487
0.005522686
0.005542217
0.005590810
0.005539560
0.005714716
0.005572008
0.005503154
0.005583987
0.005679873
0.005720185
0.005568102
0.005542269
0.005576383
0.005725654
0.005518259
0.005547008
0.005646956
0.005751748
0.005524926
0.005564248
0.005607425
0.005647685
0.005719456
0.005561852
0.005694352
0.005681226
0.005584821
0.005532373
0.005510081
0.005548884
0.005575498
0.005695914
0.005630706
0.005590342
0.005518207
0.005649247
0.005514353
0.005534457
0.005538623
0.005599456
0.005588415
0.005516019
0.005679977
0.005569508
0.005587998
0.005579300
0.005576175
0.005578466
0.005553051
0.005571539
0.005546904
0.005570602
0.005530961
0.005587784
0.005583356
0.005528200
0.005519399
0.005549086
0.005546377
0.005677471
0.005680283
0.005736585
0.005518044
0.005558148
0.005530753
0.005689866
0.005537159
0.005575752
0.005570961
0.005598565
0.005524034
0.005659658
0.005671741
0.005692731
0.005647471
0.005577471
0.005520336
0.005629293
0.005536690
0.005610909
0.005517211
0.005644242
0.005621377
0.005516899
0.005742835
0.005697002
0.005701898
0.005661272
0.005537420
0.005580596
0.005576273
0.005703252
0.005642522
0.005578565
0.005518148
0.005656637
0.005584398
0.005530805
0.005553201
0.005575128
0.005554867
0.005541273
0.005542159
0.005577627
0.005562314
0.005630440
0.005605179
0.005654137
0.005707991
0.005696897
0.005596950
0.005655387
0.005636534
0.005483514
0.005547211
0.005773929
0.005550388
0.005594659
0.005554451
0.005715804
0.005576534
0.005670752
0.005695648
0.005663773
0.005596794
0.005530596
0.005556065
0.005563617
0.005510805
0.005584555
0.005614606
0.005571898
0.005569086
0.005746220
0.005585544
0.005533201
0.005596637
0.005718877
0.005508305
0.005802158
0.005689710
0.005687783
0.005704502
0.005638721
0.005669710
0.005681273
0.005613513
0.005579450
0.005561326
0.005583826
0.005530805
0.005560700
0.005550388
0.005573981
0.005534919
0.005498514
0.005774501
0.005704554
0.005546169
0.005653044
0.005544190
0.005537731
0.005591064
0.005549555
0.005529711
0.005508201
0.005659085
0.005595492
0.005505492
0.005661793
0.005518826
0.005523305
0.005522628
0.005517524
0.005599971
0.005582576
0.005731481
0.005716116
0.005680595
0.005668616
0.005555388
0.005573670
0.005521013
0.005536690
0.005568253
0.005686897
0.005546273
0.005666221
0.005602054
0.005556377
0.005576899
0.005625335
0.005542002
0.005520232
0.005531638
0.005594398
0.005619034
0.005569711
0.005538409
0.005570700
0.005531482
0.005574347
0.005590961
0.005519711
0.005511430
0.005579815
0.005541690
0.005560336
0.005559554
0.005548044
0.005565596
0.005559815
0.005508774
0.005553513
0.005747367
0.005543253
0.005571847
0.005552003
0.005515076
0.005779241
0.005516534
0.005582003
0.005665596
0.005563200
0.005577054
0.005604346
0.005601533
0.005561222
0.005551326
0.005561325
0.005534816
0.005556013
0.005547732
0.005565961
0.005525440
0.005480493
0.005535179
0.005578721
0.005669763
0.005648409
0.005695075
0.005566377
0.005597628
0.005681534
0.005570857
0.005708044
0.005648617
0.005546639
0.005558461
0.005495596
0.005564138
0.005581847
0.005514659
0.005508149
0.005736585
0.005608201
0.005578669
0.005562159
0.005579190
0.005556586
0.005511065
0.005568826
0.005553722
0.005568930
0.005692106
0.005552211
0.005552055
0.005537992
0.005531742
0.005552211
0.005538201
0.005561482
0.005572211
0.005631846
0.005575597
0.005706064
0.005536795
0.005559607
0.005605805
0.005579502
0.005525544
0.005700700
0.005567940
0.005502889
0.005553617
0.005555180
0.005610335
0.005535388
0.005676273
0.005506742
0.005514919
0.005520700
0.005642940
0.005560180
0.005562836
0.005580649
0.005541951
0.005486379
0.005530857
0.005651430
0.005602524
0.005533409
0.005553044
0.005570128
0.005554972
0.005578097
0.005515753
0.005563357
0.005590961
0.005674346
0.005676429
0.005579503
0.005604503
0.005718096
0.005589451
0.005699763
0.005569503
0.005746220
0.005551690
0.005539347
0.005530284
0.005594503
0.005743304
0.005722783
0.005708565
0.005686116
0.005686742
0.005755126
0.005587888
0.005577680
0.005511743
0.005664711
0.005694033
0.005580961
0.005538982
0.005575388
0.005564295
0.005536066
0.005563305
0.005533722
0.005522837
0.005541690
0.005578617
0.005625700
0.005549868
0.005554972
0.005754502
0.005707054
0.005562993
0.005564867
0.005576951
0.005551430
0.005573618
0.005565336
0.005550076
0.005669815
0.005591899
0.005535545
0.005566274
0.005540857
0.005559971
0.005700909
0.005684502
0.005594816
0.005499815
0.005698252
0.005556430
0.005632575
0.005580752
0.005595857
0.005573669
0.005532211
0.005674294
0.005657263
0.005520910
0.005527056
0.005552264
0.005590180
0.005553982
0.005518930
0.005532263
0.005578149
0.005666690
0.005652992
0.005552263
0.005573514
0.005525128
0.005502681
0.005575284
0.005619815
0.005547680
0.005583097
0.005605753
0.005667106
0.005650127
0.005535806
0.005549971
0.005630232
0.005582471
0.005567732
0.005527055
0.005695127
0.005561638
0.005661794
0.005615336
0.005591065
0.005580180
0.005719346
0.005538878
0.005682315
0.005681169
0.005522889
0.005593565
0.005694189
0.005740492
0.005669658
0.005573877
0.005565805
0.005672836
0.005558461
0.005545701
0.005562524
0.005578358
0.005546691
0.005541483
0.005567055
0.005551794
0.005553201
0.005615388
0.005536899
0.005568201
0.005637627
0.005564503
0.005583721
0.005507680
0.005704867
0.005541639
0.005743460
0.005590961
0.005698564
0.005598930
0.005536846
0.005530024
0.005559087
0.005528305
0.005580961
0.005520961
0.005562680
0.005611169
0.005727575
0.005595180
0.005740595
0.005576534
0.005665335
0.005569764
0.005532993
0.005739867
0.005579867
0.005676586
0.005609763
0.005578774
0.005599138
0.005677836
0.005645492
0.005677732
0.005526326
0.005546482
0.005515076
0.005579190
0.005571898
0.005568461
0.005508618
0.005532055
0.005574659
0.005559451
0.005557472
0.005566898
0.005736116
0.005511170
0.005532889
0.005536483
0.005517524
0.005576586
0.005641014
0.005678721
0.005566586
0.005552628
0.005526587
0.005583253
0.005629867
0.005565492
0.005576691
0.005560545
0.005699399
0.005690805
0.005580597
0.005573774
0.005632836
0.005604867
0.005737679
0.005564659
0.005610492
0.005553409
0.005576170
0.005583462
0.005515753
0.005545597
0.005549139
0.005602940
0.005571221
0.005588566
0.005607211
0.005581014
0.005555961
0.005600545
0.005679294
0.005539451
0.005588670
0.005594815
0.005545805
0.005529868
0.005538774
0.005570753
0.005575440
0.005566274
0.005565649
0.005719971
0.005532003
0.005525180
0.005558722
0.005601951
0.005603565
0.005764919
0.005635597
0.005698721
0.005545597
0.005572785
0.005548097
0.005604816
0.005550806
0.005524347
0.005614816
0.005560076
0.005693617
0.005648096
0.005598669
0.005529608
0.005536014
0.005522733
0.005543357
0.005531535
0.005576847
0.005600649
0.005533097
0.005518097
0.005639242
0.005667211
0.005550701
0.005530702
0.005593669
0.005583774
0.005527941
0.005522680
0.005652054
0.005697419
0.005568357
0.005585336
0.005580961
0.005550128
0.005594815
0.005646221
0.005734086
0.005656013
0.005589919
0.005532420
0.005717315
0.005520389
0.005599712
0.005508566
0.005526378
0.005625388
0.005520285
0.005541534
0.005606222
0.005562472
0.005570597
0.005689606
0.005573410
0.005570441
0.005523566
0.005563982
0.005689190
0.005545129
0.005703878
0.005573149
0.005550545
0.005510910
0.005551170
0.005539920
0.005591482
0.005504712
0.005582888
0.005532159
0.005529503
0.005534608
0.005742159
0.005552316
0.005541535
0.005528306
0.005589243
0.005645909
0.005695127
0.005634815
0.005508201
0.005531848
0.005538201
0.005586587
0.005534920
0.005520128
0.005628618
0.005660544
0.005558879
0.005558201
0.005590440
0.005596117
0.005619815
0.005705075
0.005547524
0.005540910
0.005717471
0.005561431
0.005513982
0.005679242
0.005587107
0.005627003
0.005520337
0.005587992
0.005565702
0.005671014
0.005605492
0.005639607
0.005697367
0.005707263
0.005574034
0.005583201
0.005556222
0.005540493
0.005562993
0.005565545
0.005583774
0.005545128
0.005578357
0.005563305
0.005558201
0.005580805
0.005531847
0.005730908
0.005557576
0.005592941
0.005518774
0.005523358
0.005594868
0.005527732
0.005499087
0.005694034
0.005534868
0.005572263
0.005534764
0.005556222
0.005595597
0.005543514
0.005606535
0.005562836
0.005597056
0.005533930
0.005561327
0.005551795
0.005525128
0.005686118
0.005730753
0.005591951
0.005598930
0.005544868
0.005565597
0.005554555
0.005580024
0.005580388
0.005561951
0.005606742
0.005723669
0.005768826
0.005563045
0.005791429
0.005521275
0.005552733
0.005547993
0.005597576
0.005551952
0.005547316
0.005684711
0.005634086
0.005577524
0.005557316
0.005533930
0.005592732
0.005517212
0.005536222
0.005631378
0.005592888
0.005565129
0.005548358
0.005519503
0.005568201
0.005516327
0.005570910
0.005601795
0.005522628
0.005542941
0.005523410
0.005531431
0.005529399
0.005533358
0.005601691
0.005478827
0.005529712
0.005509139
0.005550805
0.005613878
0.005530806
0.005733201
0.005608045
0.005557941
0.005610285
0.005749451
0.005706481
0.005682107
0.005696430
0.005560962
0.005667107
0.005698930
0.005565962
0.005569243
0.005588618
0.005507108
0.005579555
0.005527680
0.005705128
0.005518982
0.005669139
0.005641117
0.005554503
0.005580649
0.005557733
0.005557420
0.005553618
0.005543253
0.005545233
0.005629659
0.005597680
0.005683878
0.005690805
0.005541274
0.005706847
0.005735857
0.005558461
0.005618201
0.005667836
0.005571691
0.005552576
0.005558722
0.005682472
0.005639816
0.005562316
0.005629346
0.005558931
0.005522993
0.005516014
0.005650440
0.005645232
0.005579764
0.005533670
0.005546848
0.005525650
0.005543670
0.005537212
0.005504712
0.005559920
0.005586795
0.005543671
0.005534087
0.005556327
0.005590962
0.005529764
0.005583983
0.005642264
0.005659451
0.005705284
0.005565910
0.005585128
0.005528202
0.005592108
0.005539191
0.005534660
0.005579139
0.005620180
0.005540910
0.005628357
0.005602680
0.005654815
0.005682211
0.005730232
0.005756273
0.005657524
0.005596743
0.005591222
0.005757732
0.005542368
0.005528150
0.005670753
0.005631483
0.005614086
0.005548619
0.005560701
0.005552628
0.005506275
0.005518410
0.005732419
0.005539243
0.005575389
0.005533566
0.005555181
0.005564347
0.005559452
0.005503619
0.005585493
0.005603618
0.005627212
0.005561847
0.005585962
0.005583878
0.005520180
0.005548931
0.005584243
0.005524452
0.005562889
0.005546951
0.005542004
0.005550181
0.005546483
0.005561275
0.005668461
0.005694138
0.005662056
0.005670909
0.005568409
0.005543098
0.005594556
0.005695857
0.005532004
0.005534139
0.005554817
0.005683618
0.005691534
0.005637940
0.005642264
0.005775295
0.005883055
0.005979305
0.005789619
0.005893212
0.005917899
0.005752535
0.005800035
0.005774670
0.005706598
0.005706702
0.005919565
0.005807639
0.005852899
0.005800503
0.005732744
0.005754931
0.005697223
0.005946597
0.005766963
0.005783264
0.005760660
0.005752848
0.005888733
0.005765608
0.005784878
0.005711598
0.005799462
0.005745765
0.005742847
0.005694254
0.005734514
0.005695087
0.005780451
0.005901337
0.005789098
0.005896597
0.005749983
0.005927691
0.005744566
0.005751077
0.005798316
0.005780869
0.005721129
0.005819775
0.005720608
0.005691598
0.005726702
0.005860087
0.005754618
0.005759410
0.005818473
0.005714150
0.005718577
0.005682275
0.005885244
0.005742379
0.005740973
0.005698942
0.005829098
0.005783109
0.005853420
0.005746806
0.005749307
0.005930504
0.005730088
0.005691025
0.005750713
0.005774410
0.005866701
0.005756806
0.006026701
0.005758734
0.005721702
0.005769462
0.005853577
0.005735036
0.005748161
0.005805400
0.005687953
0.005865920
0.005802692
0.005717224
0.005795192
0.005786702
0.005930295
0.005939619
0.005740348
0.005689984
0.005715297
0.005878681
0.005839202
0.005788629
0.005702536
0.005884098
0.005862223
0.005782952
0.005759515
0.005756078
0.005836858
0.005714151
0.005791911
0.005691807
0.005868577
0.005853577
0.005773161
0.005853993
0.005718317
0.005883057
0.005713734
0.005887066
0.005758994
0.005793161
0.005793890
0.005726077
0.005761702
0.005709776
0.005737744
0.005849203
0.005770609
0.005878265
0.005754723
0.005723995
0.005714880
0.005855088
0.005899671
0.005785869
0.005824255
0.005728005
0.005789984
0.005750036
0.005786130
0.005708995
0.005733004
0.005716078
0.005858526
0.005735036
0.005775609
0.005880348
0.005732640
0.005761546
0.005832432
0.005836755
0.005802380
0.005881806
0.005704672
0.005668995
0.005752484
0.005936077
0.005704203
0.005723005
0.005833578
0.005852432
0.005699724
0.005741026
0.005898369
0.005733317
0.005753734
0.005731182
0.005823838
0.005718995
0.005745296
0.005828005
0.005758422
0.005736703
0.005842484
0.005849672
0.005756807
0.005730245
0.005732640
0.005914098
0.005716651
0.005772953
0.005873734
0.005776390
0.005749411
0.005754047
0.005730869
0.005865921
0.005849411
0.005790557
0.005745557
0.005794150
0.005753162
0.005830297
0.006001181
0.005737901
0.005859984
0.005755245
0.005734464
0.005840297
0.005755869
0.005700453
0.005769880
0.005704255
0.005729308
0.005784046
0.005892224
0.005759568
0.005765921
0.005736286
0.005790088
0.005708370
0.005794411
0.005725193
0.005883838
0.005778214
0.005750505
0.005819776
0.005743527
0.005766807
0.005724880
0.005721547
0.005768630
0.005792901
0.005770141
0.005832172
0.005767744
0.005770036
0.005807745
0.005748683
0.005849203
0.005733110
0.005708006
0.005785245
0.005826963
0.005737120
0.005748526
0.005762276
0.005703370
0.005752849
0.005733109
0.005868161
0.005934515
0.005874515
0.005783839
0.005831287
0.005760297
0.005750037
0.005715818
0.005784463
0.005685871
0.005735661
0.005767537
0.005732120
0.005738422
0.005737381
0.005688422
0.005867120
0.005752537
0.005760036
0.005935140
0.005771703
0.005744672
0.005823370
0.005723630
0.005724100
0.005842328
0.005879046
0.005798527
0.005892328
0.005837797
0.005805037
0.005833526
0.005838005
0.005766182
0.005729464
0.005919723
0.005913734
0.005741859
0.005702954
0.005847328
0.005820818
0.005755089
0.005744516
0.005684881
0.005742120
0.005730349
0.005837224
0.005715975
0.005757328
0.005859516
0.005729204
0.005880453
0.005885036
0.005740089
0.005736703
0.005787120
0.005762068
0.005899568
0.005849255
0.005809933
0.005768891
0.005903787
0.005856963
0.005760922
0.005717017
0.005701548
0.005867120
0.005738683
0.005745246
0.005791547
0.005739985
0.005889307
0.005679464
0.005866859
0.005912641
0.005728526
0.005786443
0.005749881
0.005868058
0.005735193
0.005676808
0.005731287
0.005730558
0.005753787
0.005847328
0.005780401
0.005879099
0.005830610
0.005772589
0.005834777
0.005748787
0.005713995
0.005831703
0.005801027
0.005853579
0.005746495
0.005724568
0.005739516
0.005734099
0.005743943
0.005808787
0.005729725
0.005864933
0.005677901
0.005748423
0.005839412
0.005734464
0.005704152
0.005868370
0.005691444
0.005731235
0.005760349
0.005913838
0.005729985
0.005838943
0.005744203
0.005874777
0.005696444
0.005798162
0.005795505
0.005776027
0.005720350
0.005856704
0.005731183
0.005794308
0.005785089
0.005754620
0.005707954
0.005763006
0.005858631
0.005727537
0.005824047
0.005756392
0.005917849
0.005746287
0.005926287
0.005829308
0.005908943
0.005859828
0.005729673
0.005891756
0.005734048
0.005753214
0.005851183
0.005750246
0.005707641
0.005780454
0.005748735
0.005752485
0.005724152
0.005942277
0.005819985
0.005752433
0.005783319
0.005908162
0.005745663
0.005841808
0.005762276
0.005754412
0.005916495
0.005753474
0.005859673
0.005717017
0.005916027
0.005755402
0.005898891
0.005753058
0.005772954
0.005696236
0.005910714
0.005730818
0.005768995
0.005868944
0.005818736
0.005742017
0.005828943
0.005778475
0.005810818
0.005969308
0.005760037
0.005742954
0.005800610
0.005786079
0.005718370
0.005760558
0.005741444
0.005867329
0.005787954
0.005795767
0.005754724
0.005865870
0.005715871
0.005746964
0.005742902
0.005887016
0.005804256
0.006014516
0.005747381
0.005862589
0.005711287
0.005910349
0.005848631
0.005797590
0.005723423
0.005716236
0.005786913
0.005695611
0.005694465
0.005726288
0.005747902
0.005896756
0.005702538
0.005870038
0.005667694
0.005731548
0.005872642
0.005780819
0.005775923
0.005887016
0.005813527
0.005722954
0.005824829
0.005718423
0.005783058
0.005897485
0.005716808
0.005727277
0.005910037
0.005739517
0.005848735
0.005806912
0.005914047
0.005864985
0.005723632
0.005897850
0.005745611
0.005935089
0.005762120
0.005770350
0.005860245
0.005946495
0.005705090
0.005739361
0.005734413
0.005762381
0.005843423
0.005741183
0.005756131
0.005853267
0.005735194
0.005821131
0.005733475
0.005908370
0.005882433
0.005794985
0.005837434
0.005757589
0.005726392
0.005740662
0.005888892
0.005723527
0.005918162
0.005730610
0.005723788
0.005908787
0.005762329
0.005775246
0.005853475
0.005871131
0.005746496
0.005890819
0.005899048
0.005747694
0.005745454
0.005777902
0.005732851
0.005919725
0.005695246
0.005725819
0.005767173
0.006050037
0.005901964
0.005847381
0.005668631
0.005863683
0.005859673
0.005783528
0.005888735
0.005727694
0.005719048
0.005932016
0.005715455
0.005785246
0.005803058
0.005896392
0.005714985
0.005713267
0.005793579
0.005851080
0.005714152
0.005754205
0.005739985
0.005711444
0.005740611
0.005739882
0.005820037
0.005701861
0.005781392
0.005908371
0.005814361
0.005690976
0.005747850
0.005722121
0.005784100
0.005788371
0.005765402
0.005847016
0.005897277
0.005769204
0.005835142
0.005925922
0.005723736
0.005907277
0.005691392
0.005869673
0.005860038
0.005686184
0.005702590
0.005748423
0.005755142
0.005711809
0.005866027
0.005724933
0.005923267
0.005726757
0.005795194
0.005737694
0.005701965
0.005830871
0.005814881
0.005723267
0.005849256
0.005799986
0.005829517
0.005738058
0.005872277
0.005756757
0.005840245
0.005713580
0.005766392
0.005831027
0.005767850
0.005888215
0.005719934
0.005729205
0.005732851
0.005786704
0.005844048
0.005767642
0.005818788
0.005689517
0.005882069
0.005722642
0.005749986
0.005752069
0.005842902
0.005858163
0.005810507
0.005859361
0.005778475
0.005764621
0.005929569
0.005753162
0.005883996
0.005711236
0.005890402
0.005858423
0.005737329
0.005919621
0.005887225
0.005799986
0.005782329
0.005881913
0.005713580
0.005797590
0.005813059
0.005673892
0.005736704
0.005794153
0.005895923
0.005722695
0.005771861
0.005786235
0.005842486
0.005840715
0.005833787
0.005862746
0.005713580
0.005775507
0.005861913
0.005723684
0.005898059
0.005740767
0.005652225
0.005920038
0.005759100
0.005905350
0.005742955
0.005852433
0.005816496
0.005741913
0.005736236
0.005752486
0.005865924
0.005871080
0.005852226
0.005754986
0.005858058
0.005759309
0.005788736
0.005823788
0.005704778
0.005918267
0.005743631
0.005752486
0.005947068
0.005799830
0.005837017
0.005846236
0.005738684
0.005740871
0.005907225
0.005949568
0.005749621
0.005921079
0.005752903
0.005762746
0.005755819
0.005772070
0.005743580
0.005775402
0.005781496
0.005784830
0.005757747
0.005798111
0.005852694
0.005904777
0.005807642
0.005726444
0.005755507
0.005888006
0.005848944
0.005722381
0.005892121
0.005765819
0.005749570
0.005729934
0.005799673
0.005710976
0.005757694
0.005885923
0.005768163
0.005723423
0.005697902
0.005868163
0.005907277
0.005701914
0.005763944
0.005786028
0.005756496
0.005899257
0.005715559
0.005945611
0.005759778
0.005879986
0.005774986
0.005848267
0.005742434
0.005701861
0.005853163
0.005748215
0.005723268
0.005736236
0.005761079
0.005796236
0.005871340
0.005863839
0.005739830
0.005709517
0.005762226
0.005736861
0.005737070
0.005730976
0.005745298
0.005885923
0.005755820
0.005764674
0.005836340
0.005934673
0.005728111
0.005752121
0.005759257
0.005868111
0.005752278
0.005900350
0.005757382
0.005719674
0.005882433
0.005814152
0.005728216
0.005780767
0.005843997
0.005872695
0.005710767
0.005805038
0.005777486
0.005826548
0.005735872
0.005697226
0.005860663
0.005751600
0.005888475
0.005750664
0.005697746
0.005790715
0.005790351
0.005735611
0.005752330
0.005739622
0.005777225
0.005741810
0.005762278
0.005693841
0.005673372
0.005854622
0.005741965
0.005745903
0.005910851
0.005772622
0.005834601
0.005871476
0.005696633
0.005830695
0.005877986
0.005767779
0.005800487
0.005865590
0.005916059
0.005950486
0.005758143
0.005942882
0.005717466
0.005749654
0.005714394
0.005727675
0.005888194
0.005705436
0.005956840
0.005849445
0.005755331
0.005830226
0.005679498
0.005726373
0.005901736
0.005866268
0.005704029
0.005760123
0.005731425
0.005727936
0.005821946
0.005743821
0.005941268
0.005729081
0.005802623
0.005750644
0.005727727
0.005679342
0.005742988
0.005689915
0.005782623
0.005821373
0.005723092
0.005950695
0.005804446
0.005758405
0.005734967
0.005847049
0.005798144
0.005753300
0.005766894
0.005900643
0.005765383
0.005758248
0.005753405
0.005784394
0.005821686
0.005748769
0.005757572
0.005725957
0.005946632
0.005734134
0.005786894
0.005778509
0.005726686
0.005763977
0.005749603
0.005778092
0.005756686
0.005794811
0.005944185
0.005900279
0.005862831
0.005837675
0.005766947
0.005725749
0.005742311
0.005916946
0.005695906
0.005815956
0.005756166
0.005887258
0.005717989
0.005776218
0.005728718
0.005879394
0.005880905
0.005718718
0.005819030
0.005713405
0.005760905
0.005698093
0.005741322
0.005919863
0.005744707
0.005741791
0.005871582
0.005798093
0.005937988
0.005741947
0.005926582
0.005772989
0.005769134
0.005745177
0.005770593
0.005847571
0.005695697
0.005747416
0.005770021
0.005919707
0.005735124
0.005770385
0.005835073
0.005863926
0.005805645
0.005915333
0.005820124
0.005830489
0.005762729
0.005864603
0.005771374
0.005802572
0.005850958
0.005742677
0.005784447
0.005793666
0.005711479
0.005780125
0.005913665
0.005765750
0.005783250
0.005831479
0.005818354
0.005714135
0.005746635
0.005733250
0.005910385
0.005745333
0.005804916
0.005789292
0.005884135
0.005717781
0.005894708
0.005731167
0.005810437
0.005749084
0.005768094
0.005762208
0.005799136
0.005747157
0.005713615
0.005744292
0.005742885
0.005782990
0.005712625
0.005757261
0.005804240
0.005703147
0.005773875
0.005784031
0.005768563
0.005910438
0.005922729
0.005712313
0.005747625
0.005763876
0.005683147
0.005773042
0.005761792
0.005944083
0.005691480
0.005764345
0.005832782
0.005810750
0.005780074
0.005733980
0.005754865
0.005774344
0.005843980
0.005786897
0.005935645
0.005796011
0.005950542
0.005714658
0.005967052
0.005739709
0.005783042
0.005889501
0.005828772
0.005868667
0.005710334
0.005837834
0.005766480
0.005725855
0.005788511
0.005782730
0.005972573
0.005741376
0.005807209
0.005717783
0.005902417
0.005816115
0.005796845
0.005785803
0.005751949
0.005873459
0.005719970
0.005866063
0.005771584
0.005770908
0.005839396
0.005900594
0.005747470
0.005894084
0.005882313
0.005875751
0.005724293
0.005832522
0.005758147
0.005857105
0.005775543
0.005895959
0.005745908
0.005733720
0.005761533
0.005765543
0.005726585
0.005737522
0.005782314
