0.004026492
0.004030503
0.003991127
0.004030242
0.004096961
0.004024981
0.004002951
0.004038888
0.004027794
0.004010659
0.003979774
0.003995919
0.004033732
0.004019201
0.004015242
0.004031752
0.004035190
0.004185398
0.003992377
0.004121804
0.004004617
0.004024930
0.004044409
0.004074460
0.004029253
0.004161595
0.003997325
0.004059408
0.004001857
0.004046439
0.004035919
0.004016284
0.004015711
0.004080190
0.004013732
0.004029669
0.004139251
0.004006336
0.004006648
0.004119773
0.004075346
0.004017377
0.004020086
0.004040659
0.004147950
0.004012377
0.004035815
0.004023419
0.004025294
0.004004565
0.004022274
0.003987222
0.004025814
0.004028367
0.004104878
0.004044096
0.004010554
0.004020294
0.004001597
0.004173054
0.004005138
0.004092846
0.004023419
0.004021700
0.004049356
0.004028054
0.004019825
0.004144356
0.004036335
0.004040294
0.004057898
0.004096075
0.003999200
0.004023679
0.004021388
0.004088419
0.004025763
0.004134461
0.004030763
0.004083680
0.004002951
0.004039513
0.004060034
0.004145710
0.004154824
0.004024461
0.004139408
0.004001283
0.004146439
0.004037065
0.004092325
0.004009929
0.004083106
0.004019981
0.003994304
0.004048835
0.004134095
0.004003680
0.004023888
0.004023992
0.004081075
0.004101075
0.004042898
0.004012950
0.004004877
0.004043159
0.004032898
0.004002586
0.004005658
0.004048940
0.004034982
0.004042586
0.003997794
0.003996596
0.004013575
0.004089357
0.003996284
0.004053262
0.004048575
0.004023419
0.004026857
0.004022742
0.004019670
0.004047430
0.004037325
0.004020347
0.004108002
0.004032534
0.004020034
0.004000034
0.004018158
0.004024096
0.003988628
0.004014513
0.004031284
0.003992378
0.004074409
0.004027377
0.004035815
0.004083939
0.004039877
0.004031960
0.004129825
0.004027638
0.004011076
0.004015242
0.004139095
0.004007742
0.004019929
0.004017846
0.004037898
0.004025034
0.004009252
0.003999513
0.004018940
0.003990347
0.004056388
0.004004721
0.004044825
0.004054982
0.004048419
0.004012898
0.004034565
0.004082273
0.004020242
0.004010138
0.004037586
0.004015034
0.004033002
0.004022586
0.004034409
0.004107325
0.004016023
0.004101596
0.004049773
0.003977534
0.004012012
0.004030867
0.004007274
0.004029878
0.004031752
0.004014825
0.004125971
0.003974044
0.004116439
0.004034669
0.004112429
0.003983107
0.004091284
0.004020659
0.004034253
0.004025607
0.004123106
0.004006544
0.004013575
0.004002794
0.004088783
0.004021335
0.004134721
0.004040294
0.004010242
0.004011440
0.004170814
0.004010763
0.004166335
0.003980867
0.003996440
0.004010919
0.004029304
0.003993836
0.004108628
0.004006023
0.004009669
0.004029305
0.004025242
0.004022847
0.004040971
0.004118106
0.004008992
0.004142429
0.003997534
0.003967586
0.004011753
0.004101543
0.003993002
0.004009774
0.004058419
0.004022742
0.003992847
0.004004149
0.004065711
0.004035555
0.004019825
0.004022638
0.004022221
0.004083940
0.004003784
0.004020920
0.004057481
0.003988784
0.004015919
0.004042169
0.004072377
0.004045190
0.004021335
0.004067117
0.004095242
0.004049305
0.004019408
0.004060919
0.004021180
0.004029461
0.004002638
0.004018628
0.004038315
0.004122794
0.004016283
0.003997690
0.004038627
0.004017482
0.004021909
0.004012013
0.004016440
0.004066440
0.004059149
0.004030347
0.004160814
0.004008367
0.003991232
0.004019565
0.004041127
0.004107481
0.004057169
0.004017482
0.004019982
0.004040398
0.004114513
0.004101075
0.004021440
0.004039878
0.004028367
0.003999149
0.004112690
0.004003211
0.004087221
0.004036648
0.004099252
0.004003888
0.004098784
0.003968471
0.004010555
0.004028159
0.004026701
0.003996544
0.004121231
0.004152429
0.003969930
0.004034304
0.004011857
0.004012742
0.004002534
0.004133523
0.003986596
0.004026544
0.004005138
0.004102794
0.004040190
0.004014721
0.004025138
0.004092585
0.004032013
0.004024721
0.004027482
0.004012795
0.004138835
0.004023992
0.004035867
0.004149460
0.004012430
0.004129877
0.003996492
0.004048940
0.004130398
0.004044930
0.004148054
0.003996179
0.004103315
0.004043523
0.004089305
0.004053367
0.004094825
0.004014982
0.004019149
0.003974409
0.004030450
0.004057742
0.004077221
0.004118055
0.004016440
0.004092742
0.004013054
0.004048419
0.004043107
0.004103732
0.003991075
0.004000815
0.004018523
0.004044929
0.004007118
0.004021336
0.004051232
0.004054512
0.004029200
0.003995919
0.003987326
0.004036284
0.004072325
0.004045815
0.004065346
0.004041856
0.004101856
0.004003367
0.004157741
0.004020659
0.004044826
0.004041232
0.004004513
0.004178575
0.004012273
0.004122690
0.004036076
0.003970868
0.004043367
0.004048784
0.004087950
0.004053731
0.004047117
0.004022377
0.004002222
0.004015972
0.004098835
0.003976544
0.004044721
0.004031753
0.004049409
0.003994409
0.004037482
0.004056960
0.004118054
0.004083939
0.004126752
0.004010346
0.004012222
0.004093002
0.004022638
0.004001388
0.003986701
0.004095815
0.003977690
0.004051180
0.004032117
0.004034513
0.003972325
0.004042273
0.004149616
0.004026856
0.004024878
0.004095503
0.004045450
0.004154148
0.004019982
0.004040554
0.004100294
0.004030190
0.004021596
0.004023211
0.004119043
0.003998263
0.004113158
0.003995867
0.004092742
0.004035763
0.004026336
0.004059356
0.004050763
0.004039773
0.003981544
0.004105658
0.003997170
0.004044877
0.004100502
0.004056961
0.004098888
0.004058523
0.004131283
0.004018106
0.004021857
0.004047013
0.004113731
0.004031909
0.004017169
0.004013628
0.004014201
0.004006128
0.004034513
0.004039097
0.003966596
0.004038472
0.004026336
0.004049305
0.004001284
0.004013263
0.004026127
0.004016232
0.004041283
0.004116908
0.004030451
0.004056284
0.004001961
0.004091960
0.004049982
0.004025294
0.004094929
0.004031075
0.004042794
0.004120711
0.003998837
0.003973680
0.004042326
0.004033420
0.004008732
0.004080555
0.004101284
0.004004722
0.003995868
0.004129825
0.004038263
0.004087325
0.004032742
0.004103315
0.004008941
0.004151127
0.004082378
0.004027013
0.004042482
0.004081544
0.004041440
0.003985034
0.004038003
0.004057325
0.004116128
0.004030607
0.004022378
0.004034357
0.004011753
0.004021648
0.004100399
0.004040242
0.004043992
0.004017481
0.004047690
0.004035190
0.003992169
0.004029930
0.004157325
0.004106231
0.004045346
0.004014044
0.004020659
0.004018940
0.004039357
0.004042742
0.004002013
0.004060971
0.004012429
0.004091961
0.004019877
0.004047013
0.004048315
0.004001284
0.004119721
0.004036961
0.004086700
0.004043888
0.004006024
0.004023106
0.004008420
0.004039878
0.004086961
0.004039096
0.004026597
0.004010971
0.004107690
0.004029878
0.004070815
0.003993159
0.004079045
0.004012013
0.004002117
0.004039877
0.004086856
0.004015659
0.004178731
0.003983680
0.004104617
0.004041856
0.004159877
0.004021961
0.004003003
0.004155033
0.003987899
0.003991024
0.004172481
0.004043992
0.004041283
0.004007534
0.004015502
0.004029617
0.004044201
0.004121023
0.003980242
0.004106492
0.004007274
0.004112534
0.004034096
0.004045399
0.003987639
0.004024982
0.003989930
0.004030971
0.004087065
0.004018940
0.004131492
0.004021075
0.004059721
0.004042013
0.004012377
0.004053888
0.003996805
0.004044096
0.004026232
0.004118523
0.004051128
0.004152482
0.004014721
0.004095398
0.004014149
0.004016388
0.004031700
0.004039461
0.004133158
0.004025867
0.004135085
0.004021700
0.004010034
0.003998523
0.004045294
0.004002690
0.004015763
0.004011753
0.004036492
0.004049565
0.004139669
0.004010190
0.004016649
0.004008575
0.004054149
0.004036232
0.004012169
0.003984825
0.004098992
0.004017013
0.004008106
0.004031180
0.004151128
0.004013472
0.004103158
0.004131909
0.004038263
0.004047273
0.004013107
0.004011753
0.004012429
0.004129304
0.004012638
0.004049460
0.003990711
0.004013680
0.003993992
0.004003368
0.004146857
0.004043055
0.004023159
0.004014982
0.004003471
0.004040503
0.004025815
0.004013107
0.004048471
0.004047899
0.004030347
0.003993888
0.004100138
0.004019981
0.004019305
0.004012638
0.004018523
0.004148419
0.004027430
0.004002847
0.004076544
0.004028159
0.004091336
0.003997222
0.004061023
0.004036076
0.004137430
0.004009513
0.004022377
0.004014565
0.004003836
0.004031440
0.004072013
0.004061648
0.004097378
0.004025972
0.004015607
0.004006804
0.004046753
0.004083679
0.004030555
0.004014565
0.004033940
0.003999253
0.004031701
0.004011909
0.004012690
0.004014357
0.004028680
0.004028263
0.004043263
0.004012950
0.004029252
0.004003419
0.004023731
0.004039565
0.004104409
0.004063627
0.004008731
0.004026388
0.004060711
0.004003731
0.003995398
0.004038471
0.004047742
0.004136231
0.004021805
0.004030346
0.004040607
0.004033107
0.004020659
0.004038107
0.004066283
0.004087065
0.004048054
0.004100971
0.004021024
0.004050294
0.004044097
0.004026127
0.004109617
0.004008211
0.004118003
0.003994670
0.004019982
0.004012795
0.004116700
0.004008003
0.004178002
0.004038158
0.004027534
0.004054044
0.004079252
0.004023940
0.004024461
0.004044252
0.004019201
0.004047742
0.004084044
0.004041856
0.004019826
0.004146283
0.004010503
0.004012117
0.003969514
0.004081336
0.004040607
0.004014617
0.004003680
0.004035450
0.003996701
0.004006961
0.004084981
0.004013680
0.004029877
0.004116335
0.004024565
0.004009617
0.004029409
0.004064774
0.004023002
0.004035138
0.004103575
0.003991596
0.003984045
0.004011701
0.004033420
0.004017170
0.004037222
0.004021127
0.004018367
0.004040711
0.004023524
0.004085086
0.004017014
0.004011753
0.004069513
0.004020399
0.003981232
0.004116752
0.004017013
0.004032534
0.004030816
0.004028054
0.004096179
0.004113419
0.004013420
0.004023472
0.004032065
0.004050659
0.004035502
0.004030503
0.004109825
0.004017690
0.004027482
0.004031179
0.004045086
0.004110867
0.003994566
0.004034409
0.004014670
0.004104096
0.004006752
0.004024826
0.004121804
0.004095762
0.004006701
0.004104357
0.004034409
0.004040398
0.004031701
0.004110867
0.004029981
0.004006649
0.004064201
0.004030711
0.004119513
0.004013889
0.004016284
0.004019461
0.004119930
0.004020242
0.004003107
0.004024826
0.004119930
0.004037429
0.004043784
0.004030815
0.004033211
0.004104981
0.004139929
0.004054721
0.003999201
0.004105138
0.004043159
0.004170398
0.004037951
0.004009826
0.004052013
0.004088679
0.003990139
0.004062013
0.004047066
0.004150763
0.004024825
0.004087586
0.004010972
0.004024253
0.004036961
0.004031805
0.004032743
0.004042169
0.004039982
0.004145554
0.004011128
0.004142690
0.004028055
0.004021493
0.004009774
0.004014045
0.004113107
0.004008367
0.004091335
0.004000659
0.004045763
0.004031284
0.004061232
0.004039461
0.004122899
0.004036024
0.004038003
0.004041336
0.004026961
0.003988940
0.004020920
0.004015659
0.003987170
0.004044253
0.004043263
0.004030451
0.003992482
0.004044617
0.004017534
0.004051128
0.004021909
0.004025086
0.004024044
0.004145710
0.004004461
0.004034669
0.004037065
0.003981127
0.004031909
0.003983263
0.004060190
0.004027222
0.004006909
0.004020868
0.004138523
0.004045815
0.004119304
0.004044409
0.004025763
0.004010398
0.004017274
0.004039826
0.003989878
0.004151648
0.004119409
0.004081492
0.004041024
0.004074721
0.003992273
0.004056597
0.004054200
0.004005972
0.004144461
0.004025086
0.004138679
0.004014253
0.004104877
0.004089044
0.004057691
0.004027378
0.004034096
0.004113940
0.004013107
0.004022847
0.004109721
0.004015503
0.004101544
0.004020346
0.004012586
0.004044982
0.004017482
0.004008419
0.004025763
0.004026232
0.004040815
0.004023732
0.004030555
0.004027846
0.003988992
0.004098107
0.003977221
0.004103680
0.004040295
0.004019565
0.004104044
0.003988003
0.004048627
0.004019669
0.004016388
0.004050971
0.004032482
0.004037065
0.004018836
0.004097794
0.004044669
0.004029722
0.003998420
0.004027846
0.004022690
0.004030398
0.004108627
0.004000815
0.004149721
0.004017169
0.004056440
0.004035346
0.003987534
0.004028524
0.004099252
0.004017482
0.004026545
0.004035346
0.004028107
0.004030034
0.004065710
0.004111700
0.004021336
0.004024565
0.004115137
0.004029044
0.003998003
0.004130450
0.003984252
0.004034669
0.003991284
0.004072013
0.004001232
0.004061857
0.003991336
0.004110971
0.004103472
0.004024201
0.004105867
0.004084669
0.004023211
0.004010503
0.004095398
0.003967430
0.004041023
0.004030086
0.004087690
0.004009773
0.004106596
0.004074149
0.004164148
0.004022794
0.004156498
0.004168894
0.004079780
0.004277905
0.004241602
0.004171186
0.004181343
0.004177853
0.004145978
0.004132696
0.004166290
0.004104832
0.004151811
0.004142280
0.004180978
0.004140978
0.004168582
0.004306133
0.004608373
0.004146707
0.004175144
0.004156551
0.004171707
0.004183895
0.004222332
0.004168217
0.004172436
0.004146967
0.004136968
0.004168478
0.004115717
0.004166655
0.004145405
0.004128634
0.004172957
0.004266967
0.004258582
0.004133010
0.004138270
0.004109676
0.004192228
0.004159207
0.004160405
0.004143947
0.004154468
0.004178530
0.004195092
0.004145301
0.004165717
0.004165145
0.004128739
0.004174102
0.004141446
0.004151655
0.004146707
0.004136551
0.004170353
0.004233478
0.004165197
0.004124207
0.004180300
0.004145770
0.004107280
0.004150457
0.004219415
0.004157280
0.004160926
0.004138739
0.004192071
0.004152071
0.004168999
0.004136186
0.004117593
0.004133842
0.004169259
0.004160301
0.004131447
0.004172905
0.004145197
0.004135665
0.004242436
0.004140509
0.004144520
0.004172227
0.004162124
0.004176290
0.004176499
0.004172019
0.004159936
0.004185770
0.004166342
0.004182227
0.004194884
0.004179728
0.004143791
0.004172437
0.004174155
0.004142540
0.004124311
0.004162697
0.004163686
0.004183946
0.004181394
0.004122749
0.004182644
0.004111186
0.004260821
0.004142123
0.004260613
0.004140874
0.004144259
0.004155353
0.004141499
0.004167853
0.004107020
0.004160041
0.004167696
0.004169936
0.004153686
0.004174155
0.004131550
0.004200926
0.004133478
0.004143322
0.004098165
0.004180093
0.004151030
0.004209884
0.004132541
0.004160613
0.004151915
0.004105717
0.004174624
0.004147020
0.004248322
0.004168374
0.004161863
0.004148842
0.004133791
0.004148217
0.004172592
0.004181238
0.004171290
0.004158322
0.004234415
0.004172488
0.004218634
0.004163373
0.004143218
0.004192071
0.004231602
0.004156134
0.004181863
0.004183947
0.004171759
0.004175353
0.004160613
0.004149988
0.004149103
0.004197957
0.004222748
0.004173582
0.004262019
0.004115613
0.004221134
0.004116811
0.004164363
0.004149519
0.004169832
0.004168217
0.004167489
0.004168478
0.004158739
0.004159623
0.004142696
0.004175249
0.004184884
0.004106603
0.004168009
0.004160717
0.004152905
0.004115405
0.004134156
0.004164051
0.004108582
0.004254259
0.004147540
0.004130926
0.004187593
0.004187176
0.004232957
0.004272071
0.004129468
0.004224103
0.004142072
0.004177332
0.004133322
0.004158374
0.004210040
0.004153530
0.004148374
0.004136655
0.004143739
0.004157124
0.004219571
0.004251290
0.004223634
0.004157905
0.004168947
0.004223686
0.004152852
0.004167905
0.004141134
0.004138842
0.004165614
0.004207905
0.004144728
0.004167436
0.004154311
0.004175874
0.004133322
0.004145717
0.004226394
0.004145510
0.004198687
0.004108218
0.004149155
0.004171239
0.004125613
0.004240301
0.004150873
0.004154051
0.004229884
0.004137541
0.004168009
0.004152176
0.004149207
0.004251394
0.004139989
0.004156446
0.004143218
0.004132176
0.004172801
0.004210405
0.004167384
0.004140822
0.004135145
0.004105614
0.004155770
0.004153895
0.004155249
0.004192905
0.004155197
0.004181655
0.004221238
0.004165665
0.004175926
0.004150197
0.004168842
0.004156030
0.004151343
0.004142488
0.004164051
0.004224311
0.004238895
0.004162488
0.004166603
0.000495519
0.004152696
0.004216915
0.004133009
0.004133790
0.004152541
0.004130249
0.004144311
0.004147593
0.004133998
0.004182644
0.004186811
0.004111447
0.004163269
0.004192540
0.004135821
0.004164624
0.004166239
0.004150665
0.004133217
0.004120822
0.004165821
0.004172072
0.004146030
0.004140874
0.004141915
0.004184051
0.004138009
0.004192644
0.004143270
0.004169363
0.004167176
0.004138947
0.004170717
0.004147176
0.004213842
0.004227280
0.004256603
0.004195352
0.004124520
0.004134676
0.004218686
0.004298425
0.004168895
0.004157697
0.004132540
0.004171655
0.004157905
0.004140301
0.004193009
0.004148739
0.004307488
0.004139207
0.004148113
0.004156915
0.004242853
0.004186551
0.004108322
0.004146759
0.004161916
0.004189415
0.004144520
0.004167801
0.004158374
0.004187384
0.004143217
0.004186186
0.004128583
0.004267540
0.004176394
0.004168895
0.004203686
0.004173166
0.004182176
0.004170144
0.004118373
0.004160352
0.004196239
0.004150874
0.004141395
0.004165093
0.004151238
0.004151655
0.004155874
0.004126135
0.004174259
0.004164050
0.004262436
0.004170405
0.004183165
0.004175197
0.004269415
0.004103686
0.004251707
0.004158218
0.004166239
0.004167644
0.004190561
0.004219780
0.004108687
0.004187332
0.004123947
0.004113374
0.004209832
0.004179259
0.004169623
0.004121760
0.004149468
0.004170978
0.004190509
0.004139624
0.004219363
0.004157957
0.004153843
0.004175769
0.004146187
0.004162385
0.004171082
0.004182957
0.004165093
0.004171394
0.004132488
0.004156030
0.004105613
0.004269571
0.004223009
0.004196082
0.004248165
0.004160874
0.004131447
0.004173321
0.004233218
0.004135561
0.004129571
0.004155770
0.004198530
0.004148321
0.004120666
0.004172489
0.004126342
0.004108009
0.004140300
0.004299311
0.004157176
0.004178374
0.004169780
0.004174519
0.004142436
0.004145301
0.004142019
0.004134415
0.004110197
0.004096655
0.004156551
0.004125301
0.004213270
0.004144155
0.004150822
0.004155717
0.004238842
0.004148061
0.004159624
0.004189416
0.004182697
0.004149989
0.004166291
0.004148218
0.004154988
0.004234780
0.004231811
0.004163010
0.004158738
0.004142332
0.004185978
0.004200613
0.004137801
0.004192020
0.004102801
0.004184050
0.004149207
0.004243113
0.004153009
0.004196602
0.004211290
0.004262801
0.004150718
0.004140510
0.004152332
0.004160614
0.004179364
0.004161291
0.004144311
0.004155562
0.004121967
0.004145249
0.004173010
0.004238842
0.004165040
0.004150665
0.004177957
0.004173009
0.004172072
0.004178166
0.004138426
0.004167697
0.004170822
0.004173947
0.004192279
0.004155301
0.004173530
0.004146759
0.004167384
0.004155874
0.004209311
0.004176603
0.004167072
0.004172645
0.004166707
0.004186968
0.004151395
0.004176290
0.004132540
0.004280456
0.004141030
0.004166967
0.004172697
0.004179520
0.004145144
0.004141395
0.004239728
0.004215093
0.004152384
0.004162436
0.004193999
0.004172436
0.004179936
0.004124780
0.004155770
0.004242175
0.004090926
0.004163009
0.004133113
0.004265405
0.004166603
0.004180509
0.004135510
0.004232593
0.004225196
0.004154676
0.004139259
0.004174624
0.004123478
0.004135978
0.004162853
0.004159312
0.004124467
0.004252072
0.004178895
0.004147228
0.004221290
0.004219623
0.004161968
0.004123322
0.004156343
0.004220769
0.004152176
0.004137957
0.004171290
0.004139155
0.004177592
0.004148530
0.004115978
0.004154832
0.004118061
0.004168165
0.004160197
0.004160613
0.004194780
0.004162124
0.004151864
0.004150718
0.004163738
0.004197436
0.004133686
0.004164780
0.004198165
0.004162436
0.004176135
0.004175978
0.004159519
0.004162749
0.004132124
0.004257228
0.004147853
0.004167384
0.004137853
0.004139207
0.004147332
0.004143113
0.004168113
0.004220613
0.004174520
0.004228582
0.004183322
0.004134468
0.004101238
0.004135249
0.004144781
0.004162749
0.004110561
0.004155353
0.004154624
0.004127749
0.004132905
0.004168165
0.004227956
0.004250718
0.004183165
0.004228270
0.004244467
0.004186968
0.004109051
0.004162280
0.004141394
0.004122905
0.004146186
0.004159623
0.004159103
0.004196499
0.004211551
0.004163739
0.004154676
0.004111134
0.004134937
0.004268217
0.004135926
0.004126030
0.004166864
0.004232592
0.004127905
0.004095197
0.004227071
0.004169936
0.004163478
0.004157645
0.004145822
0.004174103
0.004231291
0.004166498
0.004164832
0.004183530
0.004154468
0.004144519
0.004194103
0.004151186
0.004161551
0.004198738
0.004151811
0.004159936
0.004165196
0.004139572
0.004170353
0.004172124
0.004181239
0.004153530
0.004216707
0.004238998
0.004156863
0.004173530
0.004176082
0.004235197
0.004166499
0.004140301
0.004157280
0.004146083
0.004175718
0.004159520
0.004160561
0.004167280
0.004159832
0.004229675
0.004278634
0.004215926
0.004183061
0.004146863
0.004171655
0.004182905
0.004220457
0.004236707
0.004175509
0.004233738
0.004222020
0.004132228
0.004249103
0.004221134
0.004138217
0.004157957
0.004128113
0.004180770
0.004182540
0.004192645
0.004146446
0.004173894
0.004160614
0.004155717
0.004121759
0.004156446
0.004166760
0.004151759
0.004168322
0.004138166
0.004190509
0.004141083
0.004181759
0.004158322
0.004161864
0.004101656
0.004133218
0.004165770
0.004155509
0.004148582
0.004160926
0.004152592
0.004159467
0.004190561
0.004175562
0.004290405
0.004192957
0.004155301
0.004163998
0.004248582
0.004115562
0.004101707
0.004148374
0.004145613
0.004117384
0.004167228
0.004139259
0.004188791
0.004127124
0.004184781
0.004153478
0.004167489
0.004149364
0.004138061
0.004133739
0.004219051
0.004272280
0.004113582
0.004137124
0.004189415
0.004136395
0.004162540
0.004252801
0.004163635
0.004167540
0.004166812
0.004165353
0.004153374
0.004149572
0.004152072
0.004157176
0.004218113
0.004140666
0.004157749
0.004138478
0.004207071
0.004134676
0.004166239
0.004145041
0.004175926
0.004272800
0.004211395
0.004262228
0.004172488
0.004181082
0.004321030
0.004251916
0.004187697
0.004166811
0.004166551
0.004168791
0.004124311
0.004177593
0.004229363
0.004159415
0.004179676
0.004288009
0.004150718
0.004138426
0.004234207
0.004172749
0.004162437
0.004346967
0.004158166
0.004186603
0.004195405
0.004172385
0.004169207
0.004148843
0.004129051
0.004139624
0.004148478
0.004161864
0.004225197
0.004150510
0.004122540
0.004232384
0.004141238
0.004178739
0.004170144
0.004119468
0.004201135
0.004136447
0.004318321
0.004214884
0.004173009
0.004142853
0.004168321
0.004158426
0.004162176
0.004139208
0.004158843
0.004134832
0.004169259
0.004128270
0.004158895
0.004179103
0.004141655
0.004263061
0.004099884
0.004235510
0.004198999
0.004177540
0.004178270
0.004138322
0.004204519
0.004143999
0.004156238
0.004178166
0.004178426
0.004180822
0.004204832
0.004178062
0.004179103
0.004160301
0.004162229
0.004194780
0.004136603
0.004253113
0.004165561
0.004260769
0.004233999
0.004136812
0.004132488
0.004171342
0.004212749
0.004191811
0.004247020
0.004228738
0.004214416
0.004170457
0.004192593
0.004230666
0.004232385
0.004148426
0.004208478
0.004172957
0.004237540
0.004159832
0.004145770
0.004189207
0.004161342
0.004149624
0.004158686
0.004180353
0.004146343
0.004133374
0.004271811
0.004156239
0.004289988
0.004260249
0.004135509
0.004155145
0.004207332
0.004366238
0.004168687
0.004174728
0.004144885
0.004163582
0.004160613
0.004239988
0.004211759
0.004134103
0.004154103
0.004160874
0.004135093
0.004150614
0.004176134
0.004134259
0.004181759
0.004187176
0.004151134
0.004136967
0.004132332
0.004184155
0.004130301
0.004171708
0.004149312
0.004120874
0.004142957
0.004215821
0.004142385
0.004155769
0.004136916
0.004163374
0.004188634
0.004105458
0.004151395
0.004122905
0.004139728
0.004178478
0.004167801
0.004173321
0.004166916
0.004166134
0.004240770
0.004163791
0.004151238
0.004139416
0.004109259
0.004183478
0.004175301
0.004184415
0.004259884
0.004125666
0.004198894
0.004145196
0.004181291
0.004171915
0.004151603
0.004160406
0.004158843
0.004203426
0.004156447
0.004250510
0.004172228
0.004157697
0.004146916
0.004190249
0.004155509
0.004150718
0.004251446
0.004151499
0.004165978
0.004168582
0.004174051
0.004138166
0.004177488
0.004164624
0.004160457
0.004165926
0.004126083
0.004167645
0.004133478
0.004116968
0.004241550
0.004220353
0.004248425
0.004177176
0.004145405
0.004258009
0.004191134
0.004151707
0.004157280
0.004166290
0.004158842
0.004161914
0.004169518
0.004177904
0.004152904
0.004181081
0.004136498
0.004172018
0.004191332
0.004160707
0.004210551
0.004151541
0.004159769
0.004187165
0.004164614
0.004126905
0.004150811
0.004190655
0.004166697
0.004165603
0.004193728
0.004167946
0.004221540
0.004153520
0.004176280
0.004150082
0.004168155
0.004237165
0.004137947
0.004185551
0.004165551
0.004228832
0.004151645
0.004156333
0.004185655
0.004152373
0.004179561
0.004176489
0.004133051
0.004168363
0.004171384
0.004179561
0.004201541
0.004139457
0.004163312
0.004092738
0.004201176
0.004208155
0.004183884
0.004141905
0.004170707
0.004170811
0.004152062
0.004168051
0.004177426
0.004145707
0.004194300
