0.004106341
0.004224778
0.004228945
0.004183111
0.004116705
0.004145768
0.004225195
0.004138997
0.004161080
0.004238424
0.004127487
0.004122070
0.004157174
0.004217121
0.004157591
0.004231341
0.004245402
0.004106497
0.004142695
0.004227591
0.004329465
0.004135560
0.004149101
0.004150611
0.004161236
0.004251236
0.004249101
0.004233841
0.004254986
0.004211705
0.004151080
0.004131028
0.004139622
0.004106549
0.004127122
0.004248789
0.004198684
0.004227694
0.004191289
0.004185455
0.004196497
0.004244101
0.004182330
0.004143580
0.004222642
0.004226236
0.004134779
0.004155455
0.004112279
0.004239778
0.004207486
0.004082539
0.004157643
0.004206185
0.004153893
0.004114986
0.004242903
0.004207122
0.004265559
0.004200299
0.004211862
0.004133268
0.004111341
0.004170924
0.004137590
0.004166913
0.001219787
0.004207486
0.004127331
0.004250872
0.004247017
0.004197903
0.004142487
0.004159101
0.004277226
0.004146445
0.004148841
0.004225091
0.004148268
0.004227694
0.004217695
0.004207695
0.004245559
0.004233268
0.004209153
0.004114257
0.004145507
0.004163996
0.004149413
0.004226549
0.004240507
0.004216184
0.004217226
0.004156654
0.004175455
0.004127799
0.004134361
0.004128477
0.004249934
0.004202591
0.004109726
0.004168841
0.004240715
0.004217173
0.004228320
0.004181861
0.004112904
0.004149778
0.004126653
0.004151028
0.004121341
0.004150663
0.004129935
0.004228632
0.004299726
0.004250664
0.004131549
0.004220716
0.004119258
0.004205664
0.004195194
0.004214309
0.004248215
0.004133737
0.004217330
0.004195142
0.004216028
0.004216444
0.004229101
0.004253059
0.004139257
0.004160924
0.004228996
0.004111914
0.004121393
0.004087018
0.004090247
0.004148841
0.004221393
0.004134882
0.004149257
0.004161236
0.004239622
0.004215663
0.004231496
0.004125299
0.004213684
0.004176393
0.004158945
0.004143736
0.004116653
0.004136081
0.004119830
0.004182799
0.004254257
0.004163424
0.004215820
0.004254830
0.004198111
0.004127955
0.004135247
0.004115924
0.004137018
0.004145351
0.004237590
0.004147956
0.004265403
0.004231913
0.004153320
0.004218945
0.004238789
0.004147851
0.004124206
0.004229882
0.004209101
0.004253997
0.004131549
0.004194048
0.004240351
0.004215716
0.004160039
0.004206497
0.004124778
0.004143580
0.004206080
0.004234778
0.004245246
0.004233893
0.001199996
0.004173737
0.004194257
0.004240350
0.004163528
0.004123008
0.004168945
0.004121758
0.004192590
0.004131080
0.004115351
0.004156341
0.004171497
0.004156810
0.004214882
0.004144778
0.004169465
0.004124310
0.004252382
0.004160924
0.004160039
0.004137747
0.004134830
0.004154935
0.004131966
0.004277903
0.004146185
0.004132695
0.004221132
0.004182746
0.004203632
0.004223528
0.004178007
0.004118892
0.004134257
0.004272694
0.004202695
0.004130976
0.004144258
0.004142799
0.004219309
0.004132590
0.004114883
0.004140194
0.004136913
0.004107643
0.004122435
0.004147903
0.004198840
0.004151810
0.004087018
0.004128997
0.004196080
0.004185455
0.004219101
0.004138580
0.004200247
0.004143997
0.004153268
0.004182278
0.004139466
0.004123320
0.004289830
0.004258840
0.004185768
0.004132174
0.004234465
0.004120455
0.004206028
0.004124935
0.004161288
0.004133789
0.004163632
0.004137122
0.004141289
0.004138112
0.004232018
0.004145351
0.004142956
0.004216289
0.004104309
0.004119935
0.004230090
0.004142955
0.004205091
0.004157851
0.004144517
0.004240507
0.004099153
0.004157174
0.004130664
0.004146965
0.004111861
0.004155039
0.004207539
0.004176809
0.004121393
0.004149831
0.004227903
0.004109154
0.004155976
0.004103737
0.004118164
0.004141237
0.004150872
0.004129153
0.004209778
0.004216444
0.004166914
0.004183164
0.004204205
0.004146341
0.004232226
0.004107799
0.004129257
0.004243371
0.004261184
0.004229569
0.004215351
0.004177226
0.004142330
0.004193112
0.004140663
0.004230299
0.004136862
0.004128268
0.004275507
0.004116601
0.004208007
0.004216601
0.004166809
0.004223163
0.004221549
0.004210663
0.004110820
0.004168059
0.004144310
0.004185039
0.004177330
0.004235142
0.004208580
0.004236341
0.004247538
0.004225142
0.004255142
0.004128320
0.004137799
0.004118476
0.004201757
0.004216549
0.004211132
0.004145403
0.004212799
0.004195038
0.004146549
0.004145038
0.004144882
0.004190455
0.004115611
0.004120456
0.004151341
0.004145038
0.004246236
0.004109414
0.004184466
0.004122383
0.004148111
0.004138372
0.004144986
0.004196289
0.004142383
0.004170090
0.004143060
0.004209726
0.004213789
0.004236340
0.004219309
0.004141340
0.004223320
0.004136393
0.004205142
0.004234257
0.004251445
0.004247330
0.004245090
0.004184570
0.004209257
0.004128789
0.004148164
0.004120455
0.004146185
0.004149466
0.004161705
0.004152747
0.004150195
0.004212434
0.004144882
0.004139883
0.004225403
0.004124935
0.004147643
0.004168580
0.004149778
0.004196965
0.004193528
0.004130403
0.004169153
0.004243737
0.004212538
0.004211601
0.004140455
0.004157695
0.004241080
0.004213736
0.004224257
0.004167486
0.004210663
0.004248059
0.004257434
0.004190871
0.004248164
0.004115664
0.004235923
0.004228424
0.004154101
0.004179153
0.004130247
0.004160976
0.004144674
0.004184726
0.004147642
0.004256392
0.004121184
0.004146028
0.004159986
0.004141445
0.004139726
0.004149153
0.004211965
0.004123789
0.004039779
0.004167487
0.004138841
0.004135716
0.004162121
0.004151757
0.004184466
0.004253111
0.004220767
0.004241497
0.004148476
0.004218424
0.004144622
0.004165664
0.004184206
0.004100195
0.004221080
0.004156913
0.004149674
0.004166966
0.004169049
0.004126132
0.004222226
0.004387850
0.004140820
0.004172955
0.004251601
0.004143112
0.004126914
0.004166862
0.004225559
0.004132590
0.004235351
0.004118945
0.004094466
0.004139361
0.004151133
0.004162278
0.004155768
0.004163372
0.004150403
0.004156236
0.004214882
0.004192069
0.004139778
0.004238372
0.004134883
0.004118268
0.004140612
0.004162382
0.004147956
0.004221392
0.004212226
0.004208059
0.004145351
0.004120820
0.004142174
0.004136341
0.004229986
0.004150404
0.004107695
0.004095039
0.004146237
0.004137486
0.004197538
0.004144205
0.004223788
0.004129570
0.004112435
0.004190976
0.004153267
0.004128268
0.004255194
0.004128737
0.004253736
0.004176393
0.004155611
0.004201341
0.004131861
0.004124674
0.004239726
0.004266289
0.004076080
0.004187590
0.004120768
0.004144258
0.004104882
0.004165767
0.004203633
0.004165143
0.004122435
0.004230976
0.004240976
0.004168633
0.004144986
0.004155976
0.004158528
0.004231288
0.004156653
0.004206653
0.004134205
0.004150038
0.004163841
0.004149153
0.004181445
0.004142955
0.004170247
0.004147018
0.004148476
0.004254726
0.004209674
0.004138372
0.004148737
0.004117174
0.004163893
0.004095976
0.004128632
0.004138476
0.004122799
0.004223997
0.004245247
0.004198685
0.004184935
0.004133164
0.004125403
0.004163685
0.004141028
0.004153788
0.004265298
0.004254726
0.004092695
0.004149726
0.004233267
0.004152903
0.004146236
0.004399257
0.004231236
0.004137591
0.004165716
0.004127955
0.004204153
0.004241965
0.004128997
0.004124882
0.004116184
0.004154206
0.004141549
0.004202851
0.004137487
0.004211601
0.004134205
0.004135195
0.004218424
0.004207226
0.004237694
0.004125091
0.004140976
0.004255820
0.004249153
0.004240038
0.004138840
0.004116654
0.004283111
0.004227330
0.004166080
0.004140925
0.004183164
0.004145090
0.004234570
0.004217851
0.004204153
0.004237694
0.004197174
0.004134257
0.004287278
0.004113112
0.004239726
0.004153841
0.004168112
0.004223111
0.004254153
0.004263841
0.004099622
0.004163216
0.004227278
0.004142903
0.004202122
0.004219101
0.004144049
0.004085925
0.004160091
0.004155820
0.004219049
0.004204049
0.004234986
0.004227851
0.004151705
0.004244882
0.004233424
0.004165456
0.004134205
0.004161289
0.004144570
0.004130142
0.004146028
0.004275819
0.004269725
0.004197539
0.004201184
0.004223216
0.004187330
0.004112226
0.004241028
0.004143685
0.004261965
0.004169153
0.004248424
0.004204465
0.004223580
0.004114310
0.004164779
0.004125715
0.004137435
0.004129727
0.004131705
0.004146341
0.004257746
0.004228580
0.004204465
0.004183007
0.004215507
0.004141288
0.004147018
0.004094257
0.004143424
0.004139310
0.004137331
0.004128008
0.004215663
0.004122851
0.004135143
0.004166497
0.004138788
0.004155924
0.004167278
0.004108216
0.004166549
0.004117226
0.004236237
0.004236548
0.004228736
0.004205403
0.004199257
0.004168893
0.004135924
0.004178528
0.004260716
0.004216549
0.004266653
0.004194935
0.004223996
0.004256444
0.004177070
0.004140664
0.004142955
0.004358215
0.004174466
0.004136654
0.004236549
0.004156705
0.004129779
0.004188059
0.004151549
0.004140091
0.004225351
0.004153216
0.004156445
0.004233372
0.004124518
0.004225768
0.004212799
0.004789411
0.004115925
0.004243008
0.004233319
0.004121236
0.004180716
0.004137747
0.004117330
0.004172643
0.004232382
0.004121393
0.004160090
0.004222382
0.004212538
0.004144987
0.004127903
0.004135768
0.004150924
0.004255299
0.004227383
0.004144831
0.004219518
0.004128424
0.004155352
0.004127174
0.004178528
0.004116966
0.004119569
0.004275559
0.004139882
0.004218841
0.004219205
0.004196340
0.004223684
0.004145351
0.004171653
0.004161497
0.004155038
0.004144310
0.004118320
0.004208737
0.004216601
0.004204049
0.004241653
0.004190976
0.004231497
0.004219361
0.004175560
0.004209517
0.004148945
0.004127383
0.004144101
0.004129466
0.004228580
0.004254622
0.004223215
0.004118580
0.004218840
0.004152330
0.004159674
0.004154883
0.004148997
0.004187382
0.004243372
0.004199934
0.004140195
0.004179986
0.004180507
0.004237486
0.004252330
0.004129518
0.004231601
0.004137018
0.004229257
0.004179726
0.004118372
0.004216028
0.004248945
0.004249882
0.004139413
0.004232226
0.004127382
0.004082278
0.004153007
0.004207018
0.004177174
0.004195768
0.004251705
0.004160872
0.004219935
0.004199049
0.004125872
0.004154101
0.004159726
0.004225611
0.004203475
0.004135507
0.004200247
0.004191288
0.004128997
0.004151028
0.004138268
0.004222799
0.004126914
0.004152018
0.004270402
0.004252590
0.004140351
0.004117486
0.004212434
0.004207487
0.004196653
0.004234987
0.004231653
0.004143581
0.004131445
0.004137226
0.004267487
0.004201653
0.004231757
0.004123997
0.004114049
0.004131132
0.004195455
0.004301288
0.004217747
0.004206340
0.004263737
0.004128893
0.004167903
0.004132070
0.004215664
0.004107018
0.004163424
0.004150508
0.004166236
0.004133372
0.004170142
0.004201237
0.004144570
0.004148164
0.004151653
0.004213528
0.004181914
0.004211237
0.004143372
0.004168476
0.001196611
0.004214570
0.004161289
0.004206445
0.004238268
0.004173319
0.004223111
0.004222122
0.004195976
0.004145247
0.004140820
0.004251080
0.004210716
0.004153945
0.004111966
0.004236861
0.004155403
0.004205351
0.004229413
0.004158112
0.004162018
0.004198684
0.004131914
0.004230299
0.004206705
0.004154674
0.004138632
0.004247798
0.004135195
0.004129622
0.004234101
0.004117279
0.004156601
0.004218372
0.004170195
0.004244309
0.004231027
0.004156289
0.004112174
0.004226132
0.004140768
0.004144934
0.004136862
0.004234830
0.004165403
0.004149466
0.004146341
0.004194674
0.004141601
0.004227121
0.004161862
0.004151393
0.004129049
0.004150455
0.004236601
0.004225455
0.004245924
0.004274414
0.004258840
0.004275038
0.004209153
0.004171705
0.004142227
0.004128424
0.004134778
0.004248320
0.004247330
0.004177590
0.004259882
0.004135195
0.004129779
0.004125507
0.004202435
0.004129205
0.004142956
0.004129101
0.004197799
0.004150351
0.004194362
0.004227435
0.004227694
0.004231080
0.004203945
0.004148112
0.004135091
0.004126133
0.004128997
0.004219570
0.004131497
0.004209674
0.004196809
0.004213320
0.004154049
0.004130611
0.004268215
0.004146080
0.004131393
0.004160351
0.004148528
0.004200351
0.004265299
0.004135664
0.004142330
0.004109622
0.004132643
0.004164310
0.004129779
0.004203111
0.004144674
0.004147955
0.004145455
0.004153008
0.004162539
0.004138737
0.004251913
0.004145664
0.004210976
0.004132695
0.004155924
0.004166549
0.004195872
0.004117955
0.004182799
0.004231548
0.004236705
0.004196237
0.004235820
0.004214257
0.004131184
0.004117851
0.004246653
0.004156185
0.004118685
0.004240403
0.004218476
0.004157486
0.004161653
0.004216705
0.004151862
0.004165195
0.004221080
0.004149101
0.004125924
0.004148215
