0.005023012
0.005116605
0.005185199
0.005039314
0.004987491
0.005124939
0.005054313
0.005105043
0.005197334
0.005027491
0.005021658
0.005185251
0.005137803
0.005134209
0.005021709
0.005252386
0.005022752
0.005169418
0.005061136
0.004981501
0.005144783
0.004999106
0.005101657
0.005200720
0.001361664
0.005044574
0.005040980
0.005049938
0.005051293
0.005089678
0.005133324
0.005159105
0.005023637
0.005015407
0.005130146
0.005014887
0.005081189
0.005023897
0.005109158
0.005035720
0.005045199
0.005181605
0.005007230
0.005198792
0.005066553
0.005050876
0.005023272
0.005070824
0.005074470
0.005199626
0.005053220
0.005146240
0.005132021
0.005104782
0.005039783
0.005195199
0.005055147
0.005112335
0.005143272
0.005164782
0.005036397
0.005037543
0.005191136
0.005071865
0.005047699
0.005043533
0.005167907
0.005201397
0.005060876
0.005009782
0.005044417
0.005085772
0.005054314
0.005121136
0.005044313
0.005014835
0.005031762
0.005123792
0.005097178
0.005133272
0.005037334
0.005085095
0.005049730
0.005072751
0.005104626
0.005084835
0.005100824
0.005061085
0.005031033
0.005035356
0.005047178
0.005147595
0.005055928
0.005010563
0.005130355
0.005163115
0.005178740
0.005175199
0.005028063
0.005063220
0.005230616
0.005052387
0.005068532
0.005091605
0.005063271
0.005207750
0.005060042
0.005062126
0.005033064
0.005119000
0.005038116
0.005022334
0.005128324
0.005094782
0.005121553
0.005176188
0.004984522
0.005076970
0.005028845
0.005159938
0.005003011
0.005215928
0.005027491
0.005164470
0.005201865
0.005294730
0.005058428
0.005147177
0.005086501
0.005223636
0.005114417
0.005057022
0.005128845
0.005124001
0.005229313
0.005063897
0.005146501
0.005075407
0.005145355
0.005034470
0.005035563
0.005202438
0.005023064
0.005177750
0.005050668
0.005243636
0.005052022
0.005088376
0.005011449
0.005174209
0.005234886
0.005029313
0.005221135
0.005015875
0.005063219
0.005071241
0.005127698
0.005044938
0.005082542
0.005239990
0.005180927
0.005021345
0.005103324
0.005066813
0.005041657
0.005128688
0.005172698
0.005081344
0.005281552
0.005077490
0.005091761
0.005086552
0.005084886
0.005212229
0.005057074
0.005117699
0.005051814
0.005060459
0.005041241
0.005041188
0.005059834
0.005152647
0.005183376
0.005117959
0.005008793
0.005210823
0.005062594
0.005200875
0.005065719
0.005032803
0.005227803
0.005037959
0.005122803
0.005088063
0.005145615
0.005058220
0.005034626
0.005022907
0.005074782
0.005079782
0.005008636
0.005094469
0.004978636
0.005038948
0.005137490
0.004980876
0.005119418
0.005073480
0.005082490
0.005033324
0.005100927
0.005046605
0.005052126
0.005067021
0.005108740
0.005161552
0.005068167
0.005181344
0.005173219
0.005138792
0.005034001
0.005212125
0.005061240
0.005171396
0.004994677
0.005052750
0.005114469
0.004998323
0.005195354
0.005048740
0.005152021
0.005069365
0.005151188
0.005094678
0.005079886
0.005077490
0.005124104
0.004985042
0.005035042
0.005148219
0.005032334
0.005132698
0.005138479
0.005096605
0.005020094
0.005729311
0.005139730
0.005242437
0.005002334
0.005170302
0.005227386
0.005055407
0.005051448
0.005198636
0.005054001
0.005129678
0.005114000
0.005037802
0.005183271
0.005082282
0.004993271
0.005076448
0.005134365
0.005108583
0.005005563
0.005115042
0.005166812
0.005039052
0.005045979
0.005137073
0.005065459
0.005107490
0.005031553
0.005187125
0.005014938
0.005081344
0.005075407
0.005124885
0.005006084
0.005055146
0.005122646
0.005032855
0.005190406
0.005022126
0.005057646
0.005035927
0.005001136
0.005172594
0.005055875
0.005037334
0.005287802
0.005016708
0.005211135
0.005083271
0.005065876
0.005157125
0.005085510
0.005055458
0.005125042
0.005168844
0.004997126
0.005149521
0.005028844
0.005023948
0.005142958
0.005070042
0.005093948
0.005200407
0.005040146
0.005194834
0.005037438
0.005167281
0.005054208
0.005086083
0.005039938
0.005116812
0.005139677
0.005042698
0.005047958
0.005127385
0.005067646
0.005153844
0.005030563
0.005069885
0.005062489
0.005233687
0.005126344
0.005064469
0.000660050
0.004962594
0.005195667
0.005115407
0.005041396
0.005118636
0.005068375
0.004996865
0.005040250
0.005211552
0.005105927
0.005136083
0.005081553
0.005186187
0.005058062
0.005191188
0.005026448
0.005078323
0.005066761
0.005039157
0.005076239
0.005296656
0.005149313
0.005066396
0.005221344
0.005006501
0.004997854
0.005076187
0.005011135
0.005102281
0.005087698
0.005009625
0.005082073
0.005159156
0.005041657
0.005130562
0.005143948
0.004989677
0.005157021
0.005161395
0.005079000
0.005060406
0.005021083
0.005186291
0.005139833
0.005024573
0.005190406
0.005023115
0.005021448
0.005137906
0.005088531
0.005182385
0.005296551
0.005029937
0.005127698
0.005059261
0.005045719
0.005143115
0.005036656
0.005068896
0.005063740
0.005186187
0.005086761
0.005048583
0.005192854
0.005000562
0.005062698
0.005215197
0.005058427
0.005112542
0.005019885
0.005043531
0.005054990
0.005062437
0.005060042
0.005048531
0.005123948
0.005044573
0.005037593
0.005215354
0.005043167
0.005136188
0.004992698
0.004143221
0.005044156
0.005133583
0.005039260
0.005134208
0.005103011
0.005162958
0.005136396
0.005074677
0.005048636
0.005129364
0.005054000
0.005031552
0.005039678
0.005088427
0.005037021
0.005051760
0.005187854
0.005014834
0.005274833
0.005052073
0.005051969
0.005120979
0.005036917
0.005056291
0.005176187
0.005168375
0.005102124
0.005035562
0.005176760
0.005035406
0.005040458
0.005098375
0.005120041
0.005001969
0.005013375
0.005119000
0.005136031
0.005046812
0.005049312
0.005139520
0.005002646
0.005144572
0.005044468
0.005119312
0.005122750
0.005034677
0.005032437
0.005105249
0.005235510
0.005123896
0.005044260
0.005179520
0.005059052
0.005204103
0.005033375
0.005004781
0.005047645
0.005139780
0.005093635
0.005235353
0.005047958
0.005038114
0.005016187
0.004989156
0.005214624
0.005078115
0.005095562
0.005022489
0.005111031
0.005115666
0.005157177
0.005058427
0.005136291
0.005203739
0.005075718
0.005093114
0.005175927
0.005192541
0.005162280
0.005174312
0.005024104
0.005047072
0.005148999
0.005042281
0.005145354
0.005146135
0.005186240
0.005149259
0.005155353
0.005022385
0.005172437
0.005171343
0.005076447
0.005129520
0.005099677
0.005036812
0.004980145
0.005115302
0.005039937
0.005199207
0.005013688
0.005046916
0.005070770
0.005042646
0.005142177
0.005052385
0.005023636
0.005249364
0.005217697
0.005041030
0.005065822
0.005065979
0.005220718
0.005262540
0.005212489
0.005063375
0.005075198
0.005077802
0.005042229
0.005116864
0.005105926
0.005051760
0.005053478
0.005062385
0.005056708
0.005046604
0.005215926
0.005025614
0.005058687
0.005039104
0.005194208
0.005092020
0.005135510
0.005044312
0.005062124
0.005214104
0.004976969
0.005014989
0.005014365
0.005054572
0.005020094
0.005230510
0.005100405
0.005038948
0.005088374
0.005078947
0.005080145
0.005196812
0.004996551
0.005045250
0.005037281
0.005090093
0.005052645
0.005135145
0.005014781
0.005076759
0.005165718
0.005028583
0.005064572
0.005050771
0.005069781
0.005112593
0.005053010
0.005120927
0.005058635
0.005021604
0.005052905
0.005193374
0.005378010
0.005038739
0.005138896
0.005177333
0.004977124
0.005079937
0.005098426
0.005061916
0.005131343
0.005032021
0.005194572
0.005025197
0.005112853
0.005067124
0.005061031
0.005162124
0.005006499
0.005129468
0.005163270
0.005018218
0.005060093
0.005001604
0.005059677
0.005058791
0.005142072
0.005018895
0.005084416
0.005188790
0.005124989
0.005114520
0.005071864
0.005173530
0.005063896
0.004990146
0.005129624
0.005015198
0.005048218
0.005071134
0.005096186
0.005249520
0.005036343
0.005092177
0.005082385
0.005210510
0.005006708
0.005009364
0.005235457
0.005175665
0.005069520
0.005061551
0.005061083
0.005022854
0.005094832
0.005014364
0.005118113
0.005050041
0.005211759
0.004978062
0.005067281
0.005054885
0.005171604
0.005020718
0.005083582
0.005134833
0.005077072
0.005127229
0.005030406
0.005250718
0.005094624
0.005027333
0.005209989
0.005146812
0.005115926
0.005029572
0.005109207
0.005182436
0.005073479
0.005029000
0.005050926
0.005194051
0.005015770
0.005060353
0.005017697
0.005156030
0.004996655
0.005179988
0.005036759
0.005088634
0.005161759
0.005043062
0.005158166
0.005225353
0.005034416
0.005183635
0.005096551
0.005073374
0.005114520
0.005127905
0.005166031
0.005020458
0.005075978
0.005029729
0.005074988
0.005223009
0.005065145
0.005129780
0.005060406
0.005115874
0.005027020
0.005150718
0.005150717
0.005026031
0.005198634
0.005075561
0.005014468
0.005175353
0.005090509
0.005058270
0.005055718
0.005178686
0.005041082
0.005073583
0.005073530
0.005050822
0.005161446
0.005140926
0.005036707
0.005118739
0.005140822
0.005106655
0.005172488
0.005136187
0.005154520
0.005088270
0.005164415
0.005136395
0.005085405
0.005001239
0.005174311
0.005060822
0.005072020
0.005250249
0.005054260
0.005124885
0.005074624
0.005047176
0.005058530
0.005114728
0.005065561
0.005109832
0.005152489
0.005011916
0.005185457
0.005083218
0.005060354
0.005123061
0.005227488
0.005041447
0.005055145
0.005028270
0.005273633
0.005042281
0.005115926
0.005046708
0.005158947
0.004981083
0.005054363
0.005100353
0.005051707
0.005124051
0.005024311
0.005096082
0.005117853
0.005051655
0.005064520
0.005155510
0.005046082
0.005049104
0.005132696
0.005055353
0.005034208
0.005118531
0.005018114
0.005048478
0.005217280
0.005085092
0.005083062
0.005023010
0.005073895
0.005132332
0.005096342
0.005059936
0.005179624
0.005107124
0.005072801
0.005111603
0.005011863
0.005035405
0.005087384
0.005044520
0.005046968
0.005050353
0.005054103
0.005042957
0.005139884
0.005105613
0.005090666
0.005164207
0.005139572
0.005047905
0.005054103
0.005163582
0.005049155
0.005036916
0.005243738
0.005130769
0.005192540
0.005057696
0.005148842
0.005036967
0.005194832
0.005056967
0.005014051
0.005148217
0.005125457
0.005084312
0.005164363
0.005102280
0.005029624
0.005043270
0.005076134
0.005089780
0.005226446
0.005013425
0.005014155
0.005121551
0.005157749
0.005018322
0.005100874
0.005072905
0.005039415
0.005068686
0.005045457
0.005082957
0.005229259
0.005028843
0.005093790
0.005067488
0.005019624
0.005063009
0.005057437
0.005086811
0.005066447
0.005157123
0.004998478
0.005050249
0.005268894
0.005023061
0.005057071
0.005015197
0.005061708
0.005097436
0.005000093
0.005069103
0.005128582
0.005002020
0.005058010
0.005189207
0.005029519
0.005041655
0.005176759
0.005224102
0.005079832
0.005189727
0.005126551
0.005039311
0.005108321
0.005159415
0.005032645
0.005099884
0.005048061
0.005081551
0.005141915
0.005123166
0.005092280
0.005122540
0.005171030
0.005179311
0.005040197
0.005159363
0.005164050
0.005048113
0.005181186
0.005091863
0.005039155
0.005062020
0.005152228
0.004989416
0.005184258
0.005036863
0.005102176
0.005035718
0.005016812
0.005231029
0.005043478
0.005060874
0.005007436
0.005110717
0.005280769
0.005045353
0.005055405
0.005072540
0.005157280
0.005179154
0.005152228
0.005148946
0.005024676
0.005030405
0.005158009
0.005006394
0.005038790
0.005115560
0.005182800
0.005011186
0.005203842
0.005013269
0.005029780
0.005071863
0.005083270
0.005063790
0.004987800
0.005068478
0.005189050
0.005166394
0.005174779
0.005059572
0.005038374
0.005044624
0.005072332
0.005087331
0.005089415
0.005073217
0.005093582
0.005132279
0.004998790
0.005005613
0.005261342
0.005096655
0.005037748
0.005100561
0.005054675
0.005102280
0.005039415
0.005132228
0.005157019
0.005090352
0.005053217
0.005058582
0.005075457
0.005009519
0.005053947
0.005029102
0.005174623
0.005148946
0.005093790
0.005021863
0.005104103
0.005134884
0.005185977
0.005044311
0.005165144
0.005050925
0.005033061
0.005184623
0.005099623
0.005043633
0.005050873
0.005189050
0.005106655
0.005028373
0.005235873
0.005194623
0.005038165
0.005028373
0.005203529
0.005119623
0.005100977
0.005065873
0.005122228
0.005031759
0.005035717
0.005058842
0.005070508
0.005066238
0.005118269
0.005072644
0.005068321
0.004993269
0.005049155
0.005206758
0.005045092
0.005052540
0.005097487
0.005066029
0.005217279
0.005115926
0.005184571
0.005056342
0.005039259
0.005108738
0.005066134
0.005047436
0.005050301
0.005134988
0.005116186
0.005025717
0.005039936
0.005119987
0.005020248
0.005067592
