0.006502419
0.006629502
0.006521639
0.006585023
0.006678408
0.006443565
0.006557941
0.006561169
0.006614971
0.006645075
0.006562003
0.006545284
0.006545961
0.006497002
0.006624398
0.006601326
0.006773564
0.006467524
0.003417798
0.005841120
0.006628565
0.006574971
0.006717575
0.006547523
0.006647940
0.006514399
0.006604503
0.006622263
0.006780439
0.006621429
0.006582784
0.006545179
0.006701794
0.006611481
0.006546482
0.006492680
0.006633044
0.003472328
0.003408527
0.006469920
0.006474555
0.006473773
0.006659189
0.006691273
0.006681794
0.006564815
0.006486586
0.006605753
0.006751585
0.006512055
0.006587888
0.006524503
0.006617836
0.006667939
0.006496169
0.006609138
0.006491898
0.006560128
0.003476599
0.006513618
0.006497159
0.006588929
0.006551222
0.006603097
0.006515440
0.006601846
0.006594346
0.006721689
0.006605179
0.006550127
0.006603253
0.006494034
0.006618304
0.006689815
0.006631429
0.006602054
0.006556482
0.003435662
0.003506339
0.006700231
0.006572211
0.006623461
0.006780908
0.006573305
0.006493357
0.006613461
0.006614815
0.006517472
0.006625231
0.006556065
0.006512992
0.006673304
0.006513149
0.006480962
0.006587055
0.006525909
0.003431079
0.006594711
0.006555284
0.006757887
0.006685700
0.006498201
0.006551482
0.006613565
0.006644398
0.006681117
0.006489503
0.006608356
0.006555075
0.006661429
0.006711377
0.006513982
0.006640805
0.006501430
0.006599554
0.006557836
0.003421287
0.006812523
0.006424972
0.006662158
0.006574503
0.006592315
0.006692314
0.006515545
0.006727054
0.006520493
0.006586325
0.006538409
0.006607940
0.006645075
0.006634033
0.006607159
0.006557680
0.006508721
0.006562315
0.003463422
0.006693408
0.006506169
0.006458305
0.006490909
0.006508253
0.006728356
0.006452888
0.006531794
0.006579294
0.006754189
0.006553669
0.006568357
0.006707627
0.006485805
0.006734606
0.006546847
0.006533982
0.006585127
0.003425767
0.006614034
0.006535649
0.006608825
0.006528461
0.006533097
0.006632471
0.006506378
0.006615805
0.006498409
0.006620283
0.006589763
0.006495024
0.006676065
0.006565961
0.006622002
0.006525648
0.006582628
0.006498305
0.003400818
0.003595244
0.006680440
0.006654242
0.006513826
0.006548148
0.006528982
0.006531117
0.006562524
0.006629815
0.006536950
0.006554242
0.006545232
0.006649502
0.006642263
0.006504347
0.006557055
0.006587940
0.006581169
0.006606794
0.003524881
0.003499568
0.003502954
0.003453891
0.003470818
0.003580870
0.006577940
0.006518253
0.006506587
0.006735960
0.006522836
0.006488878
0.006558148
0.006494451
0.006689554
0.006504087
0.006594659
0.006576742
0.006591429
0.006517471
0.006706586
0.006673929
0.006537471
0.003514933
0.006498722
0.006555180
0.006619086
0.006755231
0.006623148
0.006668720
0.006577680
0.006548461
0.006534764
0.006681794
0.006671690
0.006561950
0.006714033
0.006565075
0.006677888
0.006466430
0.006513513
0.006525753
0.003463370
0.003483631
0.006550909
0.006667940
0.006661742
0.006563461
0.006515337
0.006569711
0.006561743
0.006691637
0.006477940
0.006507315
0.006556638
0.006752367
0.006586273
0.006511742
0.006634189
0.006694867
0.006467472
0.006744398
0.003528839
0.006580283
0.006761064
0.006459868
0.006621482
0.006630231
0.006486482
0.006595492
0.006686898
0.006535805
0.006618253
0.006705595
0.006647731
0.006570544
0.006638773
0.006616325
0.006643096
0.006763043
0.003459829
0.003548161
0.006529294
0.006613617
0.006520493
0.006483618
0.006593252
0.006505544
0.006554503
0.006501794
0.006692939
0.006661794
0.006668043
0.006600023
0.006551274
0.006476430
0.006633201
0.006528722
0.006680284
0.006703356
0.003445818
0.006516795
0.006561690
0.006636117
0.006634919
0.006564294
0.006554868
0.006602783
0.006500701
0.006533878
0.006579398
0.006726273
0.006595544
0.006554607
0.006719971
0.006632835
0.006647887
0.006646637
0.006627627
0.003498995
0.003424047
0.006483930
0.006621533
0.006469659
0.006494608
0.006717731
0.006581742
0.006538201
0.006532211
0.006617054
0.006569867
0.006691377
0.006498096
0.006546846
0.006574242
0.006467108
0.006541899
0.006491117
0.006590180
0.003413111
0.006551430
0.006514503
0.006556117
0.006447993
0.006658409
0.006607263
0.006565596
0.006497368
0.006622523
0.006521846
0.006522784
0.006496430
0.006550023
0.006591430
0.006523774
0.006527159
0.006749241
0.006552575
0.003417329
0.006466326
0.006519763
0.006493305
0.006636950
0.006665856
0.006576533
0.006498096
0.006532368
0.006663982
0.006521274
0.006752522
0.006566690
0.006541586
0.006625023
0.006700075
0.006684189
0.006589659
0.006540597
0.003462953
0.006723148
0.006612731
0.006780595
0.006698095
0.006693878
0.006538878
0.006511170
0.006555648
0.006537523
0.006540597
0.006535232
0.006522940
0.006501847
0.006574763
0.006479451
0.006468201
0.006582368
0.006539555
0.003545402
0.006675700
0.006704450
0.006473566
0.006558617
0.006584346
0.006558305
0.006547263
0.006615649
0.006718200
0.006668877
0.006509659
0.006588773
0.006715648
0.006499608
0.006511326
0.006672419
0.006497628
0.006580804
0.003443631
0.006635700
0.006511586
0.006505076
0.006730439
0.006492628
0.006546534
0.006530649
0.006784763
0.006644607
0.006501118
0.006661325
0.006580440
0.006674293
0.006508253
0.006618513
0.006543774
0.006632524
0.006534555
0.003420923
0.006555127
0.006480128
0.006579190
0.006687158
0.006509086
0.006555961
0.006558774
0.006629711
0.006464763
0.006515544
0.006536170
0.006547523
0.006576325
0.006664086
0.006504816
0.006538201
0.006656013
0.006612784
0.003565193
0.003496339
0.006479660
0.006536221
0.006564243
0.006755804
0.006552159
0.006613252
0.006667888
0.006611273
0.006599554
0.006505648
0.006569607
0.006717002
0.006511795
0.006513566
0.006602783
0.006651377
0.006558409
0.006712679
0.003532380
0.003493005
0.006670128
0.006534138
0.006465181
0.006578929
0.006496638
0.006518513
0.006533461
0.006621742
0.006639034
0.006555024
0.006579450
0.006502784
0.006603878
0.006484763
0.006488409
0.006564398
0.006555440
0.006670440
0.003510974
0.006546951
0.006657940
0.006496483
0.006553200
0.006519138
0.006735752
0.006505649
0.006562888
0.006564034
0.006569868
0.006673409
0.006643096
0.006661690
0.006624346
0.006697680
0.006547055
0.006579867
0.006627315
0.003450089
0.006644347
0.006623408
0.006499503
0.006529347
0.006617419
0.006526691
0.006548409
0.006676116
0.006532368
0.006564295
0.006491378
0.006517784
0.006597836
0.006598929
0.006476847
0.006547836
0.006613878
0.006553357
0.003482224
0.000316248
0.003510506
0.006525284
0.006542576
0.006621065
0.006508253
0.006519607
0.006474972
0.006461274
0.006517992
0.006681534
0.006633253
0.006608304
0.006666846
0.006696481
0.006561169
0.006569034
0.006659085
0.006502940
0.006531013
0.003468318
0.006526899
0.006544295
0.006500389
0.006612420
0.006711273
0.006517367
0.006615753
0.006540232
0.006632575
0.006521065
0.006597836
0.006691065
0.006603565
0.006562003
0.006480962
0.006579086
0.006621221
0.006595596
0.003451704
0.006622888
0.006566638
0.006569659
0.006612315
0.006661950
0.006520753
0.006621378
0.006530961
0.006648148
0.006589607
0.006495544
0.006672992
0.006553409
0.006549347
0.006580909
0.006535492
0.006502837
0.006523045
0.003473110
0.006502263
0.006560128
0.006526899
0.006573096
0.006465181
0.006502003
0.006522889
0.006555805
0.006498774
0.006626481
0.006526065
0.006600024
0.006589450
0.006516482
0.006547315
0.006557263
0.006521118
0.006629346
0.003533058
0.003438527
0.006524243
0.006495597
0.006632159
0.006506586
0.006479294
0.006651481
0.006565492
0.006760335
0.006479763
0.006478514
0.006539607
0.006763512
0.006555701
0.006475492
0.006494451
0.006478878
0.006522836
0.006499191
0.003434777
0.006512055
0.006620023
0.006688774
0.006488722
0.006671898
0.006575336
0.006525285
0.006468149
0.006477472
0.006584139
0.006649033
0.006554763
0.006549242
0.006455805
0.006727523
0.006680857
0.006601482
0.005670965
0.003487224
0.006568044
0.006643722
0.006675544
0.006617106
0.006463721
0.006484920
0.006560180
0.006639815
0.006515232
0.006615648
0.006585075
0.006641169
0.006573878
0.006478566
0.006660492
0.006579711
0.006701950
0.006551586
0.003479881
0.006560961
0.006492212
0.006691273
0.006656742
0.006484139
0.006604555
0.006548305
0.006494972
0.006720179
0.006511586
0.006536273
0.006602367
0.006546065
0.006547784
0.006715596
0.006703408
0.006597055
0.006474190
0.003396027
0.006562263
0.006665700
0.006496482
0.006469763
0.006676637
0.006556378
0.006507940
0.006487784
0.006497992
0.006571014
0.006601117
0.006685179
0.006563669
0.006563148
0.006482263
0.006531899
0.006544346
0.006576690
0.003488735
0.006564555
0.006504607
0.006674398
0.006601117
0.006624450
0.006792418
0.006559868
0.006502732
0.006626586
0.006627211
0.006648565
0.006464347
0.006511691
0.006608617
0.006515597
0.006641430
0.006766690
0.006555805
0.003387381
0.006727002
0.006693669
0.006658982
0.006543305
0.006556586
0.006644711
0.006552003
0.006481586
0.006680335
0.006588982
0.006567680
0.006598721
0.006557055
0.006500076
0.006525076
0.006709398
0.006609972
0.006533096
0.003407485
0.006633096
0.006725075
0.006482524
0.006484712
0.006567523
0.006597419
0.006529451
0.006503930
0.006657887
0.006523357
0.006510128
0.006594867
0.006528618
0.006486117
0.006614919
0.006475284
0.006561899
0.006583305
0.003479099
0.006529555
0.006648461
0.006624086
0.006677367
0.006525545
0.006638930
0.006531794
0.006644190
0.006490284
0.006634294
0.006655909
0.006594190
0.006621638
0.006538721
0.006606430
0.006657783
0.006502629
0.006488878
0.003399725
0.006501170
0.006678565
0.006560701
0.006668408
0.006657784
0.006612419
0.006540388
0.006663513
0.006613722
0.006515701
0.006626013
0.006610232
0.006540492
0.006584190
0.006509816
0.006521794
0.006628461
0.006630544
0.003408995
0.006662523
0.006491117
0.006680596
0.006508879
0.006613982
0.006480441
0.006560857
0.006520284
0.006567159
0.006591899
0.006621065
0.006505128
0.006559138
0.006601951
0.006693982
0.006671742
0.006536013
0.006502628
0.003457641
0.003393579
0.006592992
0.006496846
0.006656846
0.006731012
0.006511534
0.006457420
0.006509086
0.006692315
0.006508253
0.006669555
0.006630648
0.006618669
0.006553409
0.006484972
0.006506587
0.006477315
0.006566846
0.006501378
0.003403371
0.003556130
0.006612107
0.006645284
0.006491430
0.006483774
0.006489815
0.006548097
0.006605127
0.006623878
0.006639920
0.006572888
0.006617888
0.006529347
0.006541795
0.006604763
0.006519399
0.006668252
0.006473357
0.006674554
0.003392850
0.006515961
0.006576482
0.006631221
0.006603721
0.006616222
0.006545544
0.006619138
0.006576222
0.006726221
0.006545962
0.006652732
0.006525128
0.006553773
0.006712367
0.006637992
0.006501066
0.006625127
0.006574659
0.003551079
0.003443891
0.003491547
0.005139718
0.006650492
0.006580909
0.006667054
0.006573462
0.006576326
0.006627003
0.006523409
0.006590388
0.006674867
0.006600232
0.006683877
0.006680231
0.006480909
0.006552628
0.006640857
0.006527523
0.006691898
0.006494660
0.003555506
0.006570284
0.006513513
0.006503201
0.006579295
0.006675856
0.006595545
0.006757523
0.006500701
0.006621950
0.006545701
0.006495285
0.006479191
0.006605492
0.006576013
0.006478722
0.006532524
0.006591795
0.006781898
0.003489933
0.006530493
0.006610753
0.006619763
0.006527368
0.006573982
0.006509035
0.006494764
0.006578461
0.006513097
0.006556534
0.006584138
0.006682524
0.006602315
0.006491222
0.006656534
0.006545388
0.006535857
0.006493045
0.003468578
0.006706013
0.006667732
0.006735857
0.006552628
0.006757314
0.006603461
0.006634868
0.006649242
0.006591742
0.006538513
0.006668929
0.006488774
0.006469972
0.006687314
0.006532628
0.006562837
0.006626951
0.006487368
0.003454620
0.006530597
0.006532628
0.006515180
0.006553097
0.006485024
0.006655753
0.006523826
0.006472315
0.006618253
0.006541743
0.006495806
0.006467264
0.006707940
0.006496951
0.006483878
0.006501169
0.006488566
0.006545128
0.003402121
0.003528058
0.006526170
0.006591795
0.006556795
0.006523305
0.006459815
0.006598826
0.006645544
0.006551274
0.006570389
0.006681534
0.006479347
0.006436014
0.006600909
0.006540493
0.006528669
0.006539867
0.006517524
0.003513474
0.003543006
0.004087274
0.006632628
0.006498982
0.006535076
0.006437837
0.006509087
0.006524294
0.006693878
0.006588722
0.006557993
0.006725496
0.006806120
0.006816797
0.006865182
0.003456809
0.003554049
0.006771016
0.006759454
0.006766328
0.006845703
0.006900703
0.006909817
0.006744037
0.006761745
0.006629506
0.006761432
0.006700079
0.006691120
0.006857005
0.006760131
0.006835443
0.006765339
0.006711016
0.003520299
0.003577174
0.006809922
0.006750444
0.006821276
0.006760339
0.006812370
0.006856693
0.006894922
0.006720600
0.006787214
0.006822058
0.006830547
0.006711694
0.006795912
0.006720964
0.006955755
0.006910182
0.006891068
0.003557539
0.003691705
0.006878099
0.006759402
0.006859506
0.006715808
0.006859454
0.006833308
0.006724715
0.006762839
0.006828620
0.006748047
0.006778516
0.006708933
0.006772787
0.006742683
0.006688412
0.006793828
0.006671641
0.006817422
0.003503320
0.003631445
0.006727162
0.006852423
0.006931328
0.006906328
0.006812422
0.006714506
0.006698621
0.006904401
0.006856380
0.006810286
0.006903359
0.006861589
0.006746590
0.006922943
0.006823412
0.006658933
0.006876276
0.003685455
0.003475508
0.006780287
0.006942005
0.006916016
0.006796693
0.006855756
0.006856693
0.006726173
0.006832995
0.006811797
0.006906693
0.006743672
0.006858099
0.006721798
0.006796953
0.006703829
0.006809662
0.006801694
0.003604518
0.003571601
0.006746642
0.006807475
0.006880235
0.006690704
0.006771589
0.006798256
0.006762631
0.006841381
0.006777006
0.006670131
0.006833828
0.006846693
0.006746277
0.006814297
0.006807318
0.006785183
0.006731485
0.006663256
0.003521237
0.003480195
0.007021848
0.006825600
0.006890130
0.006704662
0.006782840
0.006676955
0.006774350
0.006893724
0.006828464
0.006834141
0.006832318
0.006733881
0.006781537
0.006888360
0.006784818
0.006787579
0.006932265
0.006722891
0.003518007
0.006886953
0.006961536
0.006846276
0.006707476
0.006639662
0.006768568
0.006898881
0.006757214
0.006711694
0.006901693
0.006741381
0.006753829
0.006703100
0.006863256
0.006839558
0.006704611
0.006855651
0.003486446
0.007013932
0.006680965
0.006922371
0.006812370
0.006693517
0.006908829
0.006755131
0.006859871
0.006715965
0.006908256
0.006858985
0.006816641
0.006718881
0.006856745
0.006802787
0.006835496
0.006782892
0.006830756
0.003446445
0.003562643
0.006698204
0.006891276
0.006907110
0.006706121
0.006918308
0.006739923
0.006682319
0.006945339
0.006676017
0.006775600
0.006918204
0.006744402
0.006798308
0.006715860
0.006746798
0.006737527
0.006705391
0.006770339
0.003533737
0.006743360
0.006813100
0.006794037
0.006797422
0.006796121
0.006714507
0.006715965
0.006702579
0.006710236
0.006826693
0.006685028
0.006757944
0.006847267
0.006880964
0.006831641
0.006897058
0.006756330
0.003437279
0.006827267
0.006859401
0.006709611
0.006827006
0.006680080
0.006650028
0.006761434
0.006867839
0.006871069
0.006663309
0.006914766
0.006752215
0.006795027
0.006923099
0.006888881
0.006834193
0.006929558
0.006883828
0.003463789
0.003512122
0.006910808
0.006816902
0.006783778
0.006779767
0.006784923
0.006738934
0.006840496
0.006716850
0.006871798
0.006705080
0.006957475
0.006713152
0.006725392
0.006888673
0.006843152
0.006808569
0.006735913
0.006716902
0.003552643
0.003473268
0.006726121
0.006801329
0.006972579
0.006856121
0.006795808
0.006897474
0.006826173
0.006742892
0.006747372
0.006896120
0.006741955
0.006902006
0.006677528
0.006778412
0.006742006
0.006661173
0.006785965
0.003492800
0.006797475
0.006829038
0.006853048
0.006841590
0.006784871
0.006684194
0.006876798
0.006769923
0.006721538
0.006665288
0.006673257
0.006660549
0.006667475
0.006680861
0.006778725
0.006778048
0.006806538
0.006706642
0.003553007
0.006740080
0.006717319
0.006811641
0.006896902
0.006600705
0.006753985
0.006895600
0.006847059
0.006848308
0.006838621
0.006719923
0.006744298
0.006680549
0.006668413
0.006888100
0.006896798
0.006929818
0.006773204
0.003485404
0.003607070
0.006748413
0.006674299
0.006943725
0.006808986
0.006722580
0.006894246
0.007057891
0.006884767
0.006794089
0.006704923
0.006771902
0.006745184
0.006701017
0.006772527
0.006644298
0.006900860
0.006745496
0.003562799
0.003529466
0.006880912
0.006849402
0.006956381
0.006823674
0.006717579
0.006696174
0.006906538
0.006864454
0.006877423
0.006647788
0.006700549
0.006714975
0.006932058
0.006885808
0.006800705
0.006721486
0.006725027
0.006704350
0.003505040
0.006830444
0.006821121
0.006845340
0.006901121
0.006596538
0.006723101
0.006833413
0.006755861
0.006774402
0.006669247
0.006850861
0.006731121
0.006837996
0.006829663
0.006760444
0.006837788
0.006683153
0.006697268
0.003472487
0.003570508
0.006741590
0.006973517
0.006864246
0.006704611
0.006699663
0.006870756
0.006782527
0.006718986
0.006938516
0.006828777
0.006732944
0.006839871
0.006752892
0.006811330
0.006882579
0.006680549
0.006723309
0.003503529
0.003532019
0.006782268
0.006869871
0.006823465
0.006865444
0.006763361
0.006714455
0.006872476
0.006838517
0.006947527
0.006820913
0.006770184
0.006653518
0.006873465
0.006860236
0.006825965
0.006770548
0.006757320
0.006837788
0.003546133
0.003557800
0.006917892
0.006832007
0.006852371
0.006761746
0.006678726
0.006754194
0.006714976
0.006809975
0.006832788
0.006783517
0.006752736
0.006820184
0.006768517
0.006880548
0.006857059
0.006752580
0.006887944
0.003541914
0.003542331
0.003539571
0.003508686
0.006809975
0.006785184
0.006732632
0.006674247
0.006678414
0.006997944
0.006695497
0.006707163
0.006733205
0.006767892
0.006782528
0.006858152
0.006884976
0.006878726
0.006731799
0.006703830
0.006861278
0.000386561
0.006848308
0.006833465
0.006694872
0.006785600
0.006790028
0.006769819
0.006908204
0.006825965
0.006801955
0.006701955
0.006768882
0.006717737
0.006791955
0.006770080
0.006868830
0.006818621
0.006889351
0.006917423
0.003580456
0.006752475
0.006688987
0.006703934
0.006754924
0.006894975
0.006862111
0.006667840
0.006782475
0.006670862
0.006763048
0.006871069
0.006844923
0.006718726
0.006830027
0.006794767
0.006754299
0.006719195
0.006832319
0.003467800
0.006733986
0.006740236
0.006793309
0.006758101
0.006775653
0.006922267
0.006837788
0.006847996
0.006700653
0.006732164
0.006760653
0.006728205
0.006844507
0.006722632
0.006867371
0.006719611
0.006702944
0.006890600
0.003495977
0.003619310
0.006827475
0.006739298
0.006694247
0.006704924
0.006605132
0.006884872
0.006847580
0.006808726
0.006745914
0.006781590
0.006905861
0.006795965
0.006904298
0.006812997
0.006721539
0.006868309
0.006954090
0.003556706
0.003533945
0.003514414
0.003543477
0.003540352
0.003667018
0.006791122
0.006925496
0.006722215
0.006707372
0.006961538
0.006806278
0.006734195
0.006926069
0.006921017
0.006837996
0.006794090
0.006770913
0.006790600
0.006876955
0.006877684
0.006755757
0.006831694
0.006750653
0.003588581
0.006744091
0.006667946
0.006803153
0.006748883
0.006876486
0.006920496
0.006722893
0.006686852
0.006784403
0.006891069
0.006618570
0.006825341
0.006713778
0.006887111
0.006942579
0.006870861
0.006819351
0.006805705
0.006736799
0.006807320
0.006722529
0.006736591
0.006763569
0.006773257
0.006747111
0.006723934
0.006741538
0.006731330
0.006865965
0.006855237
0.006774351
0.006890132
0.006721486
0.006914454
0.006937893
0.006886173
0.003436394
0.006890131
0.006829767
0.006718883
0.006913882
0.006708310
0.006964298
0.006916018
0.006794091
0.006729351
0.006879507
0.006723466
0.006681955
0.006719403
0.006996590
0.006727268
0.006805028
0.006832840
0.006713049
0.003575352
0.006778414
0.006846225
0.006722633
0.006875705
0.006733779
0.006780393
0.006834351
0.006846695
0.006743570
0.006945809
0.006781642
0.006722789
0.006822112
0.006888413
0.006908101
0.006924715
0.006847215
0.006740393
0.003515977
0.006986017
0.006740653
0.006836851
0.006696070
0.006761122
0.006725705
0.006773153
0.006735809
0.006852685
0.006701175
0.006821539
0.006756226
0.006838622
0.006729820
0.006842684
0.006840288
0.006832007
0.006736695
0.003539415
0.003581029
0.006839351
0.006688153
0.006737789
0.006832737
0.006790288
0.006911799
0.006835914
0.006733102
0.007063465
0.006835810
0.006758570
0.006852424
0.006848882
0.006710028
0.006814663
0.006742580
0.006762684
0.006725913
0.003575404
0.006834403
0.006845914
0.006823935
0.006629300
0.006695550
0.006696748
0.006797632
0.006797216
0.006783414
0.006756539
0.006699924
0.006967267
0.006857111
0.006751591
0.006887996
0.006742581
0.006739977
0.006897059
0.003548737
0.003703685
0.006922320
0.006990757
0.006771018
0.006758883
0.006887528
0.006688257
0.006766799
0.006728987
0.006819872
0.006756643
0.006766747
0.006729508
0.006732633
0.006753466
0.006701018
0.006742684
0.006668362
0.006929976
0.003545769
0.003576811
0.003545456
0.003542228
0.003528165
0.003775664
0.006804664
0.006739455
0.006803935
0.006891747
0.006702737
0.006763310
0.006700445
0.006821851
0.006956226
0.006854299
0.006828465
0.006840705
0.006730601
0.006766227
0.006860549
0.006770758
0.006632373
0.006897736
0.003481394
0.006775861
0.006703987
0.006787268
0.006725601
0.006846070
0.006837528
0.006769924
0.006765081
0.006762373
0.006944195
0.006849195
0.006839664
0.006768830
0.006872633
0.006870758
0.006942111
0.006686174
0.006898205
0.003472384
0.006805497
0.006906955
0.006774664
0.006939663
0.006752945
0.006879924
0.006695706
0.006800914
0.006958726
0.006882008
0.006814559
0.006819247
0.006742789
0.006755133
0.006892893
0.006841643
0.006759716
0.006842112
0.003451655
0.006951955
0.006823206
0.006840028
0.006847112
0.006978361
0.006704144
0.006876539
0.006796435
0.006893934
0.006828205
0.006848414
0.006762737
0.006709092
0.006868153
0.006813987
0.006711227
0.006849247
0.006690758
0.003455301
0.006836486
0.006656800
0.006868049
0.006749144
0.006763519
0.006760810
0.006833726
0.006852060
0.006899247
0.006830914
0.006974715
0.006761591
0.006852163
0.006817424
0.006738727
0.006848622
0.006795654
0.006798622
0.003542384
0.006767894
0.006797060
0.006777008
0.006794768
0.006850757
0.006764300
0.006879352
0.006770080
0.006725706
0.006863622
0.006744665
0.006648571
0.006759351
0.006691488
0.006714924
0.006857372
0.006773935
0.003421238
0.003600716
0.006931174
0.006888049
0.006856226
0.006843830
0.006776123
0.006755914
0.006983361
0.006786799
0.006643935
0.006701331
0.006835029
0.006756487
0.006911018
0.006798205
0.006841643
0.006935185
0.006856956
0.006779507
0.003605768
0.006917007
0.006890237
0.006768414
0.006811643
0.006868935
0.006779977
0.006951851
0.006832529
0.006759143
0.006887632
0.006960705
0.006735654
0.006897789
0.006720758
0.006702113
0.006679092
0.006836643
0.006737164
0.003518738
0.006910028
0.006846122
0.006901070
0.006897476
0.006641071
0.006726904
0.006741123
0.006960705
0.006878518
0.006819976
0.006813726
0.006761800
0.006840028
0.006762164
0.006785862
0.006969611
0.006717425
0.006782529
0.003538894
0.006972841
0.006836747
0.006920184
0.006702686
0.006731852
0.006714351
0.006864821
0.006764924
0.006857268
0.006817477
0.006678154
0.006725342
0.006767373
0.006837425
0.006809143
0.006728310
0.006731227
0.006695237
0.003555196
0.006823309
0.006810341
0.006731123
0.006849091
0.006838205
0.006723571
0.006677009
0.006625498
0.006798726
0.006676123
0.006822008
0.006827216
0.006842373
0.006857841
0.006867372
0.006830341
0.006833466
0.006762581
0.003529831
0.006800185
0.006934872
0.006925341
0.006740498
0.006870185
0.006719560
0.006904664
0.006878310
0.006790550
0.006713571
0.006667113
0.006762060
0.006821851
0.006806487
0.006710654
0.007072528
0.006854351
0.003437176
0.006782789
0.006709196
0.006866174
0.006734404
0.006900029
0.006884247
0.006739144
0.006792894
0.006837164
0.006833935
0.006869091
0.006762998
0.006722946
0.006662789
0.006826070
0.006757113
0.006689352
0.006825654
0.003456812
0.005684147
0.006756852
0.006705759
0.006754144
0.006859092
0.006734456
0.006714456
0.006835394
0.006791436
0.006751748
0.006816644
0.006884559
0.006799300
0.006734769
0.006720342
0.006848153
0.006891018
0.006891800
0.003441082
0.003626654
0.006874664
0.006900497
0.006790290
0.006693519
0.006921018
0.006745759
0.006787112
0.006823153
0.006925446
0.006848154
0.006811956
0.006706019
0.006792060
0.006830289
0.006692321
0.006898883
0.006803623
0.003466395
0.006854039
0.006798571
0.006814664
0.006829248
0.006673727
0.006935184
0.006851227
0.007139194
0.006780029
