0.005738149
0.005705597
0.005800284
0.005718358
0.005821638
0.005746483
0.005927367
0.005700077
0.005746326
0.005933982
0.005759139
0.005709712
0.005692524
0.005686327
0.005725337
0.005678410
0.005792733
0.005698670
0.005750232
0.005706118
0.005717159
0.005811274
0.005826847
0.005729764
0.005794659
0.005707212
0.005874815
0.005788253
0.005780649
0.005753097
0.005716014
0.005730493
0.005825389
0.005902732
0.005839191
0.005779243
0.005761743
0.005770128
0.005750545
0.005930284
0.005714764
0.005791066
0.005702212
0.005738306
0.005657160
0.005898826
0.005814451
0.005780806
0.005757055
0.005737993
0.005733566
0.005758513
0.005711795
0.005892992
0.005689556
0.005777160
0.005779816
0.005721274
0.005700024
0.005779035
0.005791690
0.005773670
0.005941637
0.005672524
0.005733826
0.005749139
0.005865180
0.005894294
0.005736587
0.005879138
0.005789659
0.002515717
0.005789607
0.005950856
0.005846430
0.005872055
0.005705857
0.005725441
0.005891534
0.005807680
0.005844139
0.005753878
0.005734348
0.005745441
0.005941950
0.005727733
0.005725598
0.005733253
0.005748201
0.005707889
0.005720962
0.005884555
0.005777733
0.005799712
0.005730389
0.005844503
0.005828149
0.005835910
0.005674191
0.005696223
0.005734920
0.005823149
0.005804086
0.005814815
0.005752577
0.005723514
0.005950440
0.005708150
0.005922992
0.005755805
0.005810337
0.005881430
0.005741274
0.005715962
0.005900805
0.005911847
0.005768983
0.005763253
0.005732732
0.005737107
0.005794555
0.005753826
0.005928044
0.005742993
0.005717316
0.005757472
0.005707837
0.005763045
0.005761483
0.005891950
0.005675285
0.005882263
0.005785597
0.005737784
0.005837576
0.005697264
0.005876169
0.005762472
0.005696900
0.005699608
0.005778513
0.005768514
0.005708775
0.005860232
0.005721223
0.005860753
0.005875232
0.005771431
0.005805076
0.005916951
0.005842732
0.005747524
0.005870180
0.005757056
0.005991273
0.005763149
0.005788149
0.005738253
0.005698619
0.005975596
0.005871325
0.005719972
0.005740702
0.005820545
0.005849295
0.005942054
0.005692368
0.005857993
0.005718618
0.005920753
0.005721483
0.005762992
0.005775753
0.005943825
0.005812628
0.005715962
0.005747889
0.005777784
0.005708827
0.005731326
0.005791691
0.005739191
0.005754660
0.005799763
0.005708306
0.005762732
0.005962784
0.005711639
0.005937576
0.005865076
0.005685285
0.005791899
0.005739347
0.005761482
0.005735753
0.005893930
0.005688358
0.005667577
0.005850961
0.005741483
0.005980857
0.005942419
0.005757055
0.005908722
0.005813461
0.005765128
0.005702420
0.005738045
0.005792212
0.005885180
0.005751691
0.005702316
0.005739035
0.005883930
0.005724087
0.005722837
0.005892315
0.005781586
0.005799607
0.005786847
0.005885440
0.005716587
0.005817889
0.005914555
0.005689764
0.005755076
0.005986377
0.005754399
0.005718098
0.005677003
0.005731274
0.005900649
0.005717732
0.005787784
0.005700077
0.005750909
0.005717316
0.005960283
0.005688670
0.005727524
0.005737733
0.005850701
0.005837732
0.005731170
0.005890492
0.005797784
0.005741743
0.005900856
0.005796483
0.005897576
0.005760649
0.005655338
0.005714920
0.005711535
0.005746587
0.005746691
0.005727628
0.005745337
0.005853514
0.005961742
0.005843618
0.005712420
0.005841638
0.005733045
0.005812055
0.005725753
0.005735858
0.005754712
0.005799868
0.005860857
0.005864972
0.005779191
0.005987836
0.005695545
0.005683670
0.005821326
0.005907784
0.005784295
0.005721900
0.005795545
0.005737733
0.005877523
0.005642734
0.005660701
0.005865962
0.005750858
0.005831117
0.005707003
0.005730493
0.005718202
0.005721796
0.005717472
0.005727941
0.005901951
0.005788149
0.005749400
0.005721014
0.005929242
0.005726326
0.005719452
0.005726326
0.005743670
0.005782576
0.005754555
0.005862420
0.005719400
0.005851274
0.005751847
0.005739816
0.005869294
0.005725650
0.005875648
0.005863513
0.005724608
0.005795857
0.005709711
0.005730025
0.005709608
0.005826222
0.005776014
0.005756847
0.005965336
0.005742316
0.005926846
0.005860128
0.005768617
0.005907367
0.005755702
0.005764659
0.005879607
0.005855805
0.005721586
0.005849190
0.005770388
0.005784347
0.005836222
0.005732733
0.005702993
0.005918200
0.005872576
0.005740337
0.005762316
0.005752056
0.005916846
0.005875961
0.005747316
0.005707941
0.005792681
0.005772004
0.005772368
0.005846586
0.005674296
0.005804503
0.005703878
0.005851378
0.005720910
0.005894243
0.005788878
0.005983669
0.005736326
0.005913461
0.005701535
0.005766951
0.005666795
0.005722889
0.005717160
0.005958408
0.005990856
0.005685858
0.005734086
0.005723410
0.005913669
0.005792785
0.005655545
0.005768514
0.005711222
0.005952940
0.005711743
0.005856274
0.005815233
0.005760754
0.005726639
0.005773617
0.006052992
0.005775545
0.005736118
0.005743306
0.005830909
0.005739087
0.005735858
0.005939867
0.005831430
0.005667160
0.005896482
0.005719451
0.005743514
0.005838826
0.005727577
0.005737056
0.005714556
0.005809295
0.005717629
0.005903461
0.005834399
0.005806743
0.005834243
0.005742889
0.005786690
0.005905336
0.005682837
0.005755909
0.005786431
0.005775128
0.005932524
0.005919659
0.005740962
0.005710337
0.005692733
0.005692680
0.005788097
0.005882211
0.005850284
0.005702577
0.005766326
0.005924346
0.005718358
0.005762993
0.005717577
0.005765337
0.005740284
0.005734139
0.005707837
0.005719504
0.005845284
0.005786587
0.005959450
0.005654244
0.005728202
0.005890336
0.005738931
0.005723306
0.005798670
0.005770909
0.005980648
0.005757472
0.005708826
0.005824660
0.005907211
0.005751170
0.005710702
0.005715545
0.005898930
0.005723618
0.005761170
0.005783357
0.005817680
0.005889867
0.005773722
0.005907158
0.005744503
0.005659712
0.005749503
0.005865440
0.005695962
0.005896169
0.005827367
0.005925440
0.005788565
0.005692420
0.005742420
0.005739139
0.005951481
0.005706587
0.005792941
0.005750909
0.005738149
0.005837055
0.005743566
0.005963201
0.005735232
0.005699504
0.005746222
0.005900180
0.005895388
0.005959346
0.005783253
0.005708983
0.005877212
0.005758045
0.005756587
0.005715337
0.005715181
0.005707993
0.005794816
0.005862836
0.005704243
0.005755702
0.005761483
0.005844451
0.005682472
0.005700181
0.005954294
0.005765337
0.005835493
0.005860388
0.005796951
0.005711900
0.005951117
0.005686587
0.005784243
0.005771118
0.005864816
0.005639660
0.005729400
0.005933408
0.005728046
0.005745232
0.005707212
0.005786587
0.005880492
0.005707681
0.005730389
0.005733827
0.005807836
0.005769712
0.005801638
0.005665233
0.005773149
0.005903514
0.005778670
0.005863669
0.005698150
0.005875909
0.005894138
0.005895232
0.006084658
0.005805805
0.005757160
0.005716118
0.005675077
0.005901221
0.005747420
0.005738097
0.006039710
0.005721066
0.005737056
0.005739139
0.005683879
0.005704191
0.005881794
0.005734764
0.005779242
0.005690181
0.005655545
0.005879503
0.005747473
0.005698097
0.005703618
0.005794295
0.005819972
0.005846274
0.005728358
0.005723254
0.005793305
0.005814555
0.005766066
0.005729087
0.005776118
0.005835023
0.005742680
0.005751118
0.005846690
0.005748097
0.005830284
0.005794139
0.005762576
0.005855649
0.005734972
0.005727211
0.005708722
0.005774711
0.005733879
0.005775441
0.005726431
0.005744035
0.005685493
0.005911117
0.005892576
0.005803930
0.005857211
0.005772525
0.005740545
0.005720962
0.005839659
0.005721170
0.005811170
0.005707369
0.005726535
0.005751378
0.005761639
0.005924294
0.005887419
0.005693670
0.005877419
0.005844346
0.005734035
0.005761743
0.005925440
0.005715597
0.005759139
0.005728358
0.005743149
0.005721066
0.005783462
0.005762889
0.005742421
0.005826118
0.005860805
0.005924086
0.005753149
0.005735597
0.005738983
0.005773306
0.005915648
0.005865701
0.005702316
0.005726014
0.005933930
0.005890232
0.005763670
0.005960805
0.005763722
0.005813669
0.005960961
0.005734816
0.005871274
0.005746327
0.005787108
0.005691014
0.005773670
0.005744973
0.005766222
0.005889034
0.005721066
0.005777264
0.005809971
0.005772784
0.005749972
0.005699712
0.005912471
0.005744764
0.005794138
0.005795857
0.005717316
0.005804607
0.005783409
0.005719139
0.005840233
0.005769868
0.005746586
0.005817368
0.005755388
0.005784243
0.005741951
0.005749555
0.005887055
0.005804815
0.005752316
0.005762941
0.005739712
0.005723826
0.005703202
0.005865232
0.005730337
0.005776482
0.005811742
0.005854763
0.005942836
0.005865388
0.005702264
0.005966481
0.005873461
0.005734608
0.005707264
0.005774608
0.005759191
0.005710910
0.005683723
0.005886222
0.005761586
0.005743931
0.005737836
0.005766691
0.005916534
0.005771899
0.005863305
0.005926221
0.005680390
0.005788670
0.005939294
0.005743775
0.005789763
0.005702733
0.005826535
0.005787160
0.005905805
0.005736691
0.005861013
0.005754763
0.005906274
0.005894607
0.005679555
0.005844972
0.005749764
0.005773982
0.005711848
0.005788878
0.005958773
0.005730077
0.005822003
0.005804451
0.005792212
0.005759243
0.005823096
0.005857419
0.005877680
0.005764659
0.005740181
0.005741170
0.005853149
0.005771795
0.005891899
0.005750753
0.005742264
0.005709764
0.005888357
0.005825545
0.005706066
0.005813617
0.005713827
0.005918305
0.005685962
0.005674451
0.005856326
0.005714972
0.005856169
0.005755754
0.005771378
0.005683514
0.006055804
0.005721275
0.005701743
0.005729243
0.005779815
0.005736743
0.005883617
0.005914502
0.005783878
0.005885545
0.005698462
0.005738097
0.005861795
0.005773826
0.005764503
0.005709139
0.005973200
0.005726431
0.005903617
0.005768045
0.005847055
0.005808461
0.005746170
0.005714296
0.005699972
0.005749035
0.005708305
0.005776639
0.005760128
0.005720753
0.005730545
0.005734972
0.005774034
0.005721639
0.005803930
0.005851691
0.005721795
0.005756900
0.005727420
0.005727681
0.005904607
0.005718670
0.005831325
0.005763253
0.005754972
0.005782524
0.005671431
0.005739920
0.005862576
0.005732212
0.005679556
0.005723931
0.005852159
0.005727368
0.005729660
0.005912471
0.005726691
0.005764347
0.005754556
0.005779034
0.005778722
0.005716066
0.005754556
0.005806795
0.005827681
0.005741691
0.005747264
0.005773774
0.005808410
0.005728306
0.005722056
0.005720441
0.005944711
0.005853930
0.005760180
0.005836065
0.005949086
0.005825128
0.005706952
0.005789712
0.005877367
0.006028721
0.005732316
0.005971846
0.005710754
0.005893045
0.005949815
0.005692993
0.005835596
0.005750076
0.006139293
0.005875752
0.005680701
0.005757420
0.005741535
0.005889346
0.005803566
0.005859190
0.005878982
0.005848097
0.005699139
0.005699296
0.005691014
0.005880232
0.005753461
0.005848148
0.005742212
0.005710597
0.005739139
0.005829660
0.005677108
0.005766118
0.005842940
0.005886221
0.005821795
0.005812628
0.005731118
0.005755336
0.005821118
0.005735233
0.005823045
0.005717836
0.005668567
0.005925023
0.005928669
0.005716379
0.005726639
0.005689400
0.005766639
0.005877732
0.005835128
0.005872732
0.005677785
0.005860024
0.005766795
0.005744243
0.005758201
0.005708879
0.005727889
0.005848930
0.005737472
0.005692003
0.005740389
0.005777889
0.005804712
0.005869555
0.005765857
0.005775910
0.005717211
0.005726744
0.005685025
0.005865231
0.005783201
0.005844086
0.005822628
0.005739190
0.005781638
0.005737420
0.005682056
0.005742107
0.005814503
0.005743722
0.005727577
0.005905701
0.005696171
0.005843930
0.005751899
0.005755806
0.005790024
0.005911898
0.005751274
0.005877576
0.005707837
0.005692420
0.005909033
0.005801170
0.005763722
0.005701067
0.005714764
0.005706847
0.005693202
0.005878565
0.005865336
0.005946013
0.005774607
0.005976638
0.005831535
0.005926221
0.005755545
0.005723774
0.005685857
0.005788201
0.005780805
0.005743514
0.005881638
0.005744296
0.005724139
0.005724972
0.005718983
0.005798722
0.005769816
0.005856378
0.005946586
0.005832003
0.005858513
0.005758983
0.005875179
0.006174137
0.005805232
0.005726222
0.005751639
0.005890649
0.005702473
0.005856587
0.005747629
0.005777940
0.005848565
0.005814711
0.005698201
0.005729868
0.005822680
0.005831742
0.005719347
0.005788461
0.005738305
0.005873982
0.005816066
0.005671691
0.005817628
0.005865180
0.005788306
0.005743202
0.005854555
0.005723774
0.005767472
0.005861794
0.005857576
0.005924815
0.005859086
0.005708202
0.005772056
0.005871899
0.005743410
0.005713254
0.005730962
0.005860545
0.005768722
0.005778462
0.005763983
0.005726900
0.005826534
