0.003598529
0.006600706
0.006475446
0.006520394
0.006640603
0.006745446
0.006694821
0.006600030
0.006692738
0.006730341
0.006599873
0.006706957
0.006623519
0.006586331
0.006715341
0.006608467
0.006617269
0.006576853
0.006549145
0.003586290
0.006550603
0.006643519
0.006516436
0.006631436
0.006682321
0.006652112
0.006591749
0.006605654
0.006675498
0.006650550
0.006566644
0.006548415
0.006571071
0.006665185
0.006691331
0.006652790
0.006521748
0.006667008
0.003557852
0.006695915
0.006664664
0.006727425
0.006603519
0.006477582
0.006778311
0.006568936
0.006555030
0.006587581
0.006666800
0.006682216
0.006541071
0.006598779
0.006555863
0.006667321
0.006666436
0.006521852
0.006645706
0.003728476
0.006591019
0.006644561
0.006548363
0.006578624
0.006757113
0.006729144
0.006557738
0.006644821
0.006703467
0.006654196
0.006723884
0.006536071
0.006562686
0.006751279
0.006518154
0.006551749
0.006618050
0.006668676
0.003785820
0.006602217
0.006547842
0.006589300
0.006536175
0.006721696
0.006565654
0.006636019
0.006634717
0.006520603
0.006658363
0.006708466
0.006695029
0.006603102
0.006589977
0.006636176
0.006562009
0.006791800
0.006754977
0.003592956
0.006739300
0.006630290
0.006654144
0.006778675
0.006681331
0.006677842
0.006597113
0.006641905
0.006793101
0.006608415
0.006627373
0.006585811
0.006560342
0.006560342
0.006662894
0.006621853
0.006638102
0.006636540
0.003771446
0.006594560
0.006565863
0.006684248
0.006580862
0.006710133
0.006529561
0.006570394
0.006533051
0.006615863
0.006644821
0.006775654
0.006614874
0.006586279
0.006656592
0.006505863
0.006587061
0.006545810
0.006623311
0.003607696
0.006520238
0.006825393
0.006568415
0.006695238
0.006527946
0.006579352
0.006580862
0.006546800
0.006630967
0.006549873
0.006779872
0.006635758
0.006571488
0.006513936
0.006556279
0.006696123
0.006687269
0.006620290
0.003754414
0.006599613
0.006837580
0.006782164
0.006537790
0.006642164
0.006610603
0.006754872
0.006672425
0.006527946
0.006660081
0.006662373
0.006572685
0.006673988
0.006569144
0.006548102
0.006726435
0.006576644
0.003571185
0.003782956
0.006553415
0.006623936
0.006525030
0.006640863
0.006834769
0.006585446
0.006602165
0.006768362
0.006541592
0.006720706
0.006741019
0.006624144
0.006688883
0.006534092
0.006568363
0.006681904
0.006591331
0.006575759
0.003718581
0.006574977
0.006657894
0.006572842
0.006601540
0.006621487
0.006638779
0.006698987
0.006546540
0.006619144
0.006636800
0.006532321
0.006627425
0.006578363
0.006676644
0.006756435
0.006544040
0.006721488
0.006604925
0.003707279
0.006558363
0.006534665
0.006642685
0.006514404
0.006558884
0.006572530
0.006625550
0.006557738
0.006606957
0.006636071
0.006574977
0.006597581
0.006774196
0.006547217
0.006595863
0.006533676
0.006528623
0.006584560
0.003719466
0.006700445
0.006525290
0.006653623
0.006647686
0.006525551
0.006590029
0.006716487
0.006671696
0.006611696
0.006723050
0.006632373
0.006583415
0.006615707
0.006681487
0.006602113
0.006547113
0.006659560
0.006560029
0.003724727
0.006582164
0.006558467
0.006578779
0.006666332
0.006566540
0.006562165
0.006657477
0.006724768
0.006685810
0.006832425
0.006654456
0.006580759
0.006610810
0.006671175
0.006572894
0.006665811
0.006812633
0.006554144
0.003697175
0.006524144
0.006651071
0.006634977
0.006671279
0.006674300
0.006570498
0.006561331
0.006640915
0.006777789
0.006521696
0.006523155
0.006593623
0.006627425
0.006520134
0.006654092
0.006574873
0.006654925
0.006596175
0.003726810
0.006653258
0.006691071
0.006685654
0.006545967
0.006551540
0.006611852
0.006576331
0.006679872
0.006819352
0.006676123
0.006557998
0.006594091
0.006615029
0.006521384
0.006557060
0.006601540
0.006566801
0.006617998
0.003646914
0.006636592
0.006580447
0.006575654
0.006658779
0.006618467
0.006534352
0.006591331
0.006558102
0.006697946
0.006524144
0.006620758
0.006559821
0.006592998
0.006529612
0.006602425
0.006555030
0.006589144
0.006584508
0.003723269
0.006611957
0.006684092
0.006733935
0.006516019
0.006586227
0.006567633
0.006581748
0.006599509
0.006819664
0.006651175
0.006704925
0.006584977
0.006634612
0.006553363
0.006529978
0.006519300
0.006532998
0.006585602
0.003731133
0.003652799
0.006862424
0.006577113
0.006749039
0.006511384
0.006587008
0.006582269
0.006659508
0.006704768
0.006497634
0.006680966
0.006613415
0.006602216
0.006516436
0.006630967
0.006548311
0.006635602
0.006609248
0.006548467
0.003731705
0.006529561
0.006599925
0.006715758
0.006648883
0.006572269
0.006683310
0.006569613
0.006554456
0.006672112
0.006800185
0.006573988
0.006688310
0.006738570
0.006693675
0.006559300
0.006638519
0.006612529
0.006564092
0.003700091
0.006580237
0.006583311
0.006654769
0.006600238
0.006604092
0.006656070
0.006665446
0.006492999
0.006745705
0.006483363
0.006599352
0.006543831
0.006740445
0.006584561
0.006504144
0.006532530
0.006562529
0.006545290
0.003703997
0.006659456
0.006638832
0.006732997
0.006605654
0.006612425
0.006796539
0.006681122
0.006612268
0.006480551
0.006719768
0.006609040
0.006527425
0.006717060
0.006632686
0.006603675
0.006649665
0.006669404
0.006565966
0.003649206
0.003641966
0.006541279
0.006522998
0.006625134
0.006592998
0.006568154
0.006611123
0.006683935
0.006686279
0.006641539
0.006578102
0.006693258
0.006634352
0.006551071
0.006694143
0.006543519
0.006557008
0.006531488
0.006527165
0.003639831
0.003701758
0.003671550
0.006624248
0.006584717
0.006539300
0.006629352
0.006608362
0.006565394
0.006526175
0.006554769
0.006676904
0.006665029
0.006738050
0.006655758
0.006585810
0.006613415
0.006542061
0.006564144
0.006529769
0.003597384
0.006766696
0.006495915
0.006583258
0.006563519
0.006645029
0.006665498
0.006610393
0.006705341
0.006597373
0.006686800
0.006510915
0.006567685
0.006658675
0.006662268
0.006554404
0.006585081
0.006616956
0.006547685
0.003651134
0.003715508
0.003625196
0.006573728
0.006679195
0.006518624
0.006560133
0.006523311
0.006624248
0.006579873
0.006672477
0.006541956
0.006553675
0.006652946
0.006692008
0.006599977
0.006619456
0.006704820
0.006638466
0.006720133
0.006578936
0.003710925
0.006605758
0.006613831
0.006800862
0.006590290
0.006695029
0.006581175
0.006616279
0.006629039
0.006637946
0.006540810
0.006656539
0.006526539
0.006574404
0.006631904
0.006615862
0.006508831
0.006561696
0.003599363
0.006784924
0.006530967
0.006633883
0.006673049
0.006598467
0.006703674
0.006671019
0.006624613
0.006638362
0.006554716
0.006644560
0.006528050
0.006580967
0.006583831
0.006562841
0.006746539
0.006516384
0.006644039
0.003726341
0.003680769
0.006605967
0.006603935
0.006665497
0.006597009
0.006536749
0.006648206
0.006564977
0.006595966
0.006531852
0.006529404
0.006634039
0.006530655
0.006594508
0.006528519
0.006650601
0.006671175
0.006556956
0.006568571
0.003691914
0.006552321
0.006655550
0.006548883
0.006605966
0.006532894
0.006707060
0.006609665
0.006529509
0.006522842
0.006662997
0.006628206
0.006661696
0.006573884
0.006601696
0.006781851
0.006662633
0.006777112
0.006707945
0.003613530
0.006603415
0.006646019
0.006626540
0.006718519
0.006667477
0.006494144
0.006533988
0.006832789
0.006566175
0.006552373
0.006574717
0.006738206
0.006598779
0.006657529
0.006537112
0.006772164
0.006583050
0.006508363
0.003570300
0.006600810
0.006783049
0.006520758
0.006539821
0.006604873
0.006560290
0.006588936
0.006655341
0.006672789
0.006564873
0.006735602
0.006547738
0.006611539
0.006656643
0.006604873
0.006554561
0.006576071
0.006550863
0.003598165
0.006625550
0.006489926
0.006683727
0.006514196
0.006644716
0.006520446
0.006562269
0.006835914
0.006657790
0.006573883
0.006624613
0.006534925
0.006555758
0.006666174
0.006593935
0.006532894
0.006695028
0.006476435
0.003632956
0.006572581
0.006605134
0.006745549
0.006576904
0.006536175
0.006716019
0.006607737
0.006752945
0.006655759
0.006642634
0.006634612
0.006610914
0.006572321
0.006724560
0.006528519
0.006621226
0.006805445
0.006654508
0.003591758
0.006706018
0.006604613
0.006639664
0.006699820
0.006638206
0.006532425
0.006587789
0.006549613
0.006562164
0.006650602
0.006677216
0.006662372
0.006570341
0.006641956
0.006690862
0.006662789
0.006528935
0.006537738
0.003605300
0.006577373
0.006550602
0.006583049
0.006656903
0.006700237
0.006730132
0.006577008
0.006535394
0.006733153
0.006664664
0.006660029
0.006594613
0.006563415
0.006717007
0.006666018
0.006549040
0.006563050
0.006578258
0.003596550
0.006812736
0.006563050
0.006570915
0.006658258
0.006562217
0.006642581
0.006572998
0.006648883
0.006566071
0.006629195
0.006546488
0.006597737
0.006622113
0.006587320
0.006687008
0.006541592
0.006523310
0.003649623
0.003750872
0.006613987
0.006567477
0.006674091
0.006543102
0.006651747
0.006736747
0.006594977
0.006666956
0.006823986
0.006553311
0.006623153
0.006736696
0.006615497
0.006541227
0.006733675
0.006535394
0.006752580
0.006613571
0.003672591
0.006593363
0.006659404
0.006676644
0.006566852
0.006509040
0.006663362
0.006574039
0.006664144
0.006533987
0.006530914
0.006654873
0.006650341
0.006587060
0.006677737
0.006652112
0.006676330
0.006540863
0.006564196
0.003668737
0.006535186
0.006639664
0.006566644
0.006656487
0.006628050
0.006567529
0.006589091
0.006544612
0.006634872
0.006711487
0.006531175
0.006630549
0.006595446
0.006534196
0.006676748
0.006548362
0.006693987
0.003621706
0.006673102
0.006552894
0.006679247
0.006541488
0.006541018
0.006559873
0.006558310
0.006584613
0.006664404
0.006632164
0.006541592
0.006626696
0.006576279
0.006576175
0.006656643
0.006799872
0.006507946
0.006598935
0.003661967
0.003648633
0.006613831
0.006635706
0.006658882
0.006571800
0.006664143
0.006539977
0.006591696
0.006779612
0.006622789
0.006748518
0.006664039
0.006683310
0.006592372
0.006588102
0.006682685
0.006708623
0.006575394
0.006522842
0.003660352
0.003623321
0.006607633
0.006657842
0.006625602
0.006673623
0.006656382
0.006586591
0.006665237
0.006652789
0.006708362
0.006500550
0.006580654
0.006584925
0.006582113
0.006577112
0.006633258
0.006513102
0.006647997
0.003600456
0.006668518
0.006533311
0.006513415
0.006587216
0.006798674
0.006587946
0.006573050
0.006638466
0.006766643
0.006656851
0.006720133
0.006670081
0.006644872
0.006653205
0.006671226
0.006665446
0.006551175
0.006629872
0.006598831
0.003645456
0.006658883
0.006768414
0.006536592
0.006577633
0.006532425
0.006609040
0.006792008
0.006666591
0.006744456
0.006633935
0.006662008
0.006594247
0.006663883
0.006661539
0.006553779
0.006802737
0.006693466
0.006583206
0.003583685
0.006701226
0.006649248
0.006723257
0.006687581
0.006565498
0.006608154
0.006646435
0.006676070
0.006586904
0.006546175
0.006710445
0.006616695
0.006616122
0.006737893
0.006608883
0.006592425
0.006573310
0.003575925
0.006629820
0.006782112
0.006688101
0.006616643
0.006764664
0.006556227
0.006604039
0.006668623
0.006670028
0.006614299
0.006764455
0.006571279
0.006589873
0.006689612
0.006491175
0.006663883
0.006531123
0.006763154
0.006546071
0.003795560
0.006534769
0.006582737
0.006501696
0.006638362
0.006741852
0.006587581
0.006684352
0.006698466
0.006577790
0.006629716
0.006553102
0.006575081
0.006789716
0.006723622
0.006637633
0.006752424
0.006671331
0.006637112
0.003682904
0.006606331
0.006660550
0.006526539
0.006607998
0.006528519
0.006616383
0.006644768
0.006611643
0.006655446
0.006647112
0.006732945
0.006598466
0.006666696
0.006681122
0.006586383
0.006555915
0.006639456
0.003609727
0.003777539
0.006456488
0.006529925
0.006717580
0.006593258
0.006546800
0.006796278
0.006671851
0.006636174
0.006518207
0.006724455
0.006692112
0.006598622
0.006623258
0.006757320
0.006648310
0.006715602
0.006690184
0.006594456
0.006807633
0.003676549
0.006667269
0.006600602
0.006617633
0.006534092
0.006570758
0.006635601
0.006716330
0.006629820
0.006559092
0.006671279
0.006586539
0.006771799
0.006529040
0.006551799
0.006574925
0.006636331
0.006583987
0.006515185
0.003597852
0.003719622
0.006515029
0.006663675
0.006622216
0.006574925
0.006526279
0.006656174
0.006551644
0.006511852
0.006683987
0.006576904
0.006516591
0.006677633
0.006500445
0.006600550
0.006727060
0.006559299
0.006645915
0.003666185
0.006700393
0.006542112
0.006630289
0.006778362
