0.006277074
0.006284105
0.006414834
0.006246865
0.006383531
0.006361605
0.006287698
0.006314313
0.006361865
0.006351813
0.006244365
0.006370823
0.006310199
0.006328740
0.006280511
0.006458740
0.006268011
0.006337177
0.006297490
0.006319052
0.006307125
0.006394574
0.006320302
0.006274626
0.006382958
0.006300146
0.006270719
0.006395823
0.006315771
0.006284104
0.006435719
0.006313584
0.006539938
0.006401396
0.006222750
0.006278376
0.006266761
0.006287073
0.006308688
0.006370093
0.006481136
0.006227542
0.006261917
0.006285458
0.006403166
0.006434938
0.006271136
0.006264416
0.006400979
0.006268583
0.006309833
0.006314834
0.006349990
0.006366552
0.006472021
0.006315876
0.006435927
0.006321865
0.006384156
0.006386709
0.006356552
0.006314521
0.006277906
0.006229677
0.006331969
0.006389000
0.006339261
0.006321865
0.006320303
0.006470458
0.006358375
0.006291500
0.006254886
0.006372281
0.006289313
0.006286917
0.006218166
0.006363948
0.006367542
0.006441396
0.006319208
0.006291917
0.006427334
0.006287698
0.006283948
0.006237594
0.006394572
0.006353531
0.006315719
0.006375094
0.006327802
0.006246343
0.006275979
0.006218063
0.006292542
0.006395511
0.006394937
0.006267906
0.006289468
0.006276760
0.006297489
0.006291344
0.006285719
0.006433114
0.006230563
0.006373688
0.006444260
0.006385250
0.006277333
0.006281447
0.006255094
0.006415093
0.006316084
0.006356031
0.006459469
0.006302334
0.006366864
0.006372802
0.006322073
0.006440094
0.006275458
0.006334208
0.006465875
0.006408427
0.006321604
0.006341552
0.006399469
0.006298531
0.006247125
0.006279624
0.006341552
0.006329052
0.006240563
0.006368062
0.006452489
0.006407333
0.006353114
0.006425250
0.006342229
0.006518739
0.006363895
0.006339051
0.006297593
0.006316031
0.006334052
0.006421083
0.006293114
0.006405979
0.006305510
0.006418687
0.006354937
0.006284468
0.006255927
0.006299208
0.006304000
0.006307750
0.006525354
0.006336500
0.006304000
0.006298166
0.006370146
0.006501343
0.006267645
0.006329156
0.006271969
0.006420874
0.006278739
0.006413479
0.006266552
0.006372124
0.006404833
0.006370353
0.006305875
0.006428010
0.006244781
0.006510666
0.006328895
0.006302333
0.006263687
0.006512385
0.006308426
0.006305094
0.006298062
0.006313218
0.006457020
0.006410666
0.006358115
0.006398531
0.006324104
0.006330979
0.006381864
0.006405770
0.006446447
0.006423843
0.006299364
0.006417541
0.006295562
0.006404520
0.006402593
0.006443947
0.006261447
0.006362645
0.006428843
0.006340353
0.006279624
0.006304520
0.006321135
0.006272332
0.006392541
0.006496863
0.006283322
0.006462540
0.006480041
0.006313427
0.006308114
0.006365405
0.006298374
0.006351968
0.006417801
0.006308270
0.006302176
0.006264833
0.006346811
0.006452905
0.006526864
0.006534156
0.006261448
0.006321916
0.006456082
0.006382541
0.006442957
0.006303895
0.006401551
0.006358947
0.006354937
0.006545248
0.006410405
0.006298687
0.006294155
0.006345354
0.006411447
0.006440145
0.006327749
0.006333374
0.006353114
0.006456656
0.006403843
0.006298896
0.006301291
0.006293478
0.006354416
0.006378583
0.006358582
0.006248322
0.006251291
0.006330926
0.006446343
0.006307957
0.006609155
0.006505978
0.006291603
0.006301447
0.006308739
0.006344312
0.006432905
0.006425926
0.006275458
0.006534259
0.006425249
0.006410457
0.006398947
0.006423114
0.006273947
0.006316187
0.006405353
0.006257801
0.006511290
0.006284988
0.006445770
0.006363009
0.006346238
0.006300978
0.006372332
0.006417332
0.006279364
0.006280250
0.006286395
0.006483531
0.006278374
0.006418114
0.006252593
0.006307489
0.006294467
0.006412437
0.006218791
0.006298738
0.006341290
0.006346030
0.006283322
0.006452437
0.006284676
0.006316499
0.006458999
0.006263062
0.006309155
0.006422071
0.006353218
0.006442488
0.006453686
0.006244624
0.006447801
0.006280822
0.006370509
0.006295092
0.006431968
0.006366760
0.006323322
0.006262385
0.006278634
0.006351446
0.006263895
0.006412905
0.006323791
0.006377853
0.006316707
0.006328165
0.006310041
0.006293218
0.006341238
0.006411239
0.006251238
0.006497541
0.006504780
0.006266603
0.006492801
0.006291499
0.006402176
0.006443843
0.006246863
0.006427488
0.006321656
0.006351082
0.006338738
0.006383634
0.006562383
0.006387541
0.006327957
0.006298686
0.006476915
0.006477489
0.006368165
0.006432280
0.006399936
0.006397071
0.006300249
0.006344416
0.006244520
0.006280665
0.006327436
0.006308947
0.006265301
0.006412436
0.006268530
0.006415665
0.006453738
0.006338478
0.006333895
0.006312853
0.006390249
0.006452905
0.006234468
0.006381238
0.006432696
0.006309936
0.006363478
0.006318998
0.006412488
0.006281238
0.006338843
0.006306394
0.006480196
0.006397644
0.006378373
0.006422645
0.006315977
0.006305926
0.006272697
0.006383165
0.006587853
0.006313582
0.006270874
0.006362124
0.006321291
0.006445769
0.006476759
0.006276395
0.006548686
0.006270405
0.006400613
0.006306498
0.006449727
0.006324311
0.006312436
0.006460144
0.006269988
0.006533061
0.006383946
0.006284676
0.006538686
0.006413425
0.006276238
0.006323165
0.006446030
0.006406394
0.006334259
0.006389259
0.006331394
0.006289051
0.006268582
0.006423946
0.006276811
0.006341811
0.006467592
0.006263373
0.006318999
0.006415561
0.006364155
0.006338165
0.006305561
0.006392853
0.006369467
0.006265874
0.006358790
0.006274311
0.006294936
0.006352332
0.006500769
0.006422956
0.006389571
0.006270718
0.006360301
0.006424414
0.006593581
0.006308269
0.006463269
0.006285040
0.006297593
0.006355352
0.006336603
0.006276551
0.006430873
0.006384883
0.006364779
0.006402644
0.006317176
0.006425248
0.006479623
0.006399415
0.006411655
0.006382592
0.006550612
0.006390926
0.006285405
0.006492592
0.006359050
0.006248269
0.006307697
0.006541341
0.006299675
0.006270978
0.006466341
0.006222852
0.006504414
0.006407696
0.006383373
0.006277331
0.006305040
0.006384050
0.006344624
0.006283529
0.006269155
0.006396655
0.006191759
0.006379987
0.006442487
0.006498790
0.006375248
0.006313009
0.006275300
0.006254675
0.006384155
0.006359051
0.006377540
0.006289154
0.006461081
0.006440925
0.006317124
0.006442123
0.006447435
0.006323998
0.006310717
0.006305978
0.006298060
0.006323686
0.006259363
0.006365352
0.006362644
0.006369935
0.006537956
0.006278477
0.006460300
0.006272019
0.006301081
0.006375509
0.006381082
0.006269050
0.006404466
0.006330040
0.006499310
0.006423164
0.006410717
0.006302019
0.006355405
0.006440612
0.006281029
0.006318373
0.006289832
0.006330508
0.006404155
0.006374415
0.006284102
0.006528529
0.006247279
0.006316758
0.006348164
0.006295664
0.006353634
0.006321915
0.006256810
0.006331186
0.006338946
0.006499414
0.006241863
0.006371446
0.006261134
0.006382695
0.006319362
0.006396550
0.006250301
0.006270196
0.006385717
0.006296967
0.006407956
0.006335404
0.006295509
0.006386446
0.006332957
0.006411966
0.006370769
0.006337175
0.006494883
0.006292331
0.006365456
0.006447539
0.006269831
0.006315821
0.006348373
0.006350404
0.006317539
0.006248790
0.006267852
0.006315352
0.006323529
0.006293738
0.006408998
0.006311654
0.006383477
0.006387383
0.006404310
0.006488529
0.006243165
0.006324206
0.006352956
0.006283581
0.006603269
0.006427851
0.006256290
0.006325352
0.006338009
0.006381185
0.006351497
0.006341654
0.006370717
0.006257957
0.006352592
0.006416341
0.006338477
0.006368477
0.006265873
0.006296342
0.006326966
0.006317279
0.006503476
0.006336029
0.006337331
0.006454831
0.006302488
0.006403893
0.006517018
0.006326706
0.006317227
0.006378424
0.006359779
0.006398529
0.006424414
0.006332279
0.006318789
0.006275508
0.006238633
0.006432799
0.006262487
0.006298373
0.006309102
0.006279883
0.006434987
0.006419467
0.006421081
0.006316863
0.006308373
0.006281445
0.006342955
0.006310456
0.006433737
0.006316967
0.006301810
0.006414571
0.006339415
0.006408737
0.006527070
0.006454987
0.006351654
0.006427695
0.006270091
0.006298425
0.006514518
0.006327539
0.006522591
0.006352331
0.006264727
0.006327852
0.006425352
0.006538164
0.006550299
0.006275768
0.006445091
0.006438320
0.006298373
0.006484726
0.006469206
0.006544934
0.006455091
0.006408841
0.006260925
0.006319779
0.006340091
0.006275352
0.006375039
0.006370664
0.006442955
0.006399206
0.006290717
0.006205248
0.006589362
0.006355925
0.006402956
0.006295768
0.006339623
0.006302904
0.006274935
0.006403112
0.006426237
0.006423425
0.006397695
0.006481601
0.006298581
0.006403372
0.006280560
0.006407330
0.006440091
0.006298424
0.006365508
0.006411601
0.006411289
0.006454675
0.006421914
0.006307956
0.006405091
0.006385403
0.006242383
0.006391549
0.006357487
0.006308841
0.006504726
0.006341862
0.006479622
0.006277644
0.006300196
0.006313737
0.006375820
0.006430455
0.006306861
0.006287852
0.006555612
0.006335612
0.006393685
0.006314883
0.006377279
0.006418789
0.006257644
0.006309831
0.006299258
0.006331133
0.006410455
0.006362226
0.006372487
0.006292227
0.006363372
0.006423893
0.006401028
0.006461392
0.006292018
0.006324049
0.006370248
0.006298841
0.006305247
0.006363268
0.006324310
0.006391081
0.006311393
0.006284674
0.006319830
0.006271446
0.006421445
0.006450091
0.006421549
0.006331185
0.006267070
0.006218945
0.006388216
0.006296445
0.006415507
0.006356966
0.006333789
0.006314726
0.006440820
0.006263893
0.006303372
0.006437955
0.006286601
0.006540559
0.006445247
0.006265820
0.006332748
0.006536497
0.006269206
0.006414570
0.006486080
0.006424414
0.006324414
0.006330664
0.006406080
0.006450403
0.006312018
0.006290195
0.006415299
0.006302331
0.006420143
0.006477955
0.006343998
0.006431185
0.006348893
0.006349622
0.006338840
0.006409049
0.006322122
0.006359986
0.006558997
0.006369049
0.006279206
0.006360299
0.006300039
0.006410091
0.006360143
0.006420559
0.006542434
0.006404831
0.006308216
0.006374101
0.006332070
0.006328268
0.006345195
0.006397278
0.006426080
0.006428997
0.006355195
0.006330819
0.006430456
0.006427851
0.006566393
0.006423684
0.006325195
0.006352070
0.006398164
0.006552277
0.006319049
0.006311028
0.006375142
0.006428320
0.006262904
0.006402330
0.006289466
0.006342174
0.006305455
0.006318841
0.006404934
0.006360716
0.006391914
0.006432539
0.006322487
0.006276549
0.006289413
0.006432434
0.006318997
0.006407591
0.006338268
0.006296133
0.006531341
0.006290664
0.006283268
0.006302122
0.006329622
0.006333893
0.006278789
0.006297435
0.006316966
0.006309830
0.006243528
0.006345299
0.006288945
0.006571340
0.006353424
0.006373476
0.006470507
0.006313268
0.006335508
0.006331393
0.006400299
0.006468216
0.006387174
0.006344726
0.006319048
0.006371601
0.006329206
0.006252591
0.006317331
0.006558372
0.006292486
0.006462070
0.006368528
0.006309726
0.006539205
0.006290195
0.006313736
0.006452329
0.006326549
0.006461392
0.006286289
0.006413320
0.006353945
0.006281393
0.006325507
0.006337643
0.006293840
0.006358632
0.006253215
0.006397121
0.006337538
0.006295507
0.006390975
0.006336028
0.006297330
0.006445715
0.006257226
0.006332903
0.006386653
0.006343580
0.006291340
0.006540090
0.006382018
0.006374830
0.006377174
0.006353059
0.006480194
0.006534517
0.006435350
0.006297695
0.006425715
0.006346289
0.006437799
0.006274882
0.006443840
0.006275142
0.006501340
0.006318423
0.006381497
0.006294205
0.006427278
0.006417121
0.006290664
0.006305767
0.006344986
0.006373840
0.006332278
0.006408319
0.006513944
0.006306028
0.006369309
0.006307539
0.006290455
0.006343841
0.006412486
0.006483527
0.006331288
0.006375663
0.006557173
0.006447017
0.006308788
0.006429465
0.006410976
0.006343268
0.006415455
0.006324257
0.006445872
0.006343476
0.006306236
0.006344153
0.006296548
0.006336340
0.006285455
0.006294986
0.006361705
0.006577694
0.006421704
0.006420559
0.006274725
0.006303684
0.006379830
0.006602381
0.006382226
0.006375455
0.006364934
0.006319101
0.006309570
0.006371809
0.006523892
0.006425819
0.006316705
0.006402278
0.006475559
0.006335715
0.006388944
0.006483111
0.006419412
0.006416444
0.006317226
0.006308736
0.006301705
0.006485455
0.006508267
0.006330246
0.006338007
0.006642277
0.006328527
0.006317069
0.006450611
0.006345715
0.006410454
0.006382486
0.006300506
0.006240351
0.006335246
0.006403996
0.006445871
0.006542381
0.006435924
0.006316288
0.006448839
0.006325819
0.006332486
0.006329309
