0.003848789
0.003894623
0.003860612
0.003831081
0.003938112
0.003884049
0.003894258
0.003927434
0.003821081
0.003912227
0.003850196
0.003855872
0.003856810
0.003843373
0.003853998
0.003865560
0.003838841
0.003973164
0.003963737
0.003950143
0.003913320
0.003832383
0.003874154
0.003956341
0.003843737
0.003940039
0.003874674
0.003806601
0.003965924
0.003946029
0.003814414
0.003857331
0.003859310
0.003832019
0.003857904
0.003958685
0.003815091
0.003834206
0.003942122
0.003936445
0.003848789
0.003839258
0.003935352
0.003863320
0.003835144
0.003932018
0.003814883
0.003824987
0.003940716
0.003835821
0.003910664
0.003918581
0.003866185
0.003834466
0.003929466
0.003844414
0.003959153
0.003792956
0.003831081
0.003828789
0.003843581
0.003902175
0.003847903
0.003937278
0.003856185
0.003956028
0.003861654
0.003840664
0.003787018
0.003862330
0.003854362
0.003863789
0.003889206
0.003943007
0.003886653
0.003832591
0.003998685
0.003869571
0.003946289
0.003851029
0.003865196
0.003854727
0.003860248
0.003846915
0.003972695
0.003934466
0.003927122
0.003945038
0.003833529
0.003844206
0.003943424
0.003852331
0.003843685
0.003832800
0.003926653
0.003859779
0.003836654
0.003903164
0.003841497
0.003839415
0.003946028
0.003827331
0.003838738
0.003864987
0.003906237
0.003878581
0.003970976
0.003830769
0.003898997
0.003932122
0.003846758
0.003965924
0.003969518
0.003869466
0.003855143
0.003850977
0.003887539
0.003978581
0.003802852
0.003862643
0.003865456
0.003838008
0.003790977
0.003846446
0.003869153
0.003957175
0.003875039
0.003925925
0.003861133
0.003841081
0.003847488
0.003852383
0.003845039
0.003832904
0.003949986
0.003810092
0.003922278
0.003816862
0.003864466
0.003916550
0.003852591
0.003939466
0.003853946
0.003849310
0.003813112
0.003912643
0.003847956
0.003862852
0.003826498
0.003925716
0.003924778
0.003925195
0.003847018
0.003801810
0.003841342
0.003779779
0.003855352
0.003846497
0.003869883
0.003872070
0.003842331
0.003899674
0.003941132
0.003760561
0.003848477
0.003849414
0.003831445
0.003940039
0.003962070
0.003952018
0.003833425
0.003926341
0.003803476
0.003788321
0.003898633
0.003938737
0.003839102
0.003830768
0.003858581
0.003954935
0.003843737
0.003924675
0.003917018
0.003844987
0.003819727
0.003824206
0.003823008
0.003817904
0.003887070
0.003909831
0.003860195
0.003834675
0.003884883
0.003876862
0.003934831
0.003927955
0.003848373
0.003930664
0.003880143
0.003842592
0.003829726
0.003933946
0.003841966
0.003923007
0.003864674
0.003841602
0.003845716
0.003854258
0.003849310
0.003835196
0.003932226
0.003858320
0.003875091
0.003841706
0.003929518
0.003963163
0.003840873
0.003949571
0.003916758
0.003948789
0.003847018
0.003953321
0.003866550
0.003956445
0.003829779
0.003957122
0.003833685
0.003929362
0.003858737
0.003906393
0.003875820
0.003824987
0.003955925
0.003859674
0.003868164
0.003925091
0.003949101
0.003871081
0.003816028
0.003917591
0.003849362
0.003918685
0.003859727
0.003977903
0.003868633
0.003842019
0.003861966
0.003968164
0.003847227
0.003968372
0.003881654
0.003942591
0.003820769
0.003839518
0.003930820
0.003887748
0.003882175
0.003985924
0.003895872
0.003872330
0.003868476
0.003946028
0.003919362
0.003940976
0.003854206
0.003904466
0.003979935
0.003839675
0.003843060
0.003949205
0.003865872
0.003867643
0.003887018
0.003890977
0.003770092
0.003834049
0.003995039
0.003960300
0.003842592
0.003936393
0.003924778
0.003952590
0.003772539
0.003847591
0.003851758
0.003839310
0.003831550
0.003859570
0.003926914
0.003916654
0.003819467
0.003844206
0.003962956
0.003925299
0.003851029
0.003854571
0.003965090
0.003830247
0.003948476
0.003942747
0.003856810
0.003930351
0.003958581
0.003916810
0.003841967
0.003919050
0.003956132
0.003880664
0.003856758
0.003892070
0.003887643
0.003833268
0.003874570
0.003963997
0.003821029
0.003819883
0.003791134
0.003852278
0.003868998
0.003846445
0.003866966
0.003846185
0.003830196
0.003930039
0.003992174
0.003991184
0.003978685
0.003843685
0.003758061
0.003860143
0.003860925
0.003976392
0.003850976
0.003858529
0.003843997
0.003830143
0.003862070
0.003828842
0.003858997
0.003813998
0.003775039
0.003829674
0.003821967
0.003846706
0.003843424
0.003895403
0.003924101
0.003886705
0.003851029
0.003937591
0.003839310
0.003909518
0.003856341
0.003804831
0.003965403
0.003970768
0.003854935
0.003882226
0.003978372
0.003851654
0.003789831
0.003926236
0.003928268
0.003861289
0.003855351
0.003890716
0.003889414
0.003934205
0.003861394
0.003874466
0.003830977
0.003895091
0.003855820
0.003837487
0.003832904
0.003819258
0.003866185
0.003818841
0.003914466
0.003934362
0.003928632
0.003962538
0.003923581
0.003852174
0.003818477
0.003857487
0.003838529
0.003793060
0.004056288
0.003826029
0.003853268
0.003833320
0.003832383
0.003925820
0.003894466
0.003881809
0.003835195
0.003837643
0.003857540
0.003821237
0.003918060
0.003840039
0.003829831
0.003860091
0.003831185
0.003928633
0.003938007
0.003847175
0.003950299
0.003952903
0.003811289
0.003769936
0.003861081
0.003843216
0.003880716
0.006688259
0.006512894
0.006604718
0.006817894
0.006688102
0.006697425
0.006706800
0.006696645
0.006587218
0.006615290
0.006734196
0.006582634
0.006579561
0.006718728
0.006632165
0.006549249
0.006563988
0.006537269
0.003814674
0.003835769
0.003853060
0.003868841
0.003847851
0.003923321
0.003871550
0.003854622
0.003859466
0.003896393
0.003842175
0.003853008
0.003817227
0.003973997
0.003849153
0.003880248
0.003841550
0.003856810
0.003839414
0.003917487
0.003801133
0.003866914
0.003945091
0.003862799
0.003914362
0.003945768
0.003855872
0.003850717
0.003919466
0.003851029
0.003937643
0.003829102
0.003905508
0.003835404
0.003850248
0.003844831
0.003817331
0.003869883
0.003831029
0.003844466
0.003915351
0.003914778
0.003927903
0.003895143
0.003832071
0.003870456
0.003836914
0.003844362
0.003832539
0.003824310
0.003910664
0.003933372
0.003886341
0.003943893
0.003858321
0.003951028
0.003963997
0.003805352
0.003923425
0.003888476
0.003926028
0.003851237
0.003912175
0.003998788
0.003835768
0.003911601
0.003962434
0.003811446
0.003953320
0.003853737
0.003820352
0.003842747
0.003923060
0.003897591
0.003818424
0.003914778
0.003926758
0.003933945
0.003837226
0.003938580
0.003940924
0.003852331
0.003868320
0.003920143
0.003983111
0.003846810
0.003856966
0.003925664
0.003814206
0.003952956
0.003910039
0.003923372
0.003835143
0.003928841
0.003894778
0.003923893
0.003929101
0.003947434
0.003833685
0.003951080
0.003855976
0.003912539
0.003893893
0.003843685
0.003843528
0.003852904
0.003851862
0.003880924
0.003802331
0.003954622
0.003934258
0.003951705
0.003787122
0.003928111
0.003825560
0.003964570
0.003930247
0.003838893
0.003841237
0.003993528
0.003903581
0.003944622
0.003961705
0.003826498
0.003813737
0.003851445
0.003822956
0.003808633
0.003910820
0.003929258
0.003956081
0.003783112
0.003831653
0.003856966
0.003898216
0.003836914
0.003833060
0.003927226
0.003911549
0.003916185
0.003905196
0.003938372
0.003838060
0.003828008
0.003979882
0.003903476
0.003903633
0.003882071
0.003905507
0.003834726
0.003824205
0.003903059
0.003814519
0.003861654
0.003821029
0.003891601
0.003905768
0.003921966
0.003835924
0.003939674
0.003863842
0.003956289
0.003812487
0.003879830
0.003888581
0.003766862
0.003815508
0.003975507
0.003888789
0.003838685
0.003915456
0.003833633
0.003925351
0.003807592
0.003895456
0.003903476
0.003932955
0.003778998
0.003953320
0.003883946
0.003837434
0.003847070
0.003848320
0.003864258
0.003839466
0.003930820
0.003841758
0.003936288
0.003859883
0.003930248
0.003846081
0.003844727
0.003917747
0.003879570
0.003844934
0.003823372
0.003842487
0.003837904
0.003919778
0.003945664
0.003952539
0.003854623
0.003865560
0.003932799
0.003822279
0.003911237
0.003825612
0.003864675
0.003848685
0.003924831
0.003862227
0.003844414
0.003931966
0.003959935
0.003840508
0.003828112
0.003880195
0.003825820
0.003960403
0.003849362
0.003957018
0.003845716
0.003950872
0.003849414
0.003847018
0.003932070
0.003891966
0.003905299
0.003796081
0.003838476
0.003926602
0.003913581
0.003915403
0.003918476
0.003930872
0.003861497
0.003936080
0.003937278
0.003845820
0.003829466
0.003961653
0.003856029
0.003880039
0.003770664
0.003860507
0.003790196
0.003839466
0.003823737
0.003941237
0.003851654
0.003840143
0.003928111
0.003865820
0.003845820
0.003830456
0.003869570
0.003826445
0.003850821
0.003855143
0.003865403
0.003847695
0.003843268
0.003817331
0.003822747
0.003911861
0.003829153
0.003983633
0.003840508
0.003870560
0.003828685
0.003827851
0.003827591
0.003885455
0.003841445
0.003911705
0.003945976
0.003883893
0.003916653
0.003918997
0.003836758
0.003801289
0.003902435
0.003908841
0.003960039
0.003838007
0.003865247
0.003918060
0.003849570
0.003835508
0.003921132
0.003868372
0.003867747
0.003973163
0.003861029
0.003877227
0.003924309
0.003898684
0.003944882
0.003836966
0.003925299
0.003963267
0.003850091
0.003887695
0.003917851
0.003907851
0.003855976
0.003863997
0.003843684
0.003850716
0.003938112
0.003902070
0.003830456
0.003862487
0.003954778
0.003883528
0.003852748
0.003778008
0.003884466
0.003820612
0.003938841
0.003922747
0.003847851
0.003800924
0.003849779
0.003917226
0.003983059
0.003783737
0.003944935
0.003933633
0.003942590
0.003847903
0.003805872
0.003783477
0.003970768
0.003855873
0.003963112
0.003826393
0.003940768
0.003855195
0.003928216
0.003963111
0.003933789
0.003856028
0.003891758
0.003942695
0.003838321
0.003944414
0.003858998
0.003838529
0.003927852
0.003847695
0.003989778
0.003819205
0.003817175
0.003911132
0.003907123
0.003863685
0.003849414
0.003939049
0.003844518
0.003839779
0.003844935
0.003886341
0.003964830
0.003849726
0.004060872
0.003974518
0.003881393
0.003874518
0.003871601
0.003944570
0.003981184
0.003871966
0.003873424
0.003833268
0.003873216
0.003841653
0.003855508
0.003942174
0.003846914
0.003848008
0.003914049
0.003835664
0.003967018
0.003948580
0.003926757
0.003898477
0.003799935
0.003823737
0.003830560
0.003836602
0.003861341
0.003801654
0.003836810
0.003843945
0.003891914
0.003928580
0.003817643
0.003827539
0.003818164
0.003970715
0.003836289
0.003954101
0.003915352
0.003891446
0.003887018
0.003844935
0.003931914
0.003918893
0.003979622
0.003972903
0.003775873
0.003837487
0.003901758
0.003854830
0.003891549
0.003908164
0.003863997
0.003840143
0.003861080
0.003824726
0.003842591
0.003830455
0.003847643
0.003867122
0.000834164
0.003872383
0.006499405
0.006560134
0.006674196
0.006654613
0.006585915
0.006523155
0.006699873
0.006767268
0.006653987
0.006729873
0.006602113
0.006709925
0.006493207
0.006532530
0.006531853
0.006590603
0.006591540
0.006807581
0.003834622
0.003794154
0.003957382
0.003839102
0.003843008
0.003800248
0.003829466
0.003864362
0.003850039
0.003963163
0.003976549
0.003792435
0.003931289
0.003864102
0.003839622
0.003849518
0.003909726
0.003976393
0.004502641
0.003855144
0.003926914
0.003859049
0.003932278
0.003943008
0.003963424
0.003953216
0.003849674
0.003924049
0.003948736
0.003913164
0.003867435
0.003818633
0.003868945
0.003863528
0.003856184
0.003807018
0.003778737
0.003814153
0.003764310
0.003918372
0.003846289
0.003852226
0.003808789
0.003842279
0.003926758
0.003873476
0.003869622
0.003926549
0.003846549
0.003916080
0.003958945
0.003974934
0.003838112
0.003884570
0.003944726
0.003795196
0.003936549
0.003844519
0.003834310
0.003848737
0.003875039
0.003979414
0.003871498
0.003863476
0.003800925
0.003908112
0.003854362
0.003874831
0.003860247
0.003950039
0.003869570
0.003851184
0.003794778
0.003932695
0.003860039
0.003864362
0.003952226
0.003942435
0.003878737
0.003950299
0.003934883
0.003826706
0.003916445
0.003936445
0.003849622
0.003854258
0.003886185
0.003981080
0.003960924
0.003891497
0.003936288
0.003857748
0.003925715
0.003942122
0.003962226
0.003838164
0.003945299
0.003782383
0.003919987
0.003853008
0.003862226
0.003838008
0.003953789
0.003879466
0.003962330
0.003787174
0.003968944
0.003845404
0.003825769
0.003777226
0.003857800
0.003935716
0.003915612
0.003925403
0.003895195
0.003942956
0.003970767
0.003812487
0.003837955
0.003915872
0.003858112
0.003908424
