0.004579153
0.004623372
0.004663216
0.004639831
0.004626081
0.004653997
0.004622227
0.004604934
0.004598476
0.004595299
0.004561498
0.004538789
0.004658737
0.004607487
0.004717226
0.004634153
0.004648997
0.004571497
0.004666132
0.004666810
0.004550351
0.004596081
0.004542383
0.000745570
0.004677747
0.004581861
0.004490352
0.004607070
0.004667278
0.004630351
0.004568268
0.004603997
0.004598997
0.004692747
0.004666288
0.004644987
0.004552435
0.004597851
0.004589934
0.004555508
0.004535456
0.004582539
0.004718216
0.004610091
0.004659986
0.004680195
0.004649050
0.004560247
0.004662904
0.004695507
0.004579935
0.004673320
0.004522331
0.004638424
0.004635612
0.004557800
0.004539154
0.004627487
0.000896091
0.004611445
0.004586497
0.004669101
0.004662434
0.004673736
0.004682799
0.004574519
0.004564153
0.004588998
0.004707799
0.004658007
0.004573372
0.004667590
0.004650768
0.004643424
0.004641133
0.004611914
0.004668632
0.004582018
0.004554206
0.004545820
0.004542070
0.004654258
0.004683008
0.004642383
0.004578736
0.004605559
0.004545768
0.004615768
0.004588321
0.004522592
0.004572644
0.004681809
0.004531445
0.004569518
0.004657435
0.004614518
0.004542383
0.004565247
0.004852225
0.004626029
0.004559675
0.004563841
0.004653268
0.004660508
0.004514206
0.004614309
0.004664570
0.004648580
0.004615507
0.004707695
0.004568581
0.004633528
0.004686029
0.004668372
0.004536497
0.004616966
0.004619102
0.004553320
0.004566393
0.004529206
0.004543008
0.004541706
0.004643424
0.004639622
0.004528789
0.004665038
0.004661236
0.004557747
0.004588424
0.004556184
0.004579830
0.004617487
0.004543893
0.004540247
0.004567852
0.004615403
0.004616080
0.004549726
0.004607070
0.004552695
0.004556185
0.004633685
0.004593893
0.004545664
0.004661861
0.004636393
0.004649154
0.004637903
0.004613841
0.004566029
0.004562695
0.004561966
0.004641862
0.004566132
0.004679205
0.004577383
0.004658789
0.004641810
0.004659674
0.004623945
0.004597851
0.004698893
0.004616184
0.004619830
0.004552538
0.004582538
0.004471080
0.004629726
0.004577747
0.004707017
0.004547747
0.004605455
0.004551810
0.004472904
0.004670299
0.004618111
0.004661185
0.004648268
0.004641914
0.004693059
0.004570664
0.004665247
0.004631497
0.004672174
0.004537800
0.004615091
0.004585559
0.004549101
0.004580300
0.004531809
0.004570612
0.004642539
0.004686028
0.004698008
0.004628893
0.004611393
0.004639674
0.004521966
0.004588216
0.004611861
0.004562747
0.004643997
0.004643372
0.004638060
0.004693007
0.004571497
0.004707695
0.004563007
0.004557695
0.004546914
0.004557538
0.004657018
0.004639361
0.004653580
0.004589570
0.004534362
0.004560455
0.004484362
0.004668059
0.004704934
0.004570299
0.004502226
0.004551393
0.004546341
0.004580872
0.004660871
0.004652069
0.004662591
0.000745414
0.004573580
0.004596185
0.004530612
0.004614726
0.004630716
0.004573164
0.004536602
0.004549466
0.004623216
0.004556133
0.004550351
0.004559414
0.004611289
0.004700455
0.004563737
0.004633320
0.004657747
0.004573267
0.004558685
0.004557279
0.004605559
0.004575299
0.004563268
0.004612174
0.004615404
0.004667851
0.004651601
0.004667278
0.004649413
0.004616393
0.004651810
0.004547070
0.004712174
0.004719414
0.004646757
0.004588164
0.004591601
0.004579310
0.004604674
0.004553164
0.004566757
0.004545716
0.004614726
0.004606289
0.004579466
0.004538685
0.004638476
0.004765611
0.004580768
0.004576028
0.004545768
0.004526497
0.004604726
0.004632538
0.004653840
0.004554986
0.004508424
0.004591966
0.004619882
0.004718007
0.004623841
0.004589882
0.004542799
0.004563581
0.004575872
0.004642799
0.004543425
0.004670195
0.004652278
0.004631966
0.004551132
0.004566965
0.004503007
0.004540247
0.004613892
0.004698267
0.004640819
0.004608476
0.004543320
0.004593632
0.004638372
0.004582330
0.004521184
0.004693684
0.004673112
0.004645923
0.004660507
0.004620767
0.004622955
0.004575872
0.004651809
0.004536966
0.004668215
0.004673216
0.004663007
0.004673632
0.004574726
0.004577799
0.004830663
0.004622539
0.004648840
0.004560767
0.004553008
0.004656028
0.004573736
0.004612642
0.004629986
0.004688788
0.004626445
0.004595351
0.004633840
0.004584310
0.004648320
0.004565872
0.004587278
0.004592330
0.004551132
0.004557382
0.004595299
0.004633997
0.004634309
0.004564258
0.004619309
0.004646184
0.004591184
0.004622903
0.004696028
0.004564258
0.004597850
0.004604518
0.004618528
0.004559622
0.004700038
0.004635716
0.004573059
0.004584310
0.004658736
0.004636028
0.004578893
0.004625142
0.004682590
0.004594830
0.004693423
0.004688945
0.004553528
0.004567069
0.004546862
0.004704986
0.004552903
0.004649986
0.004554049
0.004559310
0.004654049
0.004623997
0.004635871
0.004827902
0.004598632
0.004622643
0.004657278
0.004629726
0.004666393
0.004567642
0.004617747
0.004608789
0.004589726
0.004558528
0.004599569
0.004597382
0.004642590
0.004565403
0.004618268
0.004573945
0.004670143
0.004626340
0.004639413
0.004601548
0.004543632
0.004705246
0.004653945
0.004639986
0.004669621
0.004548945
0.004597330
0.004701028
0.004628268
0.004601445
0.004615507
0.004641237
0.004663997
0.004660612
0.004651965
0.004556601
0.004574257
0.004563111
0.004578996
0.004563893
0.004600976
0.004705299
0.004623788
0.004533059
0.004613788
0.004570403
0.004550299
0.004554622
0.004650663
0.004555456
0.004554466
0.004627955
0.004646080
0.004544101
0.004586393
0.004572434
0.004594882
0.004719725
0.004679673
0.004599934
0.004601809
0.004644101
0.004625767
0.004743996
0.004534986
0.004579934
0.004534726
0.004641653
0.004685976
0.004516236
0.004636809
0.004569153
0.004607017
0.004549569
0.004519101
0.004565820
0.004580090
0.004648475
0.004639830
0.004632955
0.004639778
0.004593111
0.004598007
0.004613320
0.004522591
0.004566028
0.004634517
0.004680506
0.004616809
0.004567278
0.004617070
0.004567174
0.004687746
0.004534153
0.004682434
0.004556861
0.004721496
0.004673476
0.004641913
0.004677225
0.004602122
0.004628268
0.004575299
0.004526653
0.004561236
0.004555715
0.004644726
0.004609309
0.004667851
0.004639986
0.004626236
0.004682225
0.004606705
0.004648059
0.004650299
0.004509048
0.004617017
0.004592122
0.004657798
0.004634361
0.004648892
0.004624309
0.004695715
0.004552487
0.004608111
0.004567850
0.004556236
0.004642278
0.004627382
0.004672330
0.004610299
0.004573111
0.004559674
0.004719725
0.004583216
0.004583476
0.004555403
0.004533476
0.004557382
0.004603372
0.004633372
0.004558580
0.004556028
0.004559570
0.004571861
0.004592695
0.004627173
0.004671183
0.004685715
0.004642746
0.004545611
0.004562174
0.004868996
0.004633372
0.004530923
0.004549309
0.004612486
0.004689308
0.004645923
0.004585090
0.004746861
0.004660819
0.004597486
0.004547278
0.004535507
0.004539778
0.004620611
0.004677382
0.004628736
0.004690871
0.004621705
0.004640351
0.004615247
0.004574569
0.004567590
0.004570194
0.004654621
0.004632122
0.004608111
0.004594882
0.004620820
0.004589934
0.004568892
0.004575195
0.004559830
0.004554934
0.004648528
0.004683475
0.004629256
0.004595663
0.004549934
0.004570142
0.004616080
0.004621705
0.004653423
0.004584674
0.004541236
0.004566705
0.004525091
0.004540455
0.004684100
0.004603319
0.004670975
0.004567382
0.004541809
0.004565871
0.004600350
0.004603111
0.004626132
0.004691496
0.004647903
0.004519726
0.004616549
0.004627591
0.004694829
0.004594309
0.004566861
0.004657902
0.004555715
0.004559153
0.004636965
0.004629413
0.004536236
0.004601861
0.004643997
0.004568996
0.004530403
0.004543476
0.004668996
0.004529101
0.004673736
0.004621861
0.004679101
0.004696236
0.004630559
0.004562122
0.004520767
0.004596601
0.004688267
0.004648423
0.004657381
0.004564361
0.004630819
0.004592434
0.004642590
0.004565715
0.004588424
0.004631809
0.004573423
0.004580664
0.004566445
0.004574466
0.004525767
0.004571080
0.004646809
0.004560871
0.004543267
0.004623631
0.004581861
0.004683058
0.004632799
0.004654725
0.004565819
0.004620194
0.004564725
0.004564934
0.004566965
0.004639153
0.004593632
0.004662850
0.004657590
0.004695663
0.004566809
0.004589309
0.004631809
0.004578736
0.004579881
0.004567070
0.004649257
0.004567382
0.004658683
0.004674517
0.004585350
0.004613944
0.004694465
0.004580819
0.004571860
0.004481862
0.004555715
0.004634882
0.004645558
0.004651131
0.004672330
0.004701652
0.004677590
0.004602851
0.004594569
0.004643215
0.004738788
0.004681287
0.004660819
0.004626392
0.004631184
0.004630715
0.004647903
0.004590195
0.004546965
0.004661652
0.004709777
0.004645454
0.004705558
0.004684257
0.004564726
0.004601497
0.004528007
0.004594986
0.004542121
0.004683788
0.004646288
0.004663162
0.004620663
0.004656132
0.004601705
0.004592590
0.004552903
0.004556913
0.004618892
0.004687330
0.004617017
0.004608683
0.004651548
0.004561809
0.004576653
0.004705194
0.004630611
0.004606965
0.004675714
0.004653528
0.004674569
0.004648579
0.004675142
0.004697069
0.004585871
0.004543996
0.004545767
0.004542903
0.004699413
0.004564101
0.004639881
0.004606392
0.004630194
0.004612903
0.004706392
0.004632747
0.004611964
0.004589205
0.004598319
0.004660142
0.004607121
0.004620090
0.004631601
0.004674361
0.004641704
0.004659048
0.004611392
0.004600506
0.004561704
0.004591392
0.004684413
0.004550559
0.004593059
0.004593735
0.004554257
0.004609100
0.004641757
0.004565923
0.004615819
0.004642746
0.004751184
0.004612174
0.004605507
0.004826443
0.004598163
0.004667277
0.004666236
0.004592173
0.004550611
0.004578527
0.004543684
0.004551548
0.004572746
0.004582329
0.004556965
0.004638058
0.004700975
0.004584569
0.004675454
0.004695922
0.004670142
0.004696391
0.004564100
0.004559100
0.004557642
0.004583684
0.004651340
0.004588684
0.004569361
0.004663215
0.004590871
0.004513892
0.004568319
0.004563163
0.004581392
0.004626288
0.001708120
0.004573111
0.004564465
0.004631340
0.004668319
0.004773631
0.004620663
0.004658111
0.004581548
0.004575923
0.004635819
0.004587381
0.004647173
0.004678736
0.004525351
0.004533684
0.004623943
0.004617017
0.004636496
0.004652225
0.004561965
0.004608371
0.004635089
0.004607955
0.004648788
0.004613580
0.004552538
0.004688267
0.004663735
0.004655766
0.004589985
0.004560090
0.004672798
0.004655298
0.004625455
0.004628059
0.004656443
0.004617538
0.004582798
0.004581652
0.004572642
0.004656652
0.004648163
0.004553996
0.004646340
0.004640923
0.004648371
0.004601548
0.004665611
0.004671965
0.004607121
0.004601704
0.004595559
0.004713110
0.004618736
0.004735401
0.004615923
0.004581913
0.004605559
0.004668267
0.004559257
0.004578788
0.004568215
0.004622381
0.004678162
0.004605402
0.004643162
0.004565351
0.004642538
0.004607694
0.004685975
0.004561444
0.004575923
0.004659725
0.004667693
0.004556600
0.004528371
0.004548840
0.004540819
0.004539882
0.004540611
0.004575142
0.004683787
0.004584153
0.004675141
0.004670559
0.004574257
0.004540455
0.004644256
0.004682173
0.004674516
0.004572590
0.004678944
0.004605454
0.004566965
0.004622955
0.004596965
0.004654413
0.004564361
0.004624100
0.004653632
0.004579517
0.004658944
0.004591340
0.004633527
0.004607590
0.004659257
0.004640766
0.004707016
0.004635506
0.004628215
0.004579257
0.004632537
0.004728944
0.004700559
0.004656184
0.004594725
0.004719308
0.004701756
0.004667120
0.004645611
0.004697589
0.004601288
0.004638267
0.004597954
0.004652485
0.004623735
0.004593840
0.004621391
0.004643475
0.004562694
0.004552174
0.004702381
0.004629048
0.004543735
0.004590714
0.004654829
0.004576912
0.004519830
0.004642590
0.004658059
0.004586027
0.004691912
0.004643111
0.004652485
0.004531132
0.004596652
0.004567121
0.004549621
0.004705402
0.004691444
0.004559778
0.004547694
0.004639048
0.004674517
0.004584777
0.004672068
0.004694777
0.004641287
0.004659517
0.004595766
0.004601600
0.004661235
0.004748422
0.004735142
0.004696599
0.004660246
0.004736287
0.004587798
0.004649048
0.004664673
0.004571184
0.004558580
0.004644361
0.004659360
0.004634725
0.004701652
0.004674308
0.004562330
0.004664881
0.004640089
0.004578059
0.004599725
0.004637642
0.004565298
0.004675714
0.004544412
0.004658267
0.004669724
0.004548580
0.004663318
0.004589829
0.004685818
0.004668839
0.004562173
0.004543527
0.004694881
0.004531340
0.004547954
0.004583579
0.004486444
