0.004061810
0.004174258
0.004067747
0.004062955
0.004063216
0.004055351
0.004062331
0.004106654
0.004051862
0.004047799
0.004075612
0.004073841
0.004046966
0.004187278
0.004074831
0.001120517
0.004083841
0.004173059
0.004081758
0.004110611
0.004172852
0.004064571
0.004066758
0.004080873
0.004045039
0.004152435
0.004095560
0.004155351
0.004067330
0.004029206
0.004069362
0.004064934
0.004075143
0.004074414
0.004171809
0.004080664
0.004103841
0.004052070
0.004078112
0.004067174
0.004040404
0.004148997
0.004066393
0.004076288
0.004077331
0.004054778
0.004169570
0.004050247
0.004068216
0.004118267
0.004074779
0.004059205
0.004059570
0.004064362
0.004094674
0.004038216
0.004058737
0.004066758
0.004080039
0.004062487
0.004061497
0.004082070
0.004081080
0.004031549
0.004134570
0.004071341
0.004075976
0.004062643
0.004066497
0.004072591
0.004035769
0.004057487
0.004068216
0.004083112
0.004040716
0.004049830
0.004074674
0.004054362
0.004059153
0.004041394
0.004139414
0.004064361
0.004047591
0.004175976
0.004068424
0.004128998
0.004040143
0.004058737
0.004051549
0.004067279
0.004046810
0.004046133
0.004049623
0.004000716
0.004038425
0.004104518
0.004021602
0.004069049
0.004073580
0.004049987
0.004166080
0.004075560
0.004136341
0.004100560
0.004113164
0.004068477
0.004103320
0.004162487
0.004038736
0.004073945
0.004029310
0.004151757
0.004040299
0.004114518
0.004047747
0.004064934
0.004042903
0.004150507
0.004046550
0.004060455
0.004042487
0.004042435
0.004066080
0.004064310
0.004064310
0.004053685
0.004056966
0.004071133
0.004116445
0.004061445
0.004150976
0.004053112
0.004083789
0.004126392
0.004035873
0.004023320
0.004060456
0.004060404
0.004040247
0.004139674
0.004070300
0.004150820
0.004043216
0.004147279
0.004073997
0.004123737
0.004051341
0.004038841
0.004085924
0.004077695
0.004200507
0.004110612
0.004059101
0.004065820
0.004062434
0.004065821
0.004082122
0.004138424
0.004049831
0.004034726
0.004043632
0.004152278
0.004034414
0.004039102
0.004074050
0.003996133
0.004085976
0.004068216
0.004056706
0.004070352
0.004057071
0.004098789
0.004190247
0.004078216
0.004090091
0.004077695
0.004088684
0.004052955
0.004067070
0.004049414
0.004068528
0.004092487
0.004077226
0.004087747
0.004078320
0.004008789
0.004101185
0.004046810
0.004079934
0.004064258
0.004070925
0.004048425
0.004057070
0.004008060
0.004131028
0.004118945
0.004075038
0.004074309
0.004069466
0.004069102
0.004149935
0.004123580
0.004059726
0.004156497
0.004055404
0.004102122
0.004021601
0.004126965
0.004081757
0.004118580
0.004221913
0.004031966
0.004073632
0.004045300
0.004143320
0.004031080
0.004059310
0.004051966
0.004025456
0.004118581
0.004065351
0.004151341
0.004035039
0.004029778
0.004166601
0.004155611
0.004056549
0.004075143
0.004023685
0.004182955
0.004064466
0.004070560
0.004010300
0.004074935
0.004063373
0.004081914
0.004076601
0.004043841
0.004141653
0.004017383
0.004047226
0.004112799
0.004201913
0.004054674
0.004069466
0.004180247
0.004039935
0.004077799
0.004057643
0.004035716
0.004061184
0.004067070
0.004071341
0.004035351
0.004152643
0.004050664
0.004163111
0.004045716
0.004098529
0.004031185
0.004085768
0.004045195
0.004049570
0.004184413
0.004107539
0.004084986
0.004067123
0.004078060
0.004067539
0.004099309
0.004050507
0.004063477
0.004075299
0.004053216
0.004063737
0.004124986
0.004161497
0.004084465
0.004049986
0.004162591
0.004058216
0.004046497
0.004052018
0.004027070
0.004054675
0.004063008
0.004080664
0.004082642
0.004076654
0.004158528
0.004010195
0.004091966
0.004088060
0.004050820
0.004063112
0.004052591
0.004142330
0.004020300
0.004098060
0.004094101
0.004153163
0.004132643
0.004115977
0.004051862
0.004164466
0.004099049
0.004058632
0.004070559
0.004090195
0.004061497
0.004144101
0.004072174
0.004069726
0.004065248
0.004031653
0.004086080
0.004091914
0.004093684
0.004027591
0.004135090
0.004063893
0.004029310
0.004044622
0.004066862
0.004148893
0.004080456
0.004020924
0.004174986
0.004073580
0.004136913
0.004041133
0.004057956
0.004156184
0.004067487
0.004164362
0.004074465
0.004188372
0.004058997
0.004117903
0.004053685
0.004070560
0.004061133
0.004077018
0.004066445
0.004056705
0.004047643
0.004070560
0.004142278
0.004065716
0.004128685
0.004037643
0.004069934
0.004093841
0.004055716
0.004046497
0.004095976
0.004070559
0.004089831
0.004091133
0.004146185
0.004066341
0.004087799
0.004130664
0.004086497
0.004061497
0.004086497
0.004060090
0.004058789
0.004076236
0.004057539
0.004112279
0.004083684
0.004083320
0.004152330
0.004078945
0.004058060
0.004059779
0.004147851
0.004062695
0.004041757
0.004076653
0.004125716
0.004055507
0.004142539
0.004046705
0.004089206
0.004075508
0.004063633
0.004072331
0.004062747
0.004120455
0.004048736
0.004054570
0.004061966
0.004055768
0.004052643
0.004135716
0.004082279
0.004020091
0.004065924
0.004096288
0.004020924
0.004012955
0.004039831
0.004073008
0.004081028
0.004049101
0.004046236
0.004076445
0.004034154
0.004022227
0.004133945
0.004047539
0.004061237
0.004062018
0.004160507
0.004043112
0.004071654
0.004079726
0.004194101
0.004073997
0.004049674
0.004106965
0.004060768
0.004078372
0.004205715
0.004083476
0.004048268
0.004068372
0.004022435
0.004030611
0.004128267
0.004063528
0.004057643
0.004096341
0.004073060
0.004110456
0.004178945
0.004097018
0.004028893
0.004132330
0.004069830
0.004057748
0.004138372
0.004072851
0.004090612
0.004124309
0.004067122
0.004159778
0.004060559
0.004044622
0.004038841
0.004074882
0.004045821
0.004023945
0.004068789
0.004054934
0.004029206
0.004050873
0.004127851
0.004069362
0.004061133
0.004062331
0.004164986
0.004061028
0.004029101
0.004047487
0.004010560
0.004276809
0.004089206
0.004060768
0.004019518
0.004129414
0.004063998
0.004060195
0.004053476
0.004132591
0.004046549
0.003992331
0.004024049
0.004088685
0.004062538
0.004090091
0.004032383
0.004080716
0.004053008
0.004107174
0.004061705
0.004159674
0.004056341
0.004089935
0.004037800
0.004074413
0.004054778
0.004076705
0.004070976
0.004152799
0.004060664
0.004059778
0.004073268
0.004065507
0.004021237
0.004062122
0.004045611
0.004135559
0.004048685
0.004186862
0.004082591
0.004146653
0.004163163
0.004059987
0.004179414
0.004037122
0.004069310
0.004107643
0.004025299
0.004147851
0.004077435
0.004033216
0.004050611
0.004148111
0.004023008
0.004128684
0.004036393
0.004051757
0.004061184
0.004080612
0.004043528
0.004066393
0.004051236
0.004057018
0.004141549
0.004061810
0.004077590
0.004134361
0.004137173
0.004020768
0.004059570
0.004097694
0.004064258
0.004178789
0.004077018
0.004137538
0.004084517
0.004046080
0.004105299
0.004205247
0.004060976
0.004089934
0.004062486
0.004083215
0.004008060
0.004176080
0.004066341
0.004082278
0.004051966
0.004079414
0.004073737
0.004016237
0.004055091
0.004113632
0.004046288
0.004046340
0.004084622
0.004068112
0.004114361
0.004040039
0.004050872
0.004075559
0.004148059
0.004062955
0.004052070
0.004194725
0.004043372
0.004161705
0.004075559
0.004050039
0.004145091
0.004049622
0.004037123
0.004158737
0.004068736
0.004064465
0.004055768
0.004146497
0.004083059
0.004087747
0.004095455
0.004129674
0.004067226
0.004039414
0.004032435
0.004061341
0.004054987
0.004009258
0.004059934
0.004074622
0.004093216
0.004031810
0.004125455
0.004071601
0.004177486
0.004059465
0.004078216
0.004079309
0.004056810
0.004135611
0.004036133
0.004079049
0.004037279
0.004053112
0.004014518
0.004040612
0.004062747
0.004035455
0.004081810
0.004162017
0.004064049
0.004058945
0.004075612
0.004056862
0.004117382
0.004079101
0.004088372
0.004089361
0.004133267
0.004077799
0.004069102
0.004153216
0.004076966
0.004108216
0.004044414
0.004089622
0.004137278
0.004085820
0.004077435
0.004159778
0.004068945
0.004153059
0.004200715
0.004077903
0.004196288
0.004057695
0.004088529
0.004093737
0.004158684
0.004068737
0.004039518
0.004058840
0.004058112
0.004168684
0.004152434
0.004052591
0.004039310
0.004080456
0.004080872
0.004067330
0.004150195
0.004026601
0.004078788
0.004153216
0.004069830
0.004087695
0.004084986
0.004070768
0.004029362
0.004151445
0.004040351
0.004067642
0.004061080
0.004051132
0.004036706
0.004052435
0.004078059
0.004065715
0.004146080
0.004067955
0.004049206
0.004068633
0.004078060
0.004111705
0.004153059
0.003998477
0.004067434
0.004110143
0.004073371
0.004144935
0.004070455
0.004053528
0.004042643
0.004061862
0.004066028
0.004070351
0.004056809
0.004088424
0.004084622
0.004070872
0.004163372
0.004138685
0.004056810
0.004166914
0.004051861
0.004079831
0.004070038
0.004099101
0.004083112
0.004037174
0.004142486
0.004075142
0.004077174
0.004074153
0.004047278
0.004165090
0.004047487
0.004062017
0.004089310
0.004077278
0.004052174
0.004053789
0.004068580
0.004162539
0.004074361
0.004072434
0.004047486
0.004164622
0.004079362
0.004071392
0.004029361
0.004029726
0.004143320
0.004048841
0.004065820
0.004017539
0.004057747
0.004033320
0.004055976
0.004075091
0.004115820
0.004033425
0.004024049
0.004105351
0.004099309
0.004061236
0.004043111
0.004147434
0.004003945
0.004175663
0.004061914
0.004096654
0.004060715
0.004056914
0.004043841
0.004063841
0.004064154
0.004085195
0.004075038
0.004169778
0.004066497
0.004124726
0.004043476
0.004084361
0.004072799
0.004137850
0.004073737
0.004043424
0.004072435
0.004061445
0.004053476
0.004072174
0.004180507
0.004053007
0.004052643
0.004066237
0.004071445
0.004066340
0.004069674
0.004052434
0.004176341
0.004054830
0.004094570
0.004075247
0.004072278
0.004066809
0.004137173
0.004040559
0.004167798
0.004073008
0.004056444
0.004062903
0.004066445
0.004042955
0.004057799
0.004126549
0.004073789
0.004191496
0.004063580
0.004068007
0.004123528
0.004063789
0.004070976
0.004060612
0.004068684
0.004072070
0.004058737
0.004060663
0.004107955
0.004034674
0.004046758
0.004071132
0.004046288
0.004077434
0.004106914
0.004033841
0.004046861
0.004120195
0.004082590
0.004090351
0.004070247
0.004043215
0.004067070
0.004068112
0.004108528
0.004059830
0.004072643
0.004073789
0.004135871
0.004111132
0.004158944
0.004046653
0.004075507
0.004106757
0.004066185
0.004067590
0.004042590
0.004029779
0.004041184
0.004036966
0.004050820
0.004178528
0.004087174
0.004126288
0.004116653
0.004060090
0.004036185
0.004035039
0.004062903
0.004027799
0.004067174
0.004089674
0.004071080
0.004034778
0.004038320
0.004045299
0.004049986
0.004014258
0.004071080
0.004082383
0.004137226
0.004040091
0.004055299
0.004067434
0.004164935
0.004070455
0.004065403
0.004061862
0.004048841
0.004008476
0.004039466
0.004050612
0.004062278
0.004096496
0.004053633
0.004179153
0.004073372
0.004082434
0.004074622
0.004134622
0.004048372
0.004086706
0.004061288
0.004064466
0.004088111
0.004046288
0.004063163
0.004073268
0.004038841
0.004095767
0.004066913
0.004070195
0.004054778
0.004065299
0.004054622
0.004128945
0.004060664
0.004044986
0.004081705
0.004085559
0.004054622
0.004124361
0.004069935
0.004074622
0.004032279
0.004035559
0.004038945
0.004180923
0.004067070
0.004164882
0.004055820
0.004147590
0.004069882
0.004069986
0.004175923
0.004126549
0.004178528
0.004050247
0.004090038
0.004064622
0.004058372
0.004032956
0.004064986
0.004035455
0.004060976
0.004119257
0.004062903
0.004047382
0.004053267
0.004030716
0.004039726
0.004032851
0.004114361
0.004059518
0.004063788
0.004135403
0.004040142
0.004046862
0.004046236
0.004149257
0.004064934
0.004138007
0.004062486
0.004054778
0.004059414
0.004057903
0.004152330
0.004063008
0.004068841
0.004036497
0.004083268
0.004077694
0.004083736
0.004081444
0.004021393
0.004060715
0.004184049
0.004064727
0.004055090
0.004099726
0.004088685
0.004053892
0.004072747
0.004065247
0.004058632
0.004178736
0.004054154
0.004074726
0.004055195
0.004078632
0.004155715
0.004050403
0.004093632
0.004023581
0.004172122
0.004081601
0.004070247
0.004202017
0.004078632
0.004096132
0.004058892
0.004118216
0.004072174
0.004026653
0.004040612
0.004082278
0.004071497
0.004095768
0.004159309
0.004059309
0.004046549
0.004074205
0.004123424
0.004077330
0.004045143
0.004054049
0.004032486
0.004074934
0.004059726
0.004054830
0.004027279
0.004109049
0.004018320
