0.004347121
0.004385558
0.004407590
0.004399517
0.004300455
0.004365975
0.004341340
0.004305976
0.004364933
0.004381183
0.004352902
0.004332850
0.004406235
0.004338475
0.004411860
0.004394256
0.004565193
0.004364205
0.004339622
0.004402433
0.004357121
0.004462589
0.004326496
0.004296861
0.004383996
0.004426340
0.004422798
0.004350038
0.004350663
0.004357017
0.004355194
0.004329986
0.004385351
0.004439725
0.004346288
0.004282330
0.004440559
0.004401444
0.004359465
0.004343632
0.004348215
0.004414778
0.004467329
0.004325559
0.004290351
0.004456079
0.004322589
0.004346809
0.004367746
0.004425870
0.004361965
0.004374517
0.004319569
0.004423475
0.004438632
0.004342121
0.004363840
0.004416496
0.004435506
0.004415610
0.004420975
0.004428996
0.004387537
0.004444465
0.004431964
0.004415246
0.004359621
0.004358111
0.004360558
0.004430871
0.004382382
0.004366496
0.004376027
0.004371704
0.004430506
0.004343476
0.004317954
0.004356079
0.004332538
0.004437902
0.004373944
0.004370038
0.004336861
0.004507381
0.004366808
0.004410558
0.004442850
0.004359465
0.004356131
0.004387538
0.004361027
0.004362433
0.004399934
0.004436079
0.004353111
0.004298163
0.004350455
0.004392225
0.004304152
0.004428891
0.004374673
0.004377798
0.004346652
0.004466912
0.004281757
0.004380090
0.004287746
0.004395871
0.004457485
0.004393996
0.004357173
0.004461964
0.004436912
0.004360558
0.004324205
0.004375402
0.004426079
0.004431131
0.004359725
0.004357747
0.004365610
0.004359100
0.004344881
0.004433319
0.004446131
0.004388579
0.004357434
0.004359152
0.004465923
0.004421547
0.004358007
0.004396965
0.004495975
0.004366236
0.004369100
0.004345923
0.004384725
0.004445090
0.004372016
0.004303059
0.004393058
0.004370611
0.004382225
0.004417120
0.004320559
0.004320767
0.004455923
0.004437850
0.004431704
0.004479048
0.004362069
0.004296496
0.004408371
0.004475871
0.004401704
0.004402590
0.004348528
0.004412642
0.004422486
0.004412902
0.004364465
0.004363163
0.004340142
0.004448266
0.004384516
0.004352798
0.004291288
0.004416548
0.004398527
0.004306079
0.004379933
0.004384933
0.004298059
0.004297538
0.004319673
0.004385506
0.004506027
0.004368788
0.004426392
0.004466861
0.004347954
0.004342850
0.004491704
0.004401340
0.004377382
0.004469100
0.004378006
0.004451704
0.004367174
0.004352747
0.004353267
0.004279256
0.004424569
0.004454308
0.004394152
0.004346809
0.004412434
0.004436808
0.004456704
0.004513214
0.004362226
0.004454204
0.004466809
0.004407330
0.004286132
0.004348372
0.004309309
0.004457277
0.004368840
0.004320038
0.004373580
0.004409204
0.004423944
0.004317485
0.004350975
0.004382121
0.004301444
0.004398944
0.004356757
0.004467537
0.004349048
0.004353788
0.004389986
0.004326496
0.004420662
0.004360454
0.004429673
0.004449257
0.004369204
0.004382851
0.004360715
0.004472485
0.004418162
0.004436652
0.004424829
0.004345402
0.004364309
0.004379256
0.004408059
0.004430142
0.004357069
0.004365975
0.004345975
0.004343007
0.004461548
0.004383631
0.004344413
0.004445662
0.004339986
0.004372330
0.004372590
0.004392486
0.004343684
0.004372226
0.004399881
0.004503840
0.004408840
0.004378580
0.004407641
0.004362694
0.004369205
0.004360402
0.004324726
0.004382694
0.004332017
0.004409882
0.004413944
0.004392069
0.004453632
0.004325976
0.004334256
0.004443475
0.004426183
0.004436600
0.004302121
0.004431496
0.004424673
0.004359882
0.004362485
0.004475662
0.004352746
0.004438423
0.004343996
0.004353215
0.004300819
0.004429464
0.004439100
0.004506079
0.004359777
0.004351809
0.004354882
0.004403996
0.004328580
0.004414100
0.004330194
0.004357902
0.004362538
0.004441340
0.004392746
0.004479309
0.004376965
0.004448215
0.004456965
0.004583787
0.004489621
0.004381652
0.004442173
0.004438423
0.004374360
0.004433892
0.004392746
0.004433163
0.004382069
0.004339205
0.004344152
0.004372694
0.004353631
0.004481808
0.004493579
0.004405558
0.004331548
0.004380871
0.004523370
0.004358007
0.004464569
0.004348632
0.004425559
0.004388006
0.004316809
0.004440246
0.004329152
0.004434257
0.004387226
0.004420351
0.004337746
0.004444673
0.004449725
0.004306497
0.004369777
0.004461964
0.004349673
0.004466235
0.004496548
0.004502433
0.004459778
0.004369257
0.004343163
0.004385506
0.004427173
0.004447225
0.004350871
0.004366965
0.004440923
0.004397017
0.004414204
0.004330507
0.004324413
0.004348215
0.004448319
0.004434516
0.004370611
0.004424048
0.004421288
0.004363423
0.004332277
0.004346080
0.004359465
0.004378319
0.004384881
0.004451131
0.004374934
0.004497277
0.004492277
0.004344308
0.004422694
0.004311392
0.004445402
0.004343735
0.004447121
0.004410142
0.004374465
0.004398058
0.004437121
0.004473840
0.004473422
0.004357069
0.004361132
0.004334829
0.004462277
0.004571130
0.004371132
0.004376132
0.004354881
0.004449985
0.004349934
0.004307069
0.004370402
0.004427329
0.004316184
0.004400871
0.004368840
0.004334361
0.004357537
0.004388996
0.004420506
0.004459516
0.004415142
0.004385142
0.004296080
0.004388110
0.004356912
0.004345402
0.004508058
0.004403631
0.004332902
0.004406080
0.004403110
0.004460819
0.004344308
0.004393684
0.004368788
0.004361860
0.004360559
0.004413214
0.004384308
0.004360663
0.004415975
0.004449725
0.004386079
0.004319361
0.004377277
0.004441443
0.004470871
0.004425090
0.004454985
0.004515870
0.004481444
0.004445870
0.004389829
0.004410663
0.004380142
0.004301236
0.004389726
0.004446444
0.004351340
0.004361027
0.004397381
0.004369152
0.004394986
0.004433006
0.004356705
0.004355246
0.004347382
0.004379308
0.004324048
0.004369309
0.004287069
0.004429204
0.004478371
0.004326653
0.004376705
0.004382538
0.004433736
0.004343788
0.004419673
0.004395454
0.004304622
0.004326288
0.004383371
0.004469465
0.004390976
0.004429517
0.004378007
0.004345507
0.004338476
0.004387330
0.004470297
0.004396600
0.004472381
0.004374777
0.004344101
0.004404308
0.004348684
0.004370819
0.004318736
0.004423996
0.004374412
0.004351288
0.004339204
0.004408580
0.004335247
0.004420038
0.004445506
0.004374100
0.004358319
0.004439048
0.004383527
0.004413267
0.004506965
0.004425037
0.004352902
0.004357330
0.004331340
0.004405767
0.004325246
0.004411965
0.004427121
0.004435611
0.004442694
0.004562589
0.004396132
0.004447485
0.004489933
0.004336913
0.004366080
0.004484621
0.004299830
0.004440819
0.004447225
0.004401913
0.004361392
0.004451548
0.004370142
0.004323423
0.004300090
0.004315455
0.004429569
0.004457694
0.004371132
0.004397069
0.004372746
0.004427850
0.004406183
0.004334673
0.004415038
0.004300559
0.004366757
0.004391496
0.004496288
0.004411288
0.004376027
0.004385611
0.004485090
0.004365507
0.004353632
0.004411913
0.004434777
0.004420455
0.004392434
0.004418579
0.004360090
0.004394152
0.004312173
0.004516340
0.004323475
0.004440506
0.004328840
0.004358267
0.004361392
0.004421339
0.004353892
0.004411392
0.004348996
0.004401704
0.004440403
0.004335663
0.004380924
0.004432902
0.004322850
0.004358423
0.004385194
0.004384673
0.004462746
0.004430662
0.004489672
0.004440506
0.004321496
0.004367902
0.004302069
0.004362121
0.004357590
0.004383684
0.004330246
0.004365090
0.004320246
0.004441131
0.004377329
0.004383007
0.004408318
0.004360975
0.004365298
0.004462589
0.004342434
0.004355611
0.004394152
0.004454985
0.004430194
0.004364309
0.004425350
0.004452798
0.004384725
0.004373215
0.004346913
0.004439256
0.004376809
0.004440402
0.004473267
0.004376965
0.004368475
0.004405454
0.004342903
0.004360715
0.004361548
0.004514360
0.004448683
0.004394986
0.004328893
0.004409985
0.004419933
0.004285611
0.004352851
0.004330715
0.004402955
0.004449934
0.004376808
0.004402069
0.004350507
0.004401548
0.004342694
0.004357329
0.004364361
0.004423267
0.004435610
0.004418632
0.004358632
0.004367798
0.004382225
0.004457641
0.004371600
0.004300507
0.004398787
0.004396027
0.004369986
0.004355767
0.004337642
0.004353892
0.004443371
0.004436496
0.004354256
0.004362173
0.004359673
0.004341652
0.004486391
0.004420767
0.004446339
0.004357069
0.004330299
0.004339204
0.004325663
0.004337226
0.004301027
0.004404673
0.004429412
0.004309778
0.004411027
0.004356132
0.004394153
0.004421809
0.004371184
0.004346340
0.004399777
0.004370194
0.004330038
0.004455714
0.004402434
0.004456548
0.004371600
0.004470246
0.004450506
0.004358736
0.004362955
0.004368632
0.004376444
0.004432225
0.004334308
0.004377433
0.004422902
0.004468007
0.004325142
0.004352121
0.004354205
0.004361757
0.004379725
0.004426756
0.004468162
0.004478319
0.004373996
0.004329100
0.004421704
0.004462068
0.004366132
0.004341757
0.004338423
0.004432798
0.004370089
0.004581340
0.004438579
0.004469568
0.004343371
0.004348111
0.004341444
0.004458892
0.004350923
0.004332434
0.004449517
0.004362538
0.004319465
0.004393111
0.004323320
0.004390351
0.004361027
0.004344361
0.004454256
0.004357590
0.004379412
0.004392017
0.004429152
0.004452746
0.004378163
0.004439934
0.004351444
0.004383736
0.004401757
0.004353423
0.004295767
0.004376861
0.004367225
0.004409257
0.004432954
0.004365715
0.004328215
0.004473579
0.004392069
0.004335871
0.004413319
0.004347486
0.004396340
0.004468631
0.004469308
0.004360142
0.004429309
0.004386183
0.004440663
0.004398371
0.004414257
0.004351392
0.004312382
0.004455298
0.004372173
0.004310559
0.004358944
0.004284309
0.004403006
0.004324205
0.004320403
0.004387173
0.004406184
0.004396912
0.004362537
0.004337434
0.004331549
0.004381965
0.004415819
0.004367538
0.004387173
0.004335715
0.004353735
0.004359778
0.004403527
0.004442329
0.004354934
0.004384621
0.004414361
0.004340768
0.004341652
0.004407225
0.004347903
0.004313632
0.004423735
0.004449412
0.004361184
0.004354257
0.004460558
0.004398371
0.004477277
0.004452641
0.004342642
0.004353840
0.004396652
0.004425089
0.004344360
0.004358475
0.004335506
0.004360454
0.004361600
0.004335507
0.004340246
0.004320610
0.004383319
0.004317798
0.004361235
0.004462538
0.004407017
0.004347850
0.004361757
0.004376496
0.004327174
0.004411600
0.004441236
0.004331444
0.004360819
0.004433267
0.004349049
0.004420506
0.004378319
0.004342798
0.004345142
0.004395037
0.004383944
0.004301601
0.004352433
0.004433267
0.004351548
0.004352695
0.004349413
0.004441496
0.004350819
0.004366809
0.004352070
0.004352433
0.004336131
0.004295872
0.004300871
0.004429725
0.004348840
0.004351288
0.004496600
0.004597433
0.004438632
0.004490298
0.004376340
0.004441236
0.004452902
0.004386340
0.004409621
0.004461809
0.004431080
0.004460193
0.004465402
0.004428476
0.004319986
0.004439778
0.004370090
0.004394308
0.004332590
0.004457173
0.004407017
0.004309257
0.004439360
0.004303996
0.004351132
0.004380611
0.004314882
0.004278580
0.004358684
0.004391027
0.004385298
0.004352434
0.004382121
0.004345402
0.004380976
0.004316653
0.004430194
0.004345871
0.004398319
0.004336236
0.004408371
0.004381705
0.004416288
0.004430194
0.004363736
0.004356913
0.004412538
0.004371808
0.004406079
0.004364049
0.004374048
0.004367485
0.004348215
0.004331913
0.004383840
0.004394256
0.004459361
0.004395350
0.004355247
0.004438215
0.004347642
0.004363840
0.004485090
0.004351340
0.004347902
0.004495923
0.004379101
0.004432173
0.004369517
0.004361809
0.004422537
0.004457694
0.004354778
0.004459048
0.004328892
0.004373788
0.004388423
0.004342902
0.004452798
0.004787640
0.004339934
0.004456444
0.004465610
0.004479673
0.004364361
0.004352903
0.004324101
0.004353475
0.004370246
0.004473839
0.004439725
0.004395299
0.004358788
0.004371757
0.004354986
0.004341861
0.004346548
0.004373371
0.004348788
0.004372850
0.004389048
0.004455038
0.004325402
0.004334726
0.004370351
0.004380715
0.004443214
0.004313475
0.004394569
0.004348580
0.004372485
0.004442746
0.004491704
0.004350662
0.004336913
0.004353319
0.004476808
0.004451860
0.004375298
0.004326028
0.004353996
0.004379673
0.004323579
0.004403528
0.004381861
0.004342277
0.004344777
0.004317382
0.004368997
0.004367798
0.004360559
0.004287382
0.004425454
0.004438891
0.004362798
0.004443996
0.004395246
0.004320403
0.004423162
0.004438110
0.004472850
0.004378059
0.004316809
0.004373527
0.004386079
0.004420455
0.004493944
0.004402381
0.004373423
0.004362746
0.004368631
0.004332226
0.004306548
0.004406756
