0.010737304
0.007103724
0.007036016
0.006998725
0.006926068
0.006994453
0.007025131
0.006988620
0.006985339
0.007113880
0.006993047
0.007009193
0.007008776
0.007052942
0.007010130
0.007051641
0.007053620
0.007178931
0.007096380
0.007140339
0.006991016
0.007123932
0.006997526
0.007151120
0.006981953
0.007206900
0.007015704
0.007036433
0.007089089
0.007410129
0.007141067
0.007119973
0.006962735
0.006948151
0.007074714
0.006882891
0.007097005
0.007069505
0.006967161
0.007024089
0.006959401
0.007119297
0.007218046
0.007054713
0.007013568
0.007114766
0.007025026
0.007213255
0.007113724
0.006930027
0.007047318
0.007035651
0.006954610
0.007127942
0.006932995
0.007035808
0.007028359
0.007169662
0.007233776
0.007020391
0.006959401
0.006964402
0.006992318
0.006936954
0.007117422
0.007012734
0.007095338
0.006968099
0.007022058
0.007241119
0.007033932
0.007019975
0.007140390
0.007061745
0.007029141
0.007035651
0.007110651
0.007074557
0.007027110
0.007032057
0.007039349
0.007032474
0.007002631
0.007121328
0.006981641
0.006997891
0.006992527
0.007067213
0.007211224
0.007073984
0.007094245
0.007095078
0.006975182
0.007017265
0.006939505
0.006951537
0.007022318
0.007063776
0.007025235
0.007094818
0.007114141
0.007085651
0.007188151
0.007109453
0.006960651
0.007087266
0.007047370
0.007093359
0.007094088
0.006910287
0.006991537
0.006924037
0.007143203
0.007048828
0.006996328
0.007076588
0.006952110
0.006945027
0.007035599
0.006932787
0.007118411
0.007060443
0.007014245
0.007093776
0.007085391
0.006882891
0.007040860
0.006930703
0.006885443
0.007087734
0.007136223
0.007085442
0.006931537
0.007132682
0.006987266
0.007037475
0.006994193
0.006952162
0.007110860
0.006982422
0.006958880
0.006986849
0.006920443
0.007311587
0.007028985
0.007060391
0.007002631
0.006952995
0.006977735
0.007061640
0.007109922
0.007061172
0.007028516
0.007040807
0.007157786
0.007109609
0.007083671
0.007010859
0.006998204
0.006920131
0.006950287
0.007036849
0.007036329
0.007024661
0.006962474
0.006957579
0.007055390
0.007064558
0.007004662
0.006970651
0.006993620
0.007007891
0.007017058
0.006974558
0.007053047
0.007087839
0.007102318
0.007088047
0.006945807
0.007087057
0.007235442
0.007158150
0.007021068
0.007132994
0.006926381
0.007047266
0.007080494
0.007242005
0.007050703
0.006967579
0.007032266
0.007116797
0.007028151
0.007170130
0.007026745
0.007081015
0.007016693
0.007045860
0.007032422
0.006900964
0.006929089
0.007095339
0.007089401
0.007112995
0.007083984
0.007102370
0.006982526
0.007254765
0.007157318
0.006943777
0.007101276
0.006989036
0.007013099
0.007111172
0.007119505
0.007009193
0.007084453
0.007154037
0.006999454
0.007083776
0.007143828
0.007166432
0.007103776
0.007164817
0.006974974
0.006962631
0.007143515
0.007089662
0.007120494
0.007113411
0.006985756
0.007118515
0.007122110
0.007237108
0.007001589
0.007025079
0.006979193
0.007170963
0.007092735
0.006949194
0.006969141
0.006969922
0.006948621
0.007151224
0.007165286
0.007106849
0.007006433
0.007086276
0.006989766
0.006954766
0.006947891
0.007068047
0.006977370
0.007027891
0.007024662
0.007075026
0.006985703
0.007066016
0.007015652
0.007039714
0.006967578
0.007201275
0.007105964
0.006944454
0.006921694
0.006917422
0.007022058
0.007233515
0.007062318
0.006995391
0.007070182
0.007097578
0.006994193
0.007094713
0.007125391
0.006994610
0.007053984
0.007053359
0.007019870
0.007228255
0.007052318
0.007169922
0.007047213
0.007042891
0.006975756
0.007081745
0.007054297
0.006886068
0.007242317
0.007131015
0.006996172
0.007048151
0.007022318
0.007075391
0.007025547
0.007054037
0.006946641
0.007149193
0.006972787
0.006954506
0.007055599
0.007038515
0.007021224
0.006929506
0.007054245
0.007104922
0.007178567
0.007293723
0.006973360
0.006943516
0.006949401
0.007111641
0.007115964
0.007050390
0.006965599
0.007065078
0.007037578
0.006949766
0.007001798
0.007055704
0.007014662
0.007143098
0.006990651
0.007090963
0.007048203
0.007018152
0.007006797
0.007105963
0.007066276
0.006992474
0.006949349
0.006933829
0.006953621
0.007168151
0.007120078
0.007160963
0.006895808
0.007113932
0.006994662
0.007085860
0.007152890
0.007088463
0.007181744
0.007025912
0.006959506
0.007012787
0.007048047
0.007070964
0.007077474
0.006943100
0.007037110
0.007101536
0.006973569
0.006903308
0.007172109
0.007108411
0.006964089
0.007163620
0.007064193
0.007096224
0.007073620
0.006945756
0.006987839
0.007102891
0.007150078
0.007042318
0.007051641
0.007004610
0.006997735
0.007268203
0.006942006
0.007142786
0.007144870
0.006979610
0.006973672
0.006931902
0.007056485
0.007055391
0.007053463
0.006951693
0.007012995
0.006933673
0.006972318
0.007111120
0.007086276
0.007026953
0.006995912
0.007083724
0.007081641
0.007059766
0.006991589
0.007112526
0.006992318
0.007116692
0.006947839
0.007021797
0.007137213
0.007133308
0.006965808
0.007078464
0.007018725
0.007206275
0.007037734
0.006954454
0.007014766
0.007092526
0.007066433
0.007202682
0.007081953
0.007071172
0.007006172
0.007002162
0.007029037
0.007048567
0.006923776
0.007168775
0.006999297
0.007124765
0.006977891
0.007020286
0.007103985
0.006990182
0.007035495
0.006947162
0.007073411
0.007074662
0.007054922
0.007159557
0.007045600
0.007059401
0.007085651
0.007187057
0.006939401
0.007026120
0.007017578
0.007078099
0.007094974
0.007166172
0.007101588
0.007090131
0.007012474
0.006974818
0.007041068
0.007065651
0.007015339
0.007000026
0.007002422
0.007023308
0.007138932
0.006949766
0.007388306
0.007060443
0.006998256
0.007050495
0.006983256
0.007089870
0.007083724
0.007061068
0.006984818
0.007210182
0.007106901
0.006955443
0.007047891
0.007131849
0.006962475
0.007183568
0.007160026
0.007060651
0.007035339
0.006970391
0.006988985
0.007073047
0.007105183
0.007123880
0.006980808
0.007091433
0.007005964
0.006998100
0.007161067
0.006883985
0.007008412
0.007107943
0.006981432
0.007061380
0.007166328
0.006979923
0.007223046
0.007063412
0.006966642
0.006941225
0.007074610
0.007051016
0.007017995
0.007090860
0.006993725
0.007042683
0.007134973
0.007043307
0.006962318
0.007115287
0.006968620
0.007101537
0.007109245
0.006940443
0.007043881
0.007136484
0.006957370
0.006990859
0.006892527
0.007090130
0.007064401
0.007090755
0.007031537
0.007113203
0.006995391
0.007083255
0.007243672
0.006955026
0.007018673
0.007068203
0.006971901
0.007062005
0.007034609
0.007124661
0.006977839
0.006977371
0.007074870
0.007149557
0.007199088
0.007178359
0.007037110
0.007173411
0.007143204
0.007037683
0.007114036
0.007233046
0.006974922
0.006933204
0.007154713
0.007028360
0.007173046
0.007068725
0.006995287
0.007156120
0.006924246
0.007036068
0.007077422
0.007084975
0.006924402
0.007118619
0.007115443
0.007099141
0.007062631
0.007185964
0.007000130
0.007122370
0.007025027
0.007060235
0.007202734
0.007090547
0.006970443
0.007178620
0.007123047
0.007067787
0.007126172
0.007084141
0.007016433
0.007207838
0.006995756
0.007121432
0.007096016
0.007060547
0.006964819
0.007000183
0.007034662
0.007059610
0.007084714
0.006921537
0.007044453
0.007255129
0.007192474
0.007080182
0.007153984
0.007132682
0.007042891
0.007097578
0.007205964
0.007224713
0.006991016
0.007008047
0.007044297
0.007142005
0.006988360
0.006939870
0.007071485
0.007073359
0.007023881
0.007059402
0.007115755
0.007102370
0.007091641
0.007020808
0.007010860
0.006959141
0.007103933
0.007074088
0.006987943
0.007015235
0.006990651
0.007023828
0.007135703
0.007103047
0.007115130
0.007050911
0.006997891
0.007123203
0.007047891
0.007077474
0.006978464
0.006974766
0.006978360
0.007125183
0.007098307
0.007162526
0.006990182
0.007088672
0.007014558
0.006943412
0.007099818
0.006941017
0.007193308
0.007084610
0.006964767
0.006928465
0.006935652
0.007245494
0.006967631
0.007121485
0.006926121
0.007096640
0.006958412
0.007052891
0.007275234
0.007056277
0.006998048
0.007079505
0.007068828
0.006937266
0.007065703
0.007185078
0.007012423
0.007073308
0.007118464
0.007168151
0.007153828
0.007035808
0.006989558
0.006919037
0.007157161
0.007051433
0.006923204
0.007082318
0.006979349
0.007185651
0.007037891
0.006925027
0.006930130
0.007008932
0.007019089
0.007108360
0.006942162
0.006995912
0.006976798
0.007087422
0.006946641
0.007053204
0.006926380
0.006982266
0.007104714
0.007050756
0.006960131
0.007055183
0.007031068
0.007030703
0.007082630
0.007005756
0.006982891
0.006941016
0.006934141
0.007042578
0.007034714
0.007074714
0.007017318
0.007028673
0.007203932
0.007006016
0.006967527
0.007275807
0.007005235
0.007045912
0.007096433
0.007114557
0.006968152
0.007030599
0.006990651
0.006950183
0.007145339
0.007033620
0.007256328
0.007002474
0.006958308
0.007103255
0.007103620
0.006963777
0.007205443
0.007273098
0.007031225
0.007179713
0.006933725
0.006957839
0.007126016
0.007111433
0.006958672
0.007094974
0.007030078
0.007049349
0.006953516
0.006929558
0.007001485
0.007062266
0.007039350
0.007048099
0.006915288
0.006943621
0.007039089
0.007138828
0.007169089
0.007057631
0.007096849
0.007027527
0.007014401
0.006938568
0.007036693
0.007040652
0.007093985
0.007089193
0.007002110
0.007090495
0.006985600
0.007188984
0.006972579
0.007125703
0.007030652
0.007086485
0.007095078
0.007177422
0.007062734
0.007128412
0.007006329
0.007094401
0.006997162
0.007038985
0.007195234
0.007363359
0.006944871
0.006903413
0.007116745
0.007111329
0.007099349
0.007004349
0.007000079
0.007068568
0.007135391
0.007097214
0.007079974
0.007112578
0.006967527
0.007092943
0.007084975
0.007006068
0.007014922
0.007003517
0.007079245
0.007213724
0.007073204
0.007135911
0.007072943
0.007079088
0.006988360
0.006957891
0.007166953
0.006994506
0.007133203
0.007087578
0.007009350
0.006929454
0.007082630
0.007164140
0.007165703
0.007040860
0.006966954
0.007072891
0.007100078
0.007082735
0.007259088
0.007001121
0.007039818
0.007089089
0.007155235
0.007019766
0.007066693
0.007003672
0.006990808
0.007078829
0.006960235
0.006968881
0.007089401
0.007126692
0.006981068
0.007137890
0.007082631
0.007052682
0.006998100
0.007215286
0.006961954
0.007223984
0.007196068
0.007121901
0.007070599
0.006947527
0.006958464
0.007069401
0.006970912
0.007123880
0.006988412
0.007114192
0.007012943
0.007007475
0.007030652
0.007108829
0.006967058
0.007041746
0.006989038
0.007124036
0.007126068
0.007299869
0.007125443
0.007033100
0.006992944
0.006958048
0.007156328
0.007053412
0.007030652
0.007041954
0.006986432
0.007253984
0.007406536
0.007127318
0.007076277
0.007021433
0.006973933
0.007075391
0.007107526
0.007110339
0.007004454
0.006982110
0.006996172
0.007055860
0.007075183
0.006960391
0.007047370
0.007061121
0.006987215
0.007064558
0.007126849
0.007019454
0.006970964
0.006960391
0.006976902
0.007133360
0.007158776
0.007008933
0.007066589
0.007085131
0.006988203
0.007125339
0.007262317
0.007102213
0.007036797
0.006942683
0.007021693
0.007025652
0.007168672
0.007105807
0.007129141
0.006963464
0.006949818
0.007203098
0.007139610
0.007063203
0.007056433
0.007151849
0.006944714
0.006968308
0.007093151
0.007099297
0.007009662
0.007233932
0.006997266
0.007056380
0.007053256
0.007147161
0.006915756
0.007118308
0.006982058
0.007031172
0.007008152
0.007131015
0.006982891
0.006921641
0.006982266
0.007124662
0.007075704
0.006999975
0.007096537
0.007092995
0.007066016
0.006910652
0.007049662
0.007082787
0.007104714
0.006988464
0.006939558
0.007003100
0.007125130
0.007059975
0.007009975
0.007079714
0.007011224
0.006910079
0.007007682
0.007018881
0.007076276
0.006969141
0.007004454
0.007196328
0.007177109
0.007120599
0.006993829
0.007164713
0.006997006
0.007102630
0.006976173
0.007120443
0.007188099
0.007118829
0.006955548
0.006930079
0.007018151
0.007205963
0.007143881
0.006957423
0.006986641
0.007198150
0.007156745
0.007140599
0.007084870
0.007120495
0.007014610
0.007049662
0.006930965
0.006953256
0.006930652
0.007147943
0.007004142
0.006941329
0.007076380
0.007020078
0.007118776
0.007113255
0.007019610
0.006962787
0.007070391
0.007083203
0.007103516
0.007166068
0.006964766
0.007171172
0.007191224
0.007141797
0.007166381
0.007017162
0.007064975
0.007099765
0.007170599
0.007046381
0.006915288
0.007095027
0.006983100
0.007114662
0.007009602
0.007178663
0.007153404
0.006976581
0.007063248
0.006964237
0.006924863
0.006869133
0.006973508
0.007057154
0.007013195
0.006979602
0.006978091
0.007058977
0.006975487
0.006901217
0.007048560
0.006891217
0.006942570
0.006959290
0.006882415
0.006992362
0.006975904
0.007117413
0.006957935
0.007095070
0.007009654
0.007074393
0.007035435
0.007069029
0.006962050
0.007177622
0.007074549
0.006976738
0.006979914
0.006912935
0.006989186
0.007046893
0.007088352
0.006914394
0.007035071
0.007039810
0.006959707
0.006996529
0.006929915
0.006916634
0.007006112
0.006938664
0.006993092
0.007145747
0.007016946
0.007067935
0.007070175
0.006882519
0.006998612
0.007112154
0.006970436
0.006920800
0.007099185
0.006939863
0.006960071
0.006890279
0.006876738
0.006987102
0.007098507
0.007052102
0.006950019
0.007053977
0.007006633
0.006987206
0.007173351
0.007039237
0.006947259
0.007128664
0.007180226
0.006912518
0.007157674
0.007154809
0.007010800
0.007192674
0.007137361
0.006930800
0.007147934
0.007037101
0.007170799
0.007111424
0.007114862
0.006975904
0.007023144
0.007055644
0.007052987
0.006958561
0.006986269
0.006905384
0.007085435
0.006895800
0.006945644
0.007105644
0.007070539
0.007099081
0.006981373
0.007145903
0.006971477
0.007061268
0.007188924
0.007049706
0.006911842
0.007232882
0.007034602
0.007174340
0.006930852
0.007043508
0.007149601
0.007050435
0.006960852
0.007069862
0.007003040
0.007061842
0.007066841
0.006959550
0.006998300
0.007106320
0.006999341
0.006960435
0.007224289
0.007067987
0.006990019
0.007103351
0.007117466
0.006946321
0.007053039
0.007202622
0.006956842
0.006997570
0.007141424
0.007052258
0.007078924
0.006986165
0.007000435
0.007044341
0.007005436
0.007005696
0.007066945
0.006991008
0.007000539
0.007094185
0.007065956
0.007128559
0.006918040
0.007002154
0.006985279
0.006938873
0.006994497
0.007024602
0.007215278
0.007072466
0.006990384
0.007141059
0.006895123
0.006968665
0.007093039
0.007105383
0.006928352
0.007017466
0.006999706
0.007025747
0.007055382
0.007027935
0.006996372
0.007133664
0.007039185
0.007004654
0.006973144
0.007054289
0.006991373
0.006970435
0.006903092
0.007028455
0.006994706
0.006961789
0.006971685
0.006977779
0.006952935
0.007145434
0.007038039
0.006959706
0.006974134
0.006992727
0.006951425
0.007170017
0.007106737
0.007199028
0.006960695
0.007073977
0.007078977
0.007050226
0.006925644
0.006938248
0.006984290
0.007016321
0.007069862
0.007165018
0.007104237
0.007016633
0.006992049
0.006971946
0.006911634
0.007202934
0.007030122
0.007069497
0.007010174
0.007037310
0.006928196
0.006957363
0.006974863
0.007013143
0.007153612
0.006988352
0.007030643
0.007087049
0.006905749
0.006991217
0.006965696
0.007089810
0.007041112
0.007060435
0.007071529
0.007054914
0.006943248
0.007157882
0.007142466
0.007078716
0.007010070
0.007130799
0.006993924
0.006947155
0.007153976
0.006913457
0.007020383
0.007072883
0.006963977
0.007144393
0.006931529
0.007001997
0.007016321
0.007072726
0.007017883
0.006970279
0.007000644
0.007011373
0.007128403
0.006969394
0.006989654
0.007074341
0.007049029
0.007099706
0.006975487
0.007038560
0.006981373
0.007107101
0.007118664
0.006957831
0.006971165
0.006990644
0.006959602
0.007125434
0.007095018
0.006932102
0.007065643
0.006976685
0.006993612
0.007014289
0.007061059
0.007028456
0.006959081
0.006925748
0.006978924
0.006944602
0.007102205
0.007060591
0.007229080
0.007012519
0.007003300
0.006916425
0.006974029
0.007051372
0.006940488
0.007088560
0.006967935
0.007116216
0.007075799
0.006960643
0.007054914
0.007010383
0.006949915
0.007101320
0.006971269
0.007063560
0.006882935
0.006960904
0.006995331
0.007056893
0.007012310
0.006980435
0.007040435
0.007085174
0.006958769
0.007052934
0.007091320
0.007024602
0.006940435
0.007063873
0.006960643
0.007002311
0.007126476
0.007050382
0.006885071
0.007052883
0.006978456
0.006923717
0.007064810
0.006997883
0.007060487
0.007045851
0.006954810
0.006973977
0.006961216
0.007207986
0.007099393
0.007103716
0.007005800
0.006964602
0.007111320
0.007095122
0.007103039
0.007106111
0.006954029
0.007014029
0.006925071
0.007046842
0.006906425
0.007073351
0.006973247
0.007150747
0.007167935
0.007060383
0.007115747
0.006975540
0.006964290
0.007114653
0.007042674
0.007087987
0.007064550
0.007068664
0.006990279
0.007227413
0.007142518
0.006978039
0.007035331
0.006944185
0.006977310
0.006998092
0.006986633
0.007101737
0.006899290
0.007215434
0.006975696
0.007059549
0.007050643
0.007075539
0.006931060
0.006913925
0.006944030
0.007125226
0.006950591
0.007063352
0.006905071
0.006854603
0.007009185
0.007064810
0.007062466
0.007075070
0.006965800
0.007023768
0.006956112
0.007091528
0.007038508
0.006922050
0.006966477
0.006982935
0.007007623
0.007045018
0.006982207
0.006990696
0.007007050
0.007593869
0.006989550
0.006910383
0.007051216
0.007019550
0.006937570
0.007117674
0.006998144
0.007052934
0.006995956
0.007129132
0.006916008
0.006942936
0.006980018
0.007127882
0.006914966
0.006897675
0.007138820
0.006983716
0.006994758
0.006946269
0.006993768
0.006898248
0.006956321
0.007129341
0.006969081
0.007020591
0.007083560
0.006962518
0.007273558
0.006953716
0.007030696
0.006945591
0.007106007
0.007013508
0.007145383
0.007087153
0.006936633
0.007085695
0.007127414
0.006911008
0.006926530
0.007002258
0.006973092
0.007031372
0.007026581
0.006961112
0.007042101
0.006959550
0.006951998
0.007005799
0.006997102
0.007092206
0.007109757
0.007068769
0.007015382
0.007010331
0.006979706
0.006997830
0.006965643
0.006990435
0.007001685
0.007064966
0.007062206
0.007053143
0.006991633
0.006887103
0.006982206
0.007082570
0.006951529
0.007057414
0.006979289
0.007097049
0.007009810
0.007065643
0.007025279
0.007036425
0.007067987
0.007070382
0.006986477
0.006957154
0.007017518
0.007155018
0.007057622
0.007081060
0.006913613
0.007101424
0.007035747
0.006979810
0.007065018
0.007018195
0.006967414
0.007115643
0.007242465
0.007129341
0.006977415
0.006998144
0.006989185
0.007059029
0.007166476
0.007048976
0.006971893
0.006928716
0.007031320
0.007055799
0.007055227
0.007027101
0.007009915
0.006862727
0.006960800
0.006910175
0.007040852
0.007101581
0.007048404
0.007016008
0.006983091
0.007032883
0.007120956
0.006948925
0.007125122
0.007072518
0.006996164
0.007029862
0.006976164
0.006977050
0.006967831
0.007175122
0.007061060
0.007121060
0.007106997
0.007146267
0.007005800
0.006956321
0.006992154
0.007081789
0.006861009
0.007036372
0.007122466
0.007037050
0.006983091
0.006953769
0.007041998
0.006982779
0.007117309
0.007025227
0.007028196
0.006967050
0.006929498
0.007041737
0.007091893
0.007024705
0.006979446
0.007141163
0.007030903
0.007083612
0.007082101
0.006915644
0.006997414
0.006922154
0.006952154
0.006972571
0.006940852
0.007108299
0.006994290
0.006912571
0.006943040
0.007074289
0.006969914
0.006956321
0.007003821
0.007070070
0.007063612
0.007113716
0.007027675
0.007186632
0.006967884
0.006952259
0.007012623
0.006943300
0.007024862
0.006993769
0.007057466
0.006938560
0.006877467
0.007078925
0.007075070
0.007017622
0.006979862
0.007066946
0.007081946
0.007116424
0.007036685
0.007042570
0.006958665
0.006995487
0.007081476
0.007130383
0.007121580
0.007037518
0.006980019
0.006995383
0.006992310
0.006978300
0.007015383
0.007020279
0.006956216
0.006989185
0.007046321
0.006933456
0.006948300
0.006925643
0.006974394
0.007035071
0.006928717
0.007111216
0.006938040
0.007005018
0.006944654
0.007128924
0.007138091
0.006998664
0.006940539
0.006995435
0.006977726
0.006965644
0.006935123
0.007119341
0.007107310
0.007053144
0.007007258
0.007059236
0.007114028
0.007029706
0.007102830
0.006955800
0.007067935
0.007192673
0.007134445
0.007033560
0.007198455
0.006990539
0.007026424
0.006940071
0.007107882
0.007103143
0.007063300
0.007125955
0.007034029
0.007121008
0.007064393
0.007085538
0.007074133
0.007058091
0.006966789
0.007087882
0.007051269
0.007035644
0.006963612
0.007078820
0.007025539
0.006973821
0.007065070
0.007052414
0.007112830
0.007024445
0.006984133
0.007040591
0.007061112
0.007122205
0.006991841
0.006978456
0.006973404
0.006953404
0.006928820
0.007005279
0.007104341
0.007075643
0.006971425
0.007156320
0.007180226
0.007091216
0.006891633
0.007321475
0.006966373
0.007115903
0.007103508
0.007195225
0.007060799
0.006964914
0.007017883
0.006982154
0.007064862
0.007078976
0.007128455
0.006960852
0.006974914
0.007147674
0.007167882
0.007119445
0.006946164
0.007054080
0.006966998
0.006954081
0.007050330
0.006929498
0.006952883
0.007034133
0.007086685
0.007017778
0.007094028
0.007051841
0.006930175
0.007124758
0.006937258
0.006941008
0.007091841
0.006982727
0.007082882
0.007112830
0.006984185
0.006996008
0.007066946
0.007129757
0.007050591
0.007141632
0.006969914
0.007043195
0.007110643
0.007060330
0.007029498
0.007052831
0.007014080
0.007134445
0.006945435
0.006952935
0.006926946
0.006970748
0.007117258
0.007066268
0.006952883
0.006972102
0.007102727
0.006939445
0.006977727
0.007052049
0.007034966
0.007126320
0.007066164
0.007118820
0.007016581
0.007204236
0.007004498
0.006958456
0.007132518
0.007135330
0.006982206
0.007145539
0.007095851
0.007040904
0.007088403
0.007094914
0.006959498
0.007136685
0.007169705
0.007089393
0.007042778
0.006978300
0.007026477
0.007027883
0.006940018
0.007245851
0.007002050
0.007154132
0.006920800
0.007056997
0.007168246
0.007056997
0.007089758
0.007056060
0.006997883
0.007088143
0.007025539
0.006946790
0.007069132
0.007029393
0.006956269
0.006956112
0.006946321
0.007023300
0.007051164
0.007044289
0.006981581
0.007069862
0.007111007
0.007088403
0.007143195
0.007053872
0.006985799
0.007083612
0.007145747
0.007008924
0.006961789
0.007091372
0.007014810
0.007099236
0.007005904
0.007047049
0.007061008
0.006899081
0.006967571
0.007071268
0.007076424
0.007215538
0.006894185
0.007114497
0.007016425
0.006972571
0.007144966
0.007145487
0.006896530
0.006914654
0.006953092
0.007006998
0.006917675
0.007103768
0.006941060
0.006990799
0.007000435
0.007205486
0.007093820
0.007094653
0.007074549
0.006914289
0.007020331
0.007095174
0.007007050
0.007011476
0.007033404
0.007045018
0.006966320
0.007093767
0.007083976
0.007044654
0.007061008
0.007185434
0.006968196
0.007022206
0.007045331
0.006978612
0.007001008
0.006924029
0.006962727
0.007083247
0.007092466
0.007039550
0.007045747
0.006965279
0.006981581
0.007061424
0.007089132
0.007107154
0.007106007
0.007076946
0.006999133
0.007046164
0.007022206
0.007026268
0.006922779
0.007707203
0.007127153
0.007126893
0.007069810
0.007142465
0.006909811
0.006982935
0.006964029
0.007093612
0.007095383
0.007038872
0.007231684
0.007108455
0.006990487
0.006994758
0.007046321
0.007147049
0.007008299
0.006993195
0.006990279
0.006915435
0.007070643
0.007044601
0.007127466
0.007050018
0.006965435
0.006981997
0.007080591
0.007186164
0.007035122
0.006983039
0.007006997
0.006927936
0.007108299
0.007100539
0.006981112
0.007049861
0.006981529
0.007199965
0.007140122
0.007001789
0.007119914
0.007079341
0.006987415
0.007084914
0.007016269
0.007174965
0.007095331
0.007139132
0.006975279
0.007167986
0.007130018
0.007067779
0.007023300
0.006955956
0.006980643
0.007051789
0.006987102
0.006983612
0.007072882
0.007126372
0.006957519
0.007176059
0.007102101
0.006935019
0.007092153
0.007105018
0.006948092
0.007076268
0.006938561
0.007212882
0.007107205
0.007143560
0.007017988
0.007118768
0.007079861
0.007128507
0.007110382
0.007033508
0.007054862
0.007053508
0.006936113
0.007057987
0.007005903
0.007025851
0.007003664
0.007050383
0.007076945
0.007098352
0.007141684
0.007139288
0.007025331
0.007046424
0.007062414
0.006988612
0.006964393
0.007078821
0.006975904
0.007006580
0.006901373
0.006970852
0.006923508
0.007055695
0.006986842
0.007007987
0.007109705
0.007056841
0.007033976
0.007030279
0.006995956
0.007040487
0.006999289
0.007259236
0.006874706
0.007107674
0.007018560
0.007029081
0.007026685
0.007030800
0.006938613
0.007104184
0.007001373
0.007042883
0.007059028
0.007087987
0.007226528
0.007116215
0.006960331
0.006948924
0.007015018
0.007083351
0.007132830
0.006909914
0.007012258
0.007042049
0.006942259
0.007131997
