0.006576956
0.006531123
0.005716438
0.003553998
0.006694560
0.006569196
0.006537529
0.006580602
0.006631279
0.006503102
0.006562685
0.006687424
0.006664664
0.006592738
0.006614143
0.006660862
0.006669456
0.006699143
0.006650445
0.006602633
0.006607894
0.006532373
0.003480874
0.006574612
0.006811695
0.006575185
0.006608050
0.006644872
0.006671643
0.006704351
0.006684508
0.006668310
0.006537530
0.006625289
0.006551748
0.006663987
0.006570133
0.006578571
0.006589925
0.006559820
0.003522227
0.003530352
0.006641487
0.006669039
0.006505602
0.006563102
0.006650758
0.006573831
0.006635550
0.006605653
0.006788466
0.006622685
0.006587373
0.006685862
0.006626435
0.006717685
0.006510498
0.006599508
0.006630237
0.003459624
0.003588477
0.006539456
0.006791331
0.006499248
0.006568727
0.006661122
0.006521957
0.006669247
0.006580914
0.006644612
0.006625602
0.006665706
0.006619091
0.006529404
0.006569664
0.006568987
0.006565445
0.006765757
0.006743205
0.003490352
0.006540602
0.006587737
0.006541070
0.006556175
0.006545290
0.006657112
0.006683466
0.006553675
0.006517008
0.006561070
0.006625966
0.006624872
0.006721904
0.006569195
0.006732685
0.006603206
0.006749819
0.003455196
0.003542435
0.006542269
0.006676279
0.006596226
0.006552269
0.006592529
0.006473832
0.006641695
0.006586852
0.006741643
0.006639456
0.006867527
0.006549299
0.006582581
0.006628414
0.006547477
0.006580915
0.006522737
0.006154405
0.003578945
0.006714403
0.006763726
0.006538363
0.006585914
0.006647580
0.006557477
0.006683258
0.006553258
0.006528675
0.006604664
0.006716487
0.006762528
0.006756904
0.006579769
0.006558154
0.006582165
0.006671018
0.006626800
0.003476134
0.006523415
0.006537633
0.006611487
0.006591175
0.006768622
0.006564561
0.006575966
0.006670133
0.006534820
0.006602112
0.006750549
0.006679872
0.006672737
0.006489664
0.006552581
0.006552842
0.006640757
0.006613206
0.003607540
0.003435196
0.006652997
0.006498414
0.006512477
0.006567008
0.006649508
0.006699039
0.006622268
0.006641903
0.006800757
0.006584456
0.006666330
0.006643049
0.006683727
0.006591748
0.006529873
0.006580602
0.006519508
0.006733569
0.003564570
0.006640654
0.006673570
0.006490290
0.006606279
0.006766278
0.006729299
0.006636591
0.006607789
0.006670445
0.006583154
0.006561747
0.006597216
0.006665862
0.006513258
0.006518258
0.006573779
0.006504925
0.006630497
0.003511914
0.003500300
0.003532227
0.003481029
0.006635601
0.006557164
0.006513050
0.006751799
0.006768049
0.006578883
0.006774508
0.006609821
0.006521019
0.006734715
0.006739195
0.006630289
0.006584091
0.006578258
0.006633310
0.006510134
0.006623414
0.006649247
0.003574414
0.006625914
0.006584196
0.006625862
0.006637007
0.006721799
0.006494977
0.006679664
0.006623467
0.006629196
0.006612321
0.006808518
0.006738831
0.006625185
0.006582737
0.006664196
0.006681382
0.006749143
0.006642581
0.003499935
0.006588622
0.006583049
0.006573049
0.006766851
0.006653258
0.006527425
0.006698309
0.006583779
0.006512842
0.006705029
0.006728674
0.006715861
0.006557738
0.006726591
0.006705706
0.006684559
0.006716747
0.006525915
0.003432956
0.003475456
0.006583205
0.006673153
0.006726330
0.006662633
0.006764299
0.006548206
0.006605966
0.006547581
0.006666591
0.006590550
0.006665445
0.006564977
0.006566278
0.006574977
0.006684560
0.006733049
0.006695133
0.003474571
0.006548570
0.006567268
0.006609195
0.006716643
0.006694611
0.006543050
0.006783309
0.006588310
0.006563519
0.006530445
0.006546644
0.006677893
0.006575810
0.006582998
0.006568571
0.006830080
0.006626122
0.006660497
0.003530769
0.003521498
0.003446810
0.003506602
0.006551279
0.006570654
0.006639716
0.006531071
0.006844351
0.006620602
0.006548883
0.006535446
0.006738154
0.006611226
0.006627841
0.006568101
0.006588570
0.006692112
0.006600289
0.006630446
0.006696278
0.006573310
0.003476134
0.003468789
0.006644924
0.006671382
0.006653205
0.006521487
0.006594716
0.006628153
0.006673102
0.006724924
0.006503571
0.006543935
0.006587633
0.006630653
0.007257474
0.006675966
0.006629768
0.006635289
0.006590080
0.003494883
0.003486811
0.003470457
0.006587008
0.006541800
0.006662841
0.006783309
0.006592060
0.006765965
0.006759039
0.006673570
0.006706747
0.006526123
0.006559560
0.006642997
0.006681591
0.006553831
0.006582633
0.006553779
0.006572633
0.006637998
0.005725553
0.003502800
0.006530654
0.006569925
0.006543362
0.006594143
0.006681070
0.006524612
0.006638362
0.006599768
0.006766643
0.006599924
0.006558205
0.006605550
0.006693309
0.006775393
0.006706591
0.006584247
0.006582060
0.006590758
0.003528373
0.003488060
0.002949260
0.006695132
0.006522217
0.006546956
0.006755185
0.006642476
0.006507528
0.006653518
0.006570706
0.006640914
0.006591591
0.006727424
0.006576434
0.006684716
0.006604925
0.006626018
0.006711226
0.003498060
0.006571695
0.006530237
0.006558414
0.006595132
0.006734508
0.006733101
0.006554768
0.006528727
0.006685549
0.006569925
0.006528050
0.006604820
0.006539404
0.006519716
0.006528727
0.006630028
0.006622841
0.006531799
0.003558737
0.006221124
0.006676695
0.006553570
0.006577164
0.006617737
0.006777424
0.006643726
0.006752059
0.006562789
0.006563623
0.006639873
0.006643101
0.006551852
0.006664560
0.006562632
0.006576383
0.006676747
0.006671643
0.006551748
0.003439571
0.006673674
0.006698830
0.006573414
0.006676799
0.006710966
0.006711538
0.006619455
0.006657476
0.006578154
0.006740549
0.006500446
0.006649456
0.006779247
0.006639768
0.006603518
0.006508102
0.006508571
0.003602487
0.003407748
0.006497946
0.006797372
0.006617008
0.006559299
0.006539195
0.006625133
0.006676591
0.006635080
0.006565289
0.006689976
0.006528623
0.006685132
0.006539039
0.006657789
0.006587685
0.006664039
0.006746226
0.006666070
0.003500925
0.006771330
0.006508883
0.006588571
0.006498571
0.006535914
0.006738257
0.006804195
0.006791330
0.006586486
0.006652736
0.006564664
0.006664768
0.006519977
0.006656018
0.006576695
0.006594925
0.006688049
0.006675914
0.003554571
0.006576903
0.006730340
0.006578414
0.006590705
0.006663466
0.006691799
0.006548622
0.006644664
0.006570237
0.006665445
0.006730237
0.006519560
0.006550341
0.006588570
0.006597737
0.006689924
0.006685861
0.006675810
0.003551185
0.003526602
0.003488946
0.003504883
0.003570352
0.003442228
0.006739611
0.006516279
0.006682215
0.006611330
0.006555653
0.006548258
0.006577581
0.006529664
0.006640445
0.006817997
0.006724456
0.006777996
0.006595862
0.006578049
0.006754976
0.006609039
0.006706174
0.006763153
0.003427384
0.006787528
0.006543519
0.006768101
0.006674143
0.006626486
0.006631539
0.006565705
0.006591122
0.006685966
0.006580602
0.006658362
0.006790757
0.006569248
0.006523466
0.006683518
0.006564976
0.006650810
0.006756747
0.003437019
0.003482331
0.006744871
0.006585237
0.006786799
0.006709403
0.006703310
0.006586747
0.006587216
0.006747841
0.006737789
0.006588779
0.006587216
0.006581278
0.006729715
0.006755705
0.006801330
0.006767059
0.006652216
0.003439987
0.006646122
0.006602841
0.006595341
0.006520966
0.006514560
0.006561695
0.006592477
0.006499196
0.006747008
0.006652268
0.006549508
0.006581591
0.006607737
0.006557424
0.006635184
0.006781017
0.006551383
0.006694559
0.003433008
0.006765028
0.006499560
0.006598830
0.006691279
0.006536539
0.006623466
0.006611851
0.006702320
0.006653101
0.006729403
0.006540706
0.006769663
0.006593622
0.006533779
0.006664820
0.006552320
0.006595132
0.006705341
0.006562268
0.003691393
0.006474612
0.006556487
0.006539716
0.006661590
0.006671695
0.006580550
0.006661018
0.006642424
0.006649872
0.006656174
0.006674456
0.006578622
0.006672007
0.006614143
0.006600602
0.006663570
0.006522997
0.003457123
0.006719976
0.006551383
0.006566071
0.006619716
0.006636539
0.006670966
0.006586070
0.006640810
0.006579560
0.006660029
0.006576018
0.006648310
0.006587529
0.006622476
0.006580758
0.006639351
0.006656018
0.006784767
0.003446655
0.003589571
0.006569091
0.006710497
0.006729299
0.006535967
0.006798361
0.006601799
0.006658414
0.006611800
0.006610341
0.006689872
0.006508102
0.006563831
0.006517893
0.006686330
0.006736955
0.006815341
0.006617476
0.006585653
0.003613789
0.006639560
0.006748778
0.006734664
0.006530654
0.006651486
0.006577685
0.006677424
0.006715237
0.006513622
0.006665966
0.006536070
0.006605550
0.006714612
0.006564143
0.006590237
0.006651383
0.006531123
0.006597581
0.003483425
0.003584571
0.003583425
0.003407748
0.006620497
0.006772841
0.006538258
0.006556799
0.006792893
0.006713309
0.006572216
0.006501279
0.006564508
0.006568726
0.006505393
0.006541226
0.006612789
0.006748830
0.006574716
0.006615080
0.006545081
0.006530498
0.003524362
0.006689559
0.006740184
0.006729455
0.006575601
0.006769976
0.006517789
0.006689872
0.006537737
0.006567946
0.006609716
0.006583778
0.006532737
0.006642893
0.006632892
0.006625966
0.006620185
0.006772684
0.006695081
0.003501237
0.003508529
0.003492904
0.003471446
0.003450144
0.006627424
0.006561851
0.006640289
0.006672737
0.006544976
0.006543935
0.006550706
0.006553206
0.006673205
0.006701642
0.006716434
0.006741017
0.006728935
0.006578882
0.006553049
0.006549144
0.006661799
0.003478789
0.006576799
0.006567841
0.006606903
0.006654715
0.006703257
0.006602268
0.006782371
0.006559925
0.006595757
0.006601487
0.006967111
0.006454821
0.006677164
0.006497737
0.006590080
0.006705861
0.006689559
0.006524612
0.003568216
0.004921493
0.006536435
0.006605862
0.006634663
0.006595966
0.006522217
0.006551278
0.006696278
0.006604560
0.006526018
0.006481955
0.006730236
0.006746590
0.006634976
0.006697424
0.006518518
0.006562580
0.006687945
0.006708048
0.003492071
0.006486748
0.006598101
0.006586174
0.006566278
0.006592060
0.006650601
0.006503571
0.006643831
0.006656226
0.006691435
0.006541227
0.006564091
0.006824663
0.006611851
0.006640497
0.006756382
0.006777111
0.006570966
0.003485925
0.003556706
0.003603060
0.006567476
0.006532372
0.006747163
0.006666330
0.006685705
0.006502528
0.006557997
0.006715758
0.006619143
0.006741382
0.006622112
0.006692996
0.006597059
0.006561435
0.006601852
0.006721226
0.006553466
0.006495289
0.003431654
0.003516811
0.006578310
0.006594664
0.006606643
0.006549716
0.006630445
0.006623362
0.006625809
0.006660809
0.006584924
0.006662320
0.006551904
0.006588258
0.006600132
0.006600601
0.006797997
0.006593518
0.006585550
0.006568414
0.003625351
0.003493893
0.006605705
0.006534768
0.006660705
0.006550966
0.006618727
0.006578309
0.006515445
0.006497997
0.006720132
0.006705653
0.006591070
0.006561330
0.006479144
0.006577320
0.006514248
0.006777527
0.006656226
0.003425560
0.003546185
0.006512164
0.006691486
0.006590654
0.006603778
0.006503310
0.006571227
0.006572268
0.006630184
0.006749559
0.006551331
0.006613779
0.006591226
0.006615237
0.006723934
0.006681122
0.006589039
0.006508622
0.006555342
0.003540508
0.006825444
0.006494560
0.006513987
0.006643570
0.006556695
0.006579143
0.006530184
0.006839506
0.006647320
0.006672164
0.006549507
0.006586174
0.006627164
0.006558935
0.006744819
0.006689403
0.006588362
0.006600809
0.003548529
0.006555966
0.006698413
0.006532269
0.006683934
0.006612841
0.006608726
0.006704976
0.006702372
0.006711642
0.006674195
0.006558257
0.006603883
0.006529404
0.006770131
0.006614560
0.006690289
0.006620809
0.006604716
0.003572487
0.006484247
0.006667840
0.006572059
0.006810913
0.006665445
0.006588310
0.006638414
0.006741486
0.006567216
0.006646435
0.006743257
0.006621800
0.006524039
0.006663674
0.006664976
0.006649143
0.006618361
0.006611070
0.003533320
0.003519779
0.003479310
0.003559415
0.003472696
0.003575769
0.006585602
0.006691226
0.006599872
0.006566956
0.006616227
0.006617841
0.006623206
0.006626331
0.006592476
0.006717997
0.006554195
0.006613934
0.006705288
0.006669767
0.006658310
0.006676278
0.006555862
0.006695601
0.003561654
0.006602059
0.006634455
0.006590185
0.006654664
0.006590445
0.006561643
0.006693413
0.006556904
0.006624403
0.006547164
0.006536487
0.006544872
0.006628205
0.006633205
0.006611070
0.006544299
0.006652007
0.006686642
0.003423634
0.006661955
0.006549873
0.006592632
0.006546903
0.006510654
0.006557060
0.006527581
0.006543466
0.006556695
0.006688413
0.006677476
0.006738466
0.006700601
