0.005303888
0.005396700
0.005323523
0.005317117
0.005321179
0.005366961
0.005357116
0.005342846
0.005331283
0.005368003
0.005393002
0.005471179
0.005527950
0.005305815
0.005322846
0.005349669
0.005408106
0.005463939
0.005367117
0.005343575
0.005473470
0.005499565
0.005313680
0.005304357
0.005376127
0.005365658
0.005428835
0.005343210
0.005333315
0.005361284
0.005505190
0.005329721
0.005316231
0.005439044
0.005366023
0.005369930
0.005424981
0.005468939
0.005483054
0.005339617
0.005372585
0.005399356
0.005315711
0.005330502
0.005342481
0.005484356
0.005300867
0.005353783
0.005363835
0.005343471
0.005316232
0.005295971
0.005523523
0.005521907
0.005374148
0.005429044
0.005359200
0.005346805
0.005328471
0.005330502
0.005307846
0.005354408
0.005468054
0.005377429
0.005314356
0.005395137
0.005496491
0.005396856
0.005369616
0.005298575
0.005316440
0.005478314
0.005422950
0.005295346
0.005266440
0.005318784
0.005361596
0.005325294
0.005301596
0.005282377
0.005358783
0.005336231
0.005423783
0.005374044
0.005467898
0.005423731
0.005356335
0.005484252
0.005307273
0.005328419
0.005373627
0.005330346
0.005462273
0.005356075
0.005491491
0.005493731
0.005381023
0.005458106
0.005267013
0.005344668
0.005360918
0.005345711
0.005255347
0.005309617
0.005394669
0.005350450
0.005327378
0.005293107
0.005332221
0.005351283
0.005433418
0.005409668
0.005313731
0.005352326
0.005545762
0.005550085
0.005334617
0.005390034
0.005403991
0.005358940
0.005350866
0.005292378
0.005309461
0.005451752
0.005435085
0.005257378
0.005292899
0.005374148
0.005361283
0.005408627
0.005448835
0.005346075
0.005339512
0.005362950
0.005342377
0.005324200
0.005366075
0.005521126
0.005364617
0.005258210
0.005329357
0.005326284
0.005365294
0.005353783
0.005333211
0.005283211
0.005551752
0.005340138
0.005367481
0.005348940
0.005527949
0.005427846
0.005351648
0.005312221
0.005442116
0.005366752
0.005369929
0.005451700
0.005273315
0.005268628
0.005435033
0.005357221
0.005353679
0.005273575
0.005354304
0.005357950
0.005514252
0.005470918
0.005399616
0.005406544
0.005510918
0.005471179
0.005320658
0.005288367
0.005458419
0.005359877
0.005377794
0.005332690
0.005269461
0.005423002
0.005374513
0.005309825
0.005357846
0.005392221
0.005393419
0.005360294
0.005398991
0.005419148
0.005501075
0.005383731
0.005539616
0.005297586
0.005350242
0.005524251
0.005345971
0.005266596
0.005345554
0.005502221
0.005388783
0.005364982
0.005314617
0.005372221
0.005424200
0.005531700
0.005339825
0.005457429
0.005480502
0.005485971
0.005351753
0.005280919
0.005302794
0.005292846
0.005350710
0.005508158
0.005435085
0.005476439
0.005400086
0.005449200
0.005385450
0.005433471
0.005397065
0.005366023
0.005402429
0.005302846
0.005303211
0.005531231
0.005342586
0.005316387
0.005330190
0.005291700
0.005355398
0.005479669
0.005393731
0.005280138
0.005422013
0.005519981
0.005558366
0.005485554
0.005458887
0.005331752
0.005358210
0.005336232
0.005420346
0.005435293
0.005318054
0.005362794
0.005368055
0.005279409
0.005342013
0.005501126
0.005358003
0.005384617
0.005293992
0.005310919
0.005415971
0.005355346
0.005350919
0.005351492
0.005544200
0.005341128
0.005337482
0.005305972
0.005399929
0.005549668
0.005414877
0.005365190
0.005423991
0.005342742
0.005326544
0.005334878
0.005351908
0.005509564
0.005339513
0.005447533
0.005437690
0.005267795
0.005277065
0.005434721
0.005344201
0.005402169
0.005347742
0.005375658
0.005497065
0.005415658
0.005328523
0.005463471
0.005357116
0.005329357
0.005397794
0.005334304
0.005307326
0.005320607
0.005527272
0.005354148
0.005389304
0.005336076
0.005363002
0.005332846
0.005309773
0.005515241
0.005467481
0.005488471
0.005304409
0.005292534
0.005346909
0.005476284
0.005416179
0.005333002
0.005324721
0.005528367
0.005380658
0.005459096
0.005322377
0.005295920
0.005323940
0.005536127
0.005472846
0.005368211
0.005275242
0.005352273
0.005392221
0.005426439
0.005273367
0.005309461
0.005326648
0.005431127
0.005393523
0.005327742
0.005364461
0.005372169
0.005362794
0.005313159
0.005331387
0.005469981
0.005319617
0.005361804
0.005327846
0.005349252
0.005369877
0.005360658
0.005432273
0.005278888
0.005320867
0.005498679
0.005409564
0.005266440
0.005409305
0.005318732
0.005392117
0.005421492
0.005257118
0.005306857
0.005361232
0.005381805
0.005521908
0.005314982
0.005461648
0.005317273
0.005337898
0.005349773
0.005334460
0.005370086
0.005313367
0.005366076
0.005469356
0.005321753
0.005359304
0.005345346
0.005354149
0.005321284
0.005343992
0.005299722
0.005479512
0.005353315
0.005429773
0.005390138
0.005366804
0.005357221
0.005279565
0.005303575
0.005436335
0.005472481
0.005472742
0.005388523
0.005406544
0.005498992
0.005532690
0.005289357
0.005282795
0.005359929
0.005478679
0.005494096
0.005350606
0.005328992
0.005355398
0.005352377
0.005513522
0.005309617
0.005467429
0.005404044
0.005400346
0.005438680
0.005264721
0.005349669
0.005423002
0.005412898
0.005291544
0.005307742
0.005388575
0.005384409
0.005292950
0.005466544
0.005352638
0.005359617
0.005377950
0.005319774
0.005295659
0.005319877
0.005363784
0.005389357
0.005316961
0.005408367
0.005361857
0.005326440
0.005347378
0.005460710
0.005335034
0.005479356
0.005401127
0.005289825
0.005295607
0.005328002
0.005353367
0.005359669
0.005308159
0.005305086
0.005507741
0.005316961
0.005286701
0.005316023
0.005411804
0.005325711
0.005325086
0.005279669
0.005355346
0.005516127
0.005369305
0.005391387
0.005338888
0.005443263
0.005495346
0.005498627
0.005337742
0.005284304
0.005344148
0.005486596
0.005400814
0.005356283
0.005270451
0.005321336
0.005346440
0.005380190
0.005444981
0.005442117
0.005398679
0.005350294
0.005373002
0.005433002
0.005451804
0.005358002
0.005501804
0.005270867
0.005348055
0.005503835
0.005489408
0.005357169
0.005408940
0.005450450
0.005379929
0.005398315
0.005384669
0.005303107
0.005312794
0.005382586
0.005357430
0.005368627
0.005288732
0.005504721
0.005366180
0.005380606
0.005292378
0.005296857
0.005341753
0.005405502
0.005343523
0.005329200
0.005368471
0.005306648
0.005374305
0.005384982
0.005335659
0.005356544
0.005345867
0.005405085
0.005361753
0.005283575
0.005353158
0.005362169
0.005333679
0.005294409
0.005404253
0.005308263
0.005391440
0.005271596
0.005346700
0.005331857
0.005360554
0.005352377
0.005384669
0.005489512
0.005383367
0.005397429
0.005289357
0.005322169
0.005335763
0.005496804
0.005345919
0.005320971
0.005497898
0.005344357
0.005371909
0.005406648
0.005481544
0.005353940
0.005516231
0.005340555
0.005393627
0.005326023
0.005327378
0.005342378
0.005457533
0.005367117
0.005301179
0.005295763
0.005359721
0.005355450
0.005512012
0.005354148
0.005344356
0.005328419
0.005431648
0.005484772
0.005370294
0.005307690
0.005370346
0.005347690
0.005414252
0.005344044
0.005512845
0.005488366
0.005371648
0.005336805
0.005392690
0.005343992
0.005354357
0.005309253
0.005296701
0.005498627
0.005383523
0.005382013
0.005282743
0.005490034
0.005348419
0.005472169
0.005380606
0.005298419
0.005384981
0.005518887
0.005314148
0.005516596
0.005477377
0.005463002
0.005352222
0.005366909
0.005342846
0.005354045
0.005368471
0.005347378
0.005321388
0.005254200
0.005293941
0.005355502
0.005380450
0.005349408
0.005308106
0.005498106
0.005468575
0.005349773
0.005328628
0.005284618
0.005392899
0.005327898
0.005315815
0.005333888
0.005342481
0.005347847
0.005397221
0.005310190
0.005376960
0.005395085
0.005407065
0.005346596
0.005328524
0.005369617
0.005500242
0.005352274
0.005383419
0.005297325
0.005333419
0.005518627
0.005340711
0.005473002
0.005411752
0.005327951
0.005371180
0.005412325
0.005305450
0.005301545
0.005349513
0.005309044
0.005366752
0.005322795
0.005399200
0.005364773
0.005358002
0.005315086
0.005311336
0.005397898
0.005294513
0.005293211
0.005342170
0.005427951
0.005468418
0.005298471
0.005358680
0.005313576
0.005289982
0.005344461
0.005394826
0.005478888
0.005305867
0.005321648
0.005387169
0.005392638
0.005306545
0.005229358
0.005393731
0.005521908
0.005375919
0.005281492
0.005368002
0.005479356
0.005331284
0.005385137
0.005321545
0.005415971
0.005333628
0.005338367
0.005260555
0.005315503
0.005380554
0.005505763
0.005418940
0.005361440
0.005347170
0.005506596
0.005354773
0.005503471
0.005333940
0.005311753
0.005377117
0.005368158
0.005467898
0.005264097
0.005337169
0.005516022
0.005397742
0.005401961
0.005352951
0.005363003
0.005357899
0.005307430
0.005303576
0.005293940
0.005324877
0.005403002
0.005372274
0.005363784
0.005343575
0.005372534
0.005354878
0.005430658
0.005319357
0.005465554
0.005372534
0.005323576
0.005240660
0.005352065
0.005340554
0.005375554
0.005428002
0.005308627
0.005410815
0.005406179
0.005351388
0.005254930
0.005343106
0.005355763
0.005366857
0.005359722
0.005380294
0.005491127
0.005480763
0.005441335
0.005284617
0.005298159
0.005347169
0.005318107
0.005361596
0.005338315
0.005338732
0.005348732
0.005366076
0.005312586
0.005348054
0.005369565
0.005385607
0.005312065
0.005322899
0.005387742
0.005302586
0.005317742
0.005422117
0.005259982
0.005348159
0.005377533
0.005480242
0.005320503
0.005315138
0.005549512
0.005464981
0.005370242
0.005325606
0.005501804
0.005385763
0.005491336
0.005339304
0.005301909
0.005476075
0.005481283
0.005388419
0.005350659
0.005293211
0.005367065
0.005391075
0.005335554
0.005288471
0.005240451
0.005393576
0.005352586
0.005333628
0.005394096
0.005378055
0.005335138
0.005410971
0.005449773
0.005395607
0.005523627
0.005336440
0.005367117
0.005329565
0.005332013
0.005408992
0.005350138
0.005386336
0.005393003
0.005384617
0.005317274
0.005497221
0.005467638
0.005349097
0.005332846
0.005391700
0.005382273
0.005446387
0.005364773
0.005563418
0.005479773
0.005465137
0.005299513
0.005316544
0.005333107
0.005325919
0.005501023
0.005377847
0.005311284
0.005356024
0.005514720
0.005359929
0.005349149
0.005304253
0.005459982
0.005324513
0.005285347
0.005436283
0.005384461
0.005386284
0.005481388
0.005452950
0.005343784
0.005332066
0.005339149
0.005483523
0.005424408
0.005376492
0.005378887
0.005360034
0.005361284
0.005421544
0.005430867
0.005382794
0.005410346
0.005316597
0.005344722
0.005502481
0.005419669
0.005422638
0.005339200
0.005280711
0.005495346
0.005409149
0.005403784
0.005282169
0.005336023
0.005370398
0.005379305
0.005432117
0.005318679
0.005409200
0.005385659
0.005346284
0.005335295
0.005353263
0.005333159
0.005376752
0.005470763
0.005329878
0.005407429
0.005357117
0.005396700
0.005313836
0.005300711
0.005313107
0.005353993
0.005410033
0.005356336
0.005309305
0.005347742
0.005384878
0.005349981
0.005369253
0.005326388
0.005394617
0.005353836
0.005339200
0.005351076
0.005501491
0.005350033
0.005344253
0.005285711
0.005344982
0.005363315
0.005335868
0.005366492
0.005254826
0.005432117
0.005346649
0.005325242
0.005399148
0.005432637
0.005339617
0.005400659
0.005348159
0.005282013
0.005395920
0.005510398
0.005418315
0.005411648
0.005462013
0.005499773
0.005500293
0.005346648
0.005426804
0.005280607
0.005372013
0.005361856
0.005307795
0.005289357
0.005303575
0.005319565
0.005378263
0.005415086
0.005327222
0.005493522
0.005506023
0.005380971
0.005497846
0.005432898
0.005365659
0.005366857
0.005401857
0.005341596
0.005302742
0.005406909
0.005433159
0.005335920
0.005308628
0.005305034
0.005408158
0.005381909
0.005373055
0.005292950
0.005315034
0.005330502
0.005350971
0.005313576
0.005358420
0.005357638
0.005535502
0.005366857
0.005385971
0.005312169
0.005383836
0.005380711
0.005366544
0.005282170
0.005335295
0.005324565
0.005320503
0.005422273
0.005444825
0.005515242
0.005399565
0.005353472
0.005347950
0.005295138
0.005470815
0.005329565
0.005313107
0.005288159
0.005308107
0.005441283
0.005368263
0.005346493
0.005325815
0.005319305
0.005342638
0.005515137
0.005341701
0.005342221
0.005383054
0.005362378
0.005347638
0.005273107
0.005450086
0.005692324
0.005379357
0.005296284
0.005358732
0.005383628
0.005370346
0.005362378
0.005483992
0.005488054
0.005393992
0.005363159
0.005359461
0.005383627
0.005290607
0.005476075
0.005336284
0.005295607
0.005405450
0.005453679
0.005351284
0.005434929
0.005279357
0.005296076
0.005507898
0.005496805
