0.004347747
0.007252998
0.007252217
0.007279299
0.007111540
0.007175082
0.007204717
0.007225967
0.007253675
0.007382425
0.007241591
0.007256488
0.007165342
0.007281956
0.007307373
0.007281591
0.007340758
0.007253831
0.004387486
0.004429256
0.004363476
0.004470142
0.004384465
0.004501704
0.007316591
0.007316435
0.007392216
0.007257164
0.007336800
0.007315967
0.007334560
0.007309664
0.007381070
0.007217633
0.007193259
0.007188415
0.007308987
0.007299924
0.007252738
0.007181435
0.007257320
0.004423163
0.004504204
0.004454465
0.004459673
0.004466340
0.004379153
0.004418215
0.004377538
0.004372798
0.004480246
0.004498840
0.007194769
0.007238883
0.007321174
0.007154456
0.007384664
0.007221435
0.007183779
0.007254768
0.007348987
0.007216748
0.007323675
0.007342477
0.007328154
0.007339351
0.007339768
0.007219560
0.007275966
0.004395715
0.004462382
0.004379414
0.004383111
0.004466080
0.004479465
0.004443996
0.004374726
0.004628787
0.004348684
0.004357747
0.004429256
0.004442486
0.004477850
0.004390246
0.004442433
0.004435507
0.004451027
0.004396913
0.004351913
0.004437173
0.004445246
0.004474517
0.004442173
0.004366341
0.004487902
0.004379517
0.004388840
0.004347747
0.007353831
0.007499195
0.007303987
0.007177998
0.007259143
0.007244352
0.007424924
0.007327841
0.007309821
0.007295029
0.007293310
0.007205237
0.007292841
0.007405497
0.007265185
0.007195654
0.007120030
0.004357226
0.007237893
0.007279508
0.007437892
0.007361070
0.007248570
0.007209352
0.007228102
0.007210810
0.007233675
0.007308518
0.007147998
0.007203988
0.007216591
0.007396695
0.007340862
0.007243935
0.007343882
0.004364934
0.004429517
0.004356444
0.007437216
0.007328935
0.007288310
0.007151435
0.007236695
0.007281435
0.007293049
0.007236071
0.007093622
0.007378153
0.007209091
0.007242216
0.007267841
0.007142529
0.007252372
0.007306070
0.007229612
0.004395038
0.004471965
0.005690450
0.007297685
0.007207216
0.007332008
0.007215914
0.007180601
0.007225341
0.007197112
0.007332998
0.007241539
0.007167528
0.007390080
0.007372008
0.007306539
0.007210029
0.007294455
0.007274976
0.004381392
0.004469100
0.004403579
0.007356331
0.007337528
0.007278622
0.007174092
0.007293518
0.007278570
0.007369872
0.007209612
0.007234456
0.007208154
0.007325392
0.007143467
0.007282945
0.007281851
0.007415757
0.007239717
0.007293413
0.004379829
0.004489152
0.007158988
0.007387216
0.007255758
0.007167372
0.007325497
0.007117424
0.007246643
0.007107945
0.007304143
0.007214872
0.007243414
0.007193518
0.007256278
0.007347320
0.007247789
0.007181383
0.007320601
0.004420663
0.004354569
0.004431496
0.004418423
0.007343987
0.007408049
0.007229768
0.007324455
0.007292007
0.007266070
0.007198727
0.007110810
0.007221695
0.007155601
0.007255913
0.007294872
0.007390965
0.007276799
0.007213466
0.007229091
0.007351591
0.004481913
0.004413787
0.004345767
0.004412016
0.007246486
0.007235341
0.007290862
0.007287945
0.007345392
0.007275497
0.007328049
0.007268934
0.007407007
0.007297268
0.007252320
0.007238882
0.007558205
0.007272997
0.007232111
0.007214716
0.007293361
0.004404361
0.007314299
0.007226799
0.007264508
0.007296538
0.007258726
0.007317944
0.007241904
0.007223466
0.007237580
0.007254299
0.007219977
0.007209456
0.007365392
0.007243049
0.007271539
0.007311903
0.007462424
0.004352851
0.000535155
0.004518006
0.004482225
0.004397798
0.004401236
0.004368215
0.004475298
0.004395298
0.004373787
0.007298726
0.007211435
0.007206487
0.007153466
0.007332007
0.007092894
0.007293726
0.007309871
0.007217841
0.007266643
0.007349299
0.007271643
0.007206122
0.007123883
0.007200340
0.007292997
0.004436912
0.007388829
0.007293413
0.007137216
0.007203309
0.007373257
0.007172476
0.007321902
0.007233987
0.007277580
0.007246487
0.007464403
0.007257944
0.007261799
0.007108986
0.007319507
0.007131070
0.007364247
0.004356444
0.004468840
0.004463891
0.004489412
0.004386809
0.004515402
0.004457954
0.004336444
0.004437485
0.004434881
0.004343058
0.004388892
0.007348726
0.007294924
0.007303310
0.007163310
0.007362631
0.007144924
0.007256539
0.007247059
0.007376017
0.007223413
0.007252841
0.007222997
0.007231174
0.007207632
0.007279559
0.007211226
0.007308570
0.004420923
0.004423840
0.004468163
0.004411548
0.004413058
0.007340914
0.007218466
0.007250392
0.007296590
0.007328465
0.007234456
0.007337528
0.007184508
0.007282267
0.007108830
0.007137112
0.007296590
0.007140341
0.007230913
0.007313569
0.007335444
0.007245497
0.004434777
0.004366548
0.004442017
0.004368631
0.004363735
0.004473266
0.004474881
0.004462746
0.004523995
0.007278882
0.007241070
0.007236746
0.007190497
0.007124612
0.007218257
0.007314767
0.007311695
0.007237476
0.007208466
0.007132580
0.007134039
0.007201486
0.007187528
0.007162580
0.007205132
0.007363465
0.004373215
0.004472172
0.004317642
0.004405089
0.007138310
0.007298517
0.007248934
0.007365132
0.007335861
0.007246017
0.007138778
0.007176591
0.007194143
0.007386330
0.007236694
0.007220496
0.007218518
0.007111382
0.007228725
0.007250861
0.004310298
0.004426131
0.004443996
0.004403840
0.007297788
0.007275600
0.007170497
0.007130549
0.007280184
0.007278465
0.007465757
0.007226851
0.007325028
0.007348360
0.007243725
0.007322476
0.007144560
0.007254715
0.007234559
0.007397059
0.007275862
0.004387069
0.007316278
0.007311434
0.007252112
0.007323778
0.007367944
0.007344975
0.007324819
0.007269976
0.007251226
0.007104143
0.007235861
0.007204455
0.007225809
0.007142215
0.007189924
0.007294090
0.007206382
0.004426235
0.004436651
0.004362850
0.007284090
0.007212893
0.007347788
0.007199819
0.007328881
0.007249820
0.007398621
0.007169663
0.007266070
0.007148466
0.007296330
0.007328517
0.007217788
0.007189247
0.007233986
0.007203934
0.007222371
0.004485610
0.004465714
0.004353423
0.004464985
0.007210965
0.007275965
0.007214924
0.007247892
0.007251434
0.007249299
0.007232632
0.007280497
0.007476590
0.007239246
0.007324714
0.007335392
0.007200444
0.007300183
0.007351642
0.007167840
0.007304454
0.004395558
0.004463995
0.004376912
0.004468839
0.004493527
0.004463735
0.004387590
0.004488996
0.004408943
0.004405870
0.007308725
0.007208153
0.007350600
0.007233309
0.007229767
0.007366434
0.007269975
0.007213205
0.007164143
0.007225288
0.007230184
0.007214663
0.007216433
0.007210132
0.007104715
0.007320496
0.004478578
0.004484308
0.004393735
0.004484151
0.004347642
0.007240392
0.007321954
0.007157528
0.007286226
0.007310861
0.007226017
0.007218204
0.007175705
0.007341642
0.007358829
0.007312058
0.007314350
0.007226486
0.007328152
0.007443517
0.007347475
0.007202788
0.004361131
0.004416078
0.004390610
0.004426131
0.004417068
0.004454672
0.004350246
0.004464777
0.004477381
0.004395402
0.004488475
0.000481717
0.004384360
0.007133882
0.007200809
0.007280184
0.007423256
0.007223101
0.007228777
0.007323569
0.007328413
0.007258882
0.007422683
0.007256694
0.007177111
0.007394767
0.007293361
0.007223100
0.007299454
0.007313621
0.004678890
0.007395027
0.007251069
0.007262892
0.007284402
0.007245704
0.007198257
0.007270704
0.007136278
0.007377215
0.007305183
0.007381381
0.007214246
0.007272006
0.007218986
0.007394246
0.007223777
0.004438006
0.004456391
0.004333943
0.004416756
0.004452537
0.004403839
0.004432901
0.004459256
0.004414725
0.004407017
0.004381391
0.007139298
0.007141278
0.007364975
0.007180183
0.007324610
0.007132580
0.007259037
0.007195444
0.007257214
0.007307996
0.007342006
0.007296485
0.007192997
0.007208256
0.007175757
0.007201330
0.007188100
0.004357069
0.007176695
0.007191798
0.007203777
0.007327787
0.007154559
0.007372162
0.007220444
0.007210496
0.007278100
0.007310809
0.007281382
0.007214975
0.007327683
0.007225288
0.007209871
0.007176069
0.007169715
0.004486599
0.004478839
0.004504151
0.004402068
0.007203360
0.007242735
0.007321016
0.007219246
0.007289923
0.007252579
0.007211589
0.007231902
0.007169507
0.007315079
0.007371954
0.007354923
0.007173830
0.007220236
0.007261486
0.007332266
0.004358735
0.004345558
0.004446495
0.004354047
0.004459828
0.004418266
0.004396495
0.004388110
0.004370349
0.007361849
0.007464558
0.007239818
0.007239923
0.007319037
0.007309610
0.007316642
0.007316068
0.007271798
0.007205340
0.007316120
0.007302163
0.007344558
0.007311902
0.007125549
0.007191381
0.007235131
0.004401859
0.004473890
0.004372746
0.004420714
0.004493266
0.004359673
0.004458474
0.004380454
0.007321485
0.007373256
0.007327787
0.007298047
0.007225757
0.007153517
0.007125549
0.007272058
0.007173986
0.007341589
0.007352839
0.007195548
0.007327267
0.007297840
0.007233152
0.007244194
0.007102110
0.007278777
0.007312214
0.007165079
0.007423881
0.007161486
0.007180340
0.007151955
0.007262683
0.007125808
0.007329610
0.007153100
0.007284974
0.007207736
0.007109090
0.007233309
0.007292006
0.007323829
0.007232527
0.004378370
0.005304773
0.007456849
0.007256486
0.007266121
0.007337162
0.007242527
0.007240600
0.007209923
0.007093413
0.007272474
0.007340912
0.007182267
0.007336069
0.007349610
0.007151434
0.007319662
0.007281849
0.007202266
0.004471338
0.004465714
0.004385818
0.004476078
0.007332266
0.007304454
0.007280652
0.007183517
0.007277162
0.007235235
0.007232735
0.007196485
0.007293620
0.007190444
0.007254819
0.007168933
0.007297319
0.006091594
0.007288516
0.007149246
0.004447328
0.004454620
0.004360141
0.004517276
0.004387641
0.004408683
0.004474255
0.004445036
0.004432380
0.004365558
0.004430558
0.004457589
0.004471495
0.004431287
0.004376078
0.004455714
0.004381443
0.004392277
0.004434724
0.004328787
0.007376016
0.007122423
0.007136642
0.007301485
0.007358151
0.007250756
0.007299870
0.007408881
0.007296798
0.007305703
0.007221485
0.007206382
0.007307683
0.007254662
0.007323985
0.007416589
0.007322787
0.004339673
0.007403411
0.007210964
0.007229506
0.007427630
0.007297162
0.007284297
0.007401849
0.007233360
0.007479609
0.007291537
0.007306797
0.007177995
0.007312735
0.007235079
0.007262371
0.007242006
0.007261954
0.004417641
0.007209558
0.007254818
0.007249558
0.007277526
0.007273829
0.007242631
0.007265391
0.007374766
0.007257110
0.007255235
0.007267839
0.007281120
0.007243516
0.007285079
0.007372526
0.007282631
0.007199402
0.004349516
0.004433839
0.004468057
0.004390662
0.007365079
0.007097580
0.007401276
0.007369193
0.007308464
0.007270756
0.007288099
0.007242891
0.007122735
0.007212475
0.007152892
0.007179038
0.007265391
0.007285391
0.007215652
0.007228985
0.007165236
0.004363318
0.004504047
0.004357173
0.007216954
0.007291120
0.007195652
0.007316277
0.007237631
0.007280287
0.007225026
0.007301068
0.007246433
0.007370339
0.007236173
0.007275235
0.007249297
0.007250131
0.007200704
0.007278828
0.007323828
0.004469724
0.004381286
0.004458214
0.004390818
0.004429255
0.004359984
0.004377432
0.004473266
0.004354100
0.004407172
0.004419985
0.004480245
0.004342485
0.004421547
0.004456911
0.004476807
0.004432745
0.004380974
0.004499099
0.007270599
0.007268933
0.007432630
0.007228933
0.007120808
0.007186485
0.007279141
0.007436328
0.007326798
0.007146589
0.007387839
0.007253932
0.007372786
0.007237474
0.007333933
0.007380495
0.007347370
0.004351651
0.004454255
0.004392588
0.004399932
0.004471338
0.004473265
0.004500870
0.004406286
0.004499203
0.007303099
0.007195652
0.007328515
0.007259245
0.007305651
0.007275183
0.007335755
0.007253516
0.007321953
0.007194402
0.007394037
0.007322213
0.007156850
0.007227110
0.007340235
0.007299140
0.007366015
0.004400922
0.004553213
0.004435818
0.007256537
0.007295964
0.007275443
0.007232995
0.007383828
0.007329609
0.007229974
0.007293256
0.007248620
0.007206277
0.007201225
0.007289714
0.007266172
0.007417474
0.007348568
0.007263569
0.007290599
0.004490400
0.004433109
0.004376964
0.004487276
0.004451026
0.004436339
0.007352787
0.007137787
0.007314662
0.007267735
0.007164297
0.007360755
0.007311172
0.007268151
0.007348567
0.007193829
0.007326745
0.007326537
0.007272943
0.007370495
0.007306901
0.007144089
0.007377630
0.004514776
0.004376131
0.004437796
0.007309922
0.007224922
0.007271328
0.007432057
0.007338359
0.007157579
0.007362369
0.007251068
0.007211225
0.007311797
0.007205339
0.007307526
0.007235703
0.007390598
0.007224349
0.007277475
0.007316849
