0.005885708
0.005850969
0.005855083
0.005988728
0.006113780
0.005919666
0.005960760
0.005927791
0.005865708
0.005961905
0.005971853
0.005915343
0.006045655
0.005962687
0.005904770
0.006087322
0.006081696
0.006021280
0.005973624
0.005866802
0.005947009
0.005887323
0.005935291
0.005972635
0.005827635
0.005858156
0.005841333
0.005892687
0.005897895
0.006030395
0.005827895
0.005851542
0.005804198
0.005886281
0.005949927
0.005916228
0.005884146
0.005975135
0.005956124
0.005882218
0.005966853
0.005915187
0.005902635
0.005970760
0.005954145
0.005925603
0.006066436
0.006094926
0.005896125
0.005878885
0.005950551
0.006053364
0.005996593
0.005887478
0.006023363
0.006005708
0.005915656
0.005820604
0.006088624
0.005851281
0.005933104
0.005834979
0.006033260
0.005928937
0.005880551
0.005833833
0.005900030
0.005831385
0.005873833
0.005924874
0.005893676
0.005836802
0.005921905
0.005873520
0.005852531
0.005958833
0.005955604
0.005874042
0.005837271
0.005844094
0.005870395
0.006107947
0.006068207
0.005881646
0.005893365
0.005865760
0.005840708
0.005826073
0.005867323
0.006018363
0.005861385
0.005920395
0.005851697
0.005865031
0.005873312
0.005880187
0.005846646
0.005865708
0.005902530
0.005857896
0.006047322
0.006029718
0.005942322
0.005911281
0.005964561
0.005902166
0.005996176
0.005986072
0.006139561
0.006026644
0.005980812
0.006006072
0.005900604
0.005876697
0.005992791
0.005957843
0.005928885
0.005931177
0.005834719
0.005926228
0.005886281
0.005816229
0.005860656
0.005917114
0.005830292
0.005829250
0.005912062
0.005873885
0.006044509
0.005957166
0.005904562
0.005847114
0.005848677
0.005913677
0.005952948
0.005889875
0.005847792
0.005810187
0.005897635
0.006010082
0.005968729
0.005914614
0.005975134
0.006040395
0.005868521
0.005857739
0.006021436
0.005908208
0.005881020
0.006012947
0.005838000
0.005990707
0.006068988
0.006045290
0.005886072
0.005873572
0.005878573
0.005913416
0.005823521
0.005995187
0.005971073
0.005880292
0.005897427
0.005840135
0.006086645
0.005986749
0.005853051
0.005974145
0.005889562
0.005836489
0.005872688
0.006024457
0.005926281
0.005807740
0.006026436
0.005919875
0.006002271
0.005968833
0.005822374
0.005863885
0.005822532
0.005852791
0.005919354
0.005880239
0.005984978
0.005953677
0.005962843
0.005931125
0.005907479
0.005891333
0.005989978
0.005912010
0.005880239
0.005843208
0.005883364
0.005833886
0.005911489
0.006002531
0.005944198
0.006057947
0.005874822
0.006067738
0.006005655
0.005914875
0.005852011
0.005842896
0.005882375
0.006132895
0.005853990
0.005877739
0.005903468
0.005817271
0.005820031
0.005840969
0.005859823
0.005890396
0.005952218
0.005926125
0.005816333
0.005871906
0.005972635
0.005952635
0.005989770
0.005889197
0.005913729
0.005840917
0.005883990
0.006028572
0.005871281
0.006011801
0.006002582
0.005916176
0.005865083
0.005857218
0.005955135
0.005809875
0.005885969
0.005844094
0.005930760
0.005861750
0.006080082
0.006093676
0.005841749
0.006020499
0.005879406
0.005909458
0.005875760
0.005889666
0.005910604
0.005866073
0.005847167
0.005837895
0.005923312
0.005864874
0.005977791
0.005980291
0.005930083
0.005796021
0.005811646
0.005889354
0.005920239
0.005985083
0.005869354
0.005903573
0.005911906
0.005874250
0.005892167
0.005890344
0.006047635
0.005857218
0.005902739
0.005875708
0.005845760
0.005883000
0.006030968
0.005830500
0.005826646
0.005839719
0.005879406
0.005963937
0.005853260
0.005959823
0.006006073
0.005897219
0.006065395
0.005864874
0.005880812
0.005882947
0.005861697
0.005865135
0.005873156
0.005905761
0.006013208
0.005960031
0.005901073
0.005944823
0.005826177
0.005845708
0.005897687
0.005978780
0.005878208
0.005878729
0.005869198
0.005860031
0.005939405
0.005887531
0.005947427
0.005983989
0.005874458
0.005838469
0.005896802
0.005874041
0.005966750
0.005839302
0.005832843
0.005869458
0.005868417
0.005906958
0.005908156
0.005958312
0.005950916
0.005883104
0.005893156
0.005847011
0.005838989
0.006094666
0.005932062
0.005845552
0.005823833
0.005937166
0.005997791
0.005855865
0.005824458
0.005887688
0.005927114
0.005972583
0.005921281
0.005966437
0.005944614
0.005932843
0.006012635
0.005873625
0.005929875
0.005932844
0.005889823
0.005825032
0.005856437
0.005857739
0.005826125
0.005871646
0.005912740
0.005803677
0.005874354
0.005875188
0.005887322
0.005804719
0.005853365
0.005903364
0.005947999
0.005905447
0.005959145
0.005930448
0.005852427
0.005989093
0.005903781
0.005897583
0.005954562
0.005942843
0.005887739
0.005865969
0.006013781
0.005891802
0.005886072
0.005884354
0.005927530
0.006078520
0.005858886
0.005861645
0.005902271
0.005842166
0.005993676
0.006051333
0.006025707
0.006035186
0.005855656
0.005928417
0.005876750
0.005885708
0.005849146
0.006027426
0.006129769
0.005992792
0.005965448
0.006006385
0.005849459
0.005909093
0.005977218
0.005856646
0.005926020
0.005894093
0.005860864
0.006054718
0.005847740
0.006011750
0.006003364
0.005867687
0.005889302
0.005912219
0.006039562
0.006077166
0.005840239
0.005842636
0.005822896
0.005884042
0.005878781
0.005819459
0.005864615
0.005879666
0.005961385
0.005864510
0.005897531
0.005981802
0.005896906
0.006019978
0.005927271
0.005846073
0.005954822
0.005902219
0.005934302
0.006014041
0.005842219
0.005846125
0.006053729
0.005996593
0.005911490
0.005931489
0.006058208
0.005848260
0.005913677
0.005856958
0.005928937
0.005934718
0.006086437
0.005848261
0.005935031
0.005815343
0.005819823
0.005861802
0.005900083
0.005832635
0.005892583
0.006079770
0.005839302
0.005962739
0.006010239
0.005910760
0.005953312
0.005960343
0.005873469
0.005848000
0.006117426
0.005956125
0.005907063
0.005853573
0.006053572
0.005920344
0.005903157
0.005882427
0.005890500
0.005909875
0.005842844
0.005867114
0.005948416
0.006034405
0.005904146
0.005878677
0.005912167
0.006047843
0.005999615
0.005869667
0.005823990
0.005891542
0.005858834
0.005896541
0.005809927
0.005907166
0.006094457
0.005859354
0.005909249
0.005823469
0.005902583
0.005981281
0.005967791
0.005842427
0.005836333
0.006046385
0.005879771
0.005894302
0.005939718
0.006031177
0.006044353
0.006064718
0.006057530
0.005885917
0.005914874
0.005946594
0.005869198
0.005965604
0.005895552
0.005853104
0.005844823
0.005884667
0.005992531
0.005917062
0.006049979
0.006034093
0.005960500
0.006008781
0.005900031
0.005851698
0.005885136
0.005842219
0.005876229
0.005963417
0.005898052
0.005895864
0.005833729
0.005845865
0.005868052
0.005843156
0.005859980
0.005874875
0.005886281
0.005836958
0.005966072
0.006027739
0.005788781
0.005864771
0.005964301
0.005897479
0.005804719
0.005868625
0.005850656
0.005833938
0.005837323
0.005863052
0.005907636
0.005849198
0.005887688
0.005878469
0.005898208
0.005966125
0.005998052
0.005914146
0.006014458
0.005842739
0.005955083
0.005833521
0.005818260
0.005913104
0.005887792
0.005875604
0.005855969
0.006023676
0.005794354
0.005962375
0.006032531
0.005918886
0.005863573
0.005931646
0.005962635
0.005859406
0.005880344
0.005951073
0.005931177
0.005883104
0.006049666
0.006017635
0.005995187
0.005867531
0.005880292
0.005897323
0.005891854
0.005879927
0.005910448
0.005892115
0.005884771
0.005844354
0.005907479
0.005818677
0.005834042
0.005857375
0.005857636
0.005978677
0.005904563
0.005891542
0.005950343
0.005861178
0.005859145
0.006034405
0.006119041
0.006138676
0.005928052
0.005877583
0.005989353
0.005889562
0.006002322
0.006027270
0.005992166
0.005928260
0.005996072
0.005836750
0.005842584
0.005883156
0.005997010
0.005926333
0.005894667
0.005894980
0.006048520
0.005855135
0.005885344
0.005930864
0.005975864
0.005894198
0.005854302
0.005932427
0.005914927
0.005901854
0.005857271
0.006062114
0.005879666
0.005839407
0.005882114
0.006074145
0.005857688
0.005865083
0.005887427
0.005892739
0.005841750
0.005886855
0.005951020
0.005897062
0.005999146
0.005975083
0.005897063
0.005864302
0.005818885
0.005840917
0.005846333
0.005890969
0.005875604
0.005885292
0.005966489
0.005912896
0.005834302
0.005862427
0.005863729
0.005999823
0.005888052
0.005842635
0.005884042
0.005910865
0.006088468
0.006066645
0.006166280
0.005871125
0.005989927
0.005838208
0.006044146
0.005987271
0.006038624
0.005961333
0.005892010
0.005893260
0.005842688
0.005862323
0.005875448
0.005869146
0.006013156
0.005870709
0.006037167
0.005839823
0.005854146
0.005920500
0.005822010
0.005975291
0.005879406
0.005842167
0.005798000
0.005839042
0.005878886
0.005831750
0.005863469
0.005904198
0.005798052
0.005884563
0.005831541
0.005981645
0.005857531
0.005876386
0.005884302
0.005794875
0.005850708
0.005846021
0.005943573
0.005910604
0.005847167
0.005855864
0.005852844
0.005862427
0.005889719
0.005975291
0.005950969
0.005857219
0.005902062
0.005908052
0.005886073
0.005870292
0.005831699
0.006000396
0.005862896
0.005907896
0.005847740
0.006037687
0.006006489
0.005992375
0.005867792
0.005954406
0.005920760
0.005880239
0.005876386
0.005855500
0.006028729
0.005868990
0.005824199
0.005912010
0.005871959
0.005977426
0.006049510
0.005883104
0.005835709
0.005920864
0.005883937
0.005864407
0.005992792
0.005970396
0.005982739
0.006024198
0.005916698
0.005896021
0.005938834
0.006047843
0.006089041
0.006031645
0.005882115
0.005846386
0.005872271
0.005847740
0.005844094
0.006022583
0.006010760
0.005944927
0.006016645
0.005903365
0.005989979
0.005928000
0.005817584
0.005832844
0.005843729
0.005818417
0.005898312
0.005837688
0.005839875
0.005903990
0.005852636
0.005861751
0.005840240
0.005912010
0.005838521
0.005815657
0.005958938
0.005998469
0.006018260
0.006008417
0.005903729
0.006055187
0.005994458
0.005832583
0.005842428
0.005977479
0.006043364
0.005921438
0.006020968
0.006070551
0.006073468
0.005987895
0.006033104
0.005869406
0.005888260
0.005835709
0.005859303
0.005906958
0.005859927
0.005861594
0.005824459
0.005882896
0.005842427
0.005970031
0.005868990
0.005825449
0.005946697
0.005945760
0.005899354
0.005979354
0.005970396
0.005914667
0.005865552
0.005985240
0.006073780
0.005904458
0.005884771
0.005808313
0.005876125
0.005971281
0.005853157
0.005865032
0.005881229
0.006005864
0.006039615
0.005973365
0.006003416
0.006079302
0.005902010
0.005977739
0.005829146
0.005806490
0.005931854
0.005961594
0.006025812
0.006052114
0.005880083
0.005872114
0.005874146
0.005922688
0.005850657
0.005977635
0.005943782
0.005857844
0.005877636
0.005868782
0.006031177
0.005825448
0.005827323
0.006055760
0.005883417
0.005996958
0.006014927
0.005868157
0.005871906
0.005957792
0.005896542
0.005861490
0.005795917
0.005832897
0.005882948
0.005929979
0.005976334
0.005859563
0.005889927
0.005847740
0.005862792
0.005841282
0.005871438
0.005870605
0.006012219
0.005883469
0.006003521
0.005935917
0.006029979
0.005913938
0.005825135
0.005893833
0.005940656
0.005812063
0.005848521
0.005956229
0.005808938
0.005883833
0.005864459
0.005914927
0.005854771
0.005877219
0.005871594
0.005847479
0.005965969
0.005855449
0.005899666
0.005904875
0.006001072
0.006015239
0.005916541
0.005855500
0.005932271
0.005931334
0.005822271
0.005849614
0.006023365
0.005958260
0.005869563
0.005883052
0.005901021
0.005902480
0.005870708
0.005997063
0.005871647
0.005914667
0.005907948
0.005895865
0.005831698
0.005865760
0.005858365
0.005861542
0.005849302
0.005814615
0.005861646
0.005893313
0.005860136
0.005942218
0.005818677
0.005842219
0.005853313
0.005868365
0.005885136
0.006067687
0.006014615
0.005901490
0.005892167
0.005846230
0.005908208
0.005830553
0.005996698
0.005947687
0.005860604
0.005945917
0.005920083
0.005930396
0.005934041
0.006001282
0.005969510
0.005875500
0.006062270
0.005987062
0.005895656
0.005925188
0.005856073
0.005974198
0.005882584
0.006085083
0.005975291
0.005906802
0.005859146
0.005952375
0.006002114
0.005829146
0.005840605
0.005850605
0.005908365
0.005841229
0.005831021
0.005917583
0.005973157
0.005874824
0.005860448
0.005933313
0.005848782
0.005842740
0.005886438
0.005909615
0.005997270
0.005990552
0.005902167
0.005904979
0.005826751
0.005878730
0.005869042
0.005911281
0.005853938
0.005857011
0.006030187
0.005960448
0.005984146
0.006038208
0.006039041
0.005886906
0.005908729
0.005923573
0.005824667
0.005843521
0.006038417
0.006009198
