0.006263100
0.006210496
0.006348151
0.006355338
0.006285234
0.006214037
0.006259088
0.006200807
0.006181380
0.006183048
0.006342318
0.006222995
0.006222266
0.006348047
0.006303881
0.006255964
0.006314870
0.006274766
0.006240339
0.006231641
0.006202162
0.006330547
0.006222006
0.006265912
0.006287474
0.006259454
0.006189350
0.006196798
0.006219818
0.006340807
0.006481536
0.006315859
0.006294870
0.006178152
0.006211277
0.006323620
0.006261954
0.006361068
0.006200912
0.006460807
0.006246797
0.006241328
0.006231068
0.006276745
0.006201849
0.006307370
0.006341901
0.006237891
0.006240964
0.006263256
0.006255807
0.006216329
0.006201173
0.006180912
0.006378099
0.006219402
0.006249454
0.006217683
0.006330807
0.006215131
0.006451015
0.006285027
0.006278411
0.006274766
0.006177319
0.006255078
0.006345755
0.006362578
0.006276120
0.006224662
0.006328359
0.006177318
0.006289349
0.006226537
0.006292162
0.006218255
0.006202995
0.006233672
0.006274141
0.006201225
0.006345807
0.006273985
0.006265235
0.006309036
0.006269298
0.006205235
0.006164558
0.006219766
0.006222475
0.006227057
0.006411848
0.006215755
0.006286380
0.006248777
0.006363620
0.006297422
0.006348099
0.006229714
0.006361068
0.006225391
0.006199871
0.006191901
0.006207110
0.006353933
0.006191120
0.006269402
0.006185027
0.006193100
0.006448307
0.006344245
0.006367786
0.006269714
0.006376224
0.006292370
0.006254454
0.006285026
0.006237370
0.006232318
0.006182423
0.006270027
0.006258359
0.006364713
0.006294350
0.006231224
0.006219141
0.006313776
0.006254245
0.006324297
0.006170183
0.006270651
0.006238151
0.006241068
0.006207370
0.006255026
0.006303204
0.006224766
0.006306276
0.006247526
0.006425130
0.006343829
0.006255599
0.006514192
0.006296120
0.006373984
0.006327006
0.006359244
0.006253724
0.006279349
0.006397943
0.006377109
0.006386641
0.006231120
0.006225339
0.006237683
0.006205808
0.006182579
0.006192839
0.006276589
0.006208829
0.006268308
0.006291953
0.006211849
0.006297995
0.006266954
0.006391015
0.006417890
0.006240235
0.006208673
0.006248777
0.006162631
0.006221537
0.006252006
0.006416536
0.006198725
0.006236485
0.006349974
0.006243881
0.006231433
0.006256433
0.006307734
0.006266433
0.006236953
0.006266954
0.006360755
0.006431640
0.006257371
0.006314349
0.006444245
0.006228203
0.006169506
0.006204506
0.006275964
0.006235183
0.006357890
0.006275390
0.006303567
0.006327265
0.006486796
0.006367422
0.006254297
0.006228204
0.006354609
0.006477265
0.006246641
0.006234037
0.006414921
0.006399089
0.006362162
0.006258829
0.006239453
0.006450755
0.006378464
0.006338724
0.006340130
0.006439557
0.006300443
0.006222058
0.006318516
0.006213881
0.006313828
0.006372057
0.006245704
0.006240495
0.006226224
0.006434036
0.006227579
0.006285807
0.006380286
0.006236276
0.006291224
0.006222839
0.006295859
0.006236016
0.006213933
0.006228047
0.006222110
0.006468306
0.006395599
0.006235391
0.006267787
0.006340391
0.006272787
0.006383307
0.006380599
0.006388932
0.006228099
0.006354297
0.006264245
0.006408723
0.006222943
0.006388359
0.006328724
0.006320755
0.006285130
0.006225964
0.006240130
0.006440650
0.006354141
0.006246017
0.006259818
0.006346120
0.006216537
0.006370026
0.006206068
0.006304922
0.006450286
0.006262891
0.006295130
0.006279818
0.006175443
0.006194558
0.006403360
0.006278985
0.006433046
0.006285495
0.006309089
0.006332370
0.006373359
0.006267266
0.006361745
0.006323255
0.006221537
0.006360182
0.006422161
0.006290808
0.006231641
0.006323047
0.006303099
0.006198985
0.006418776
0.006292631
0.006220651
0.006233308
0.006311016
0.006223829
0.006363776
0.006287005
0.006470286
0.006250287
0.006418046
0.006425650
0.006214245
0.006242318
0.006378359
0.006203568
0.006301641
0.006350286
0.006251485
0.006353151
0.006197943
0.006212422
0.006222631
0.006462682
0.006307110
0.006303776
0.006279870
0.006248620
0.006398255
0.006259870
0.006306068
0.006335287
0.006244922
0.006425234
0.006451432
0.006258047
0.006290391
0.006334766
0.006270391
0.006225391
0.006331016
0.006202371
0.006346901
0.006455963
0.006181902
0.006238047
0.006410286
0.006435078
0.006237787
0.006412421
0.006306172
0.006251277
0.006335234
0.006343204
0.006251641
0.006231902
0.006209454
0.006261694
0.006285808
0.006246797
0.006281797
0.006218360
0.006199610
0.006229505
0.006286537
0.006247892
0.006337526
0.006248464
0.006301120
0.006300443
0.006211641
0.006264714
0.006338255
0.006377682
0.006237005
0.006243100
0.006314661
0.006261589
0.006241172
0.006312006
0.006243672
0.006216173
0.006329609
0.006269349
0.006330547
0.006373881
0.006221954
0.006353985
0.006419817
0.006212735
0.006234766
0.006278100
0.006388620
0.006216485
0.006324037
0.006311588
0.006414765
0.006328984
0.006247422
0.006353620
0.006333099
0.006249818
0.006266068
0.006354714
0.006421432
0.006391432
0.006410130
0.006326016
0.006259141
0.006318724
0.006288777
0.006368515
0.006277266
0.006259454
0.006319401
0.006351640
0.006340599
0.006453567
0.006229610
0.006359089
0.006267631
0.006356692
0.006229454
0.006360235
0.006347994
0.006428098
0.006333255
0.006347630
0.006298151
0.006265599
0.006254141
0.006417369
0.006354609
0.006290495
0.006217266
0.006309245
0.006190027
0.006337213
0.006358099
0.006227527
0.006269141
0.006212735
0.006181225
0.006367838
0.006352682
0.006338464
0.006315234
0.006280808
0.006417630
0.006199923
0.006336901
0.006423203
0.006320547
0.006316849
0.006241016
0.006318932
0.006230182
0.006218152
0.006228724
0.006274245
0.006201589
0.006384765
0.006290183
0.006247058
0.006207475
0.006249141
0.006340234
0.006367786
0.006374818
0.006422005
0.006258881
0.006250704
0.006245808
0.006268256
0.006468879
0.006215912
0.006199089
0.006291745
0.006272109
0.006382161
0.006336016
0.006344714
0.006358724
0.006244245
0.006285807
0.006235391
0.006227631
0.006288933
0.006243776
0.006321849
0.006241120
0.006220079
0.006290339
0.006225547
0.006210495
0.006316588
0.006390599
0.006377942
0.006309974
0.006238933
0.006181641
0.006353151
0.006269193
0.006213203
0.006308308
0.006335964
0.006224610
0.006222683
0.006216017
0.006176433
0.006279402
0.006219454
0.006190027
0.006429869
0.006228569
0.006262630
0.006339141
0.006203204
0.006479348
0.006488723
0.006243308
0.006267526
0.006228881
0.006200964
0.006345859
0.006350860
0.006218933
0.006275547
0.006251849
0.006221537
0.006398984
0.006488254
0.006352422
0.006259453
0.006223829
0.006225547
0.006384349
0.006364401
0.006378203
0.006199610
0.006298152
0.006418203
0.006225600
0.006346120
0.006333203
0.006370235
0.006255599
0.006246433
0.006256953
0.006354610
0.006230027
0.006326328
0.006401745
0.006282370
0.006363255
0.006225652
0.006210652
0.006222110
0.006289402
0.006251068
0.006257735
0.006357162
0.006209818
0.006252214
0.006346693
0.006299245
0.006453723
0.006480026
0.006290495
0.006184506
0.006247891
0.006247162
0.006293411
0.006365287
0.006258672
0.006230548
0.006495963
0.006359557
0.006262630
0.006321693
0.006284245
0.006370599
0.006383724
0.006232423
0.006370599
0.006248360
0.006348412
0.006273880
0.006391432
0.006242943
0.006250287
0.006232735
0.006315391
0.006309349
0.006271588
0.006208672
0.006262630
0.006198881
0.006275912
0.006281589
0.006223673
0.006369765
0.006263777
0.006241693
0.006281224
0.006274350
0.006274401
0.006318255
0.006500911
0.006207579
0.006231953
0.002677020
0.006458151
0.006261797
0.006331954
0.006302266
0.006190912
0.006408359
0.006261433
0.006209610
0.006251173
0.006360808
0.006283308
0.006205496
0.006265599
0.006429870
0.006463880
0.006417683
0.006289141
0.006189350
0.006212683
0.006290287
0.006253308
0.006541744
0.006307683
0.006278829
0.006391224
0.006221797
0.006301068
0.006338203
0.006448619
0.006263828
0.006414557
0.006214766
0.006306589
0.006210495
0.006472161
0.006490598
0.006227006
0.006253360
0.006239401
0.006240391
0.006387578
0.006389348
0.006252266
0.006231797
0.006466119
0.006198568
0.006211954
0.006269297
0.006207006
0.006273047
0.006352786
0.006228984
0.006282161
0.006433567
0.006276640
0.006232266
0.006294714
0.006324453
0.006238881
0.006187162
0.006230026
0.006285859
0.006295234
0.006244298
0.006461484
0.006236120
0.006209298
0.006246432
0.006315755
0.006286589
0.006217891
0.006423516
0.006329089
0.006380963
0.006273985
0.006368151
0.006260339
0.006248464
0.006331016
0.006226694
0.006246849
0.006247787
0.006504713
0.006263412
0.006378776
0.006335651
0.006379922
0.006409765
0.006387890
0.006314766
0.006356172
0.006416432
0.006283516
0.006425911
0.006193412
0.006291849
0.006352474
0.006257318
0.006308411
0.006319193
0.006185860
0.006246745
0.006357370
0.006482994
0.006275964
0.006229506
0.006403255
0.006444400
0.006230495
0.006202995
0.006292005
0.006212318
0.006256849
0.006479922
0.006325652
0.006190808
0.006262474
0.006232996
0.006217891
0.006347265
0.006227839
0.006391276
0.006246224
0.006294505
0.006328516
0.006336016
0.006375443
0.006440547
0.006253464
0.006265912
0.006395650
0.006219193
0.006412266
0.006355599
0.006275078
0.006282943
0.006345183
0.006411380
0.006342161
0.006305131
0.006266589
0.006303568
0.006226850
0.006258151
0.006244714
0.006424609
0.006248308
0.006263308
0.006264193
0.006215443
0.006292161
0.006222267
0.006241485
0.006338933
0.006249037
0.006379765
0.006366067
0.006322266
0.006388984
0.006334349
0.006229766
0.006257162
0.006244193
0.006268048
0.006242423
0.006265495
0.006257891
0.006458255
0.006363099
0.006313412
0.006330026
0.006363932
0.006207787
0.006259349
0.006261068
0.006312890
0.006397838
0.006190600
0.006273151
0.006470078
0.006183985
0.006380756
0.006293255
0.006251745
0.006410651
0.006251485
0.006417734
0.006336589
0.006262266
0.006445703
0.006402630
0.006241224
0.006262162
0.006263985
0.006260130
0.006437838
0.006408463
0.006228985
0.006268360
0.006248464
0.006378151
0.006393516
0.006254036
0.006257162
0.006356224
0.006239870
0.006331016
0.006404297
0.006239298
0.006304818
0.006291797
0.006275131
0.006339088
0.006296954
0.006271902
0.006291849
0.006429818
0.006234714
0.006251225
0.006385859
0.006341120
0.006259401
0.006272735
0.006291484
0.006232371
0.006404297
0.006445599
0.006202630
0.006307526
0.006262422
0.006386901
0.006351432
0.006248776
0.006249558
0.006293047
0.006235131
0.006239037
0.006474088
0.006407630
0.006283307
0.006256797
0.006221694
0.006341276
0.006404193
0.006248048
0.006437890
0.006257995
0.006242683
0.006214975
0.006317057
0.006323985
0.006321953
0.006419661
0.006286381
0.006406692
0.006253620
0.006256693
0.006373932
0.006395287
0.006321693
0.006242058
0.006456796
0.006223099
0.006508203
0.006242891
0.006214662
0.006295859
0.006214141
0.006420912
0.006421016
0.006379505
0.006232735
0.006262683
0.006238048
0.006359557
0.006385546
0.006213256
0.006434713
0.006390339
0.006400234
0.006355859
0.006344714
0.006166381
0.006259193
0.006256120
0.006239922
0.006229297
0.006210912
0.006446015
0.006287422
0.006170547
0.006216797
0.006231016
0.006528411
0.006311797
0.006526797
0.006436953
0.006346380
0.006405599
0.006246745
0.006279818
0.006554140
0.006363047
0.006341172
0.006339037
0.006213412
0.006243360
0.006310964
0.006196120
0.006302422
0.006480807
0.006301172
0.006250548
0.006244245
0.006358568
0.006281068
0.006538879
0.006262787
0.006391744
0.006260547
0.006220495
0.006214038
0.006433463
0.006267891
0.006368567
0.006313256
0.006222735
0.006239870
0.006331276
0.006409974
0.006295130
0.006267631
0.006272891
0.006478047
0.006397630
0.006411119
0.006268880
0.006311015
0.006314193
0.006257475
0.006361849
0.006402787
0.006382890
0.006341849
0.006282682
0.006197058
0.006346224
0.006203777
0.006204871
0.006234401
0.006341172
0.006215443
0.006201381
0.006278360
0.006255079
0.006326016
0.006395598
0.006241746
0.006306433
0.006410130
0.006193620
0.006198569
0.006313881
0.006259401
0.006354505
0.006245391
0.006354557
0.006322110
0.006269923
0.006423723
0.006251954
0.006333515
0.006237371
0.006260912
0.006237943
0.006418568
0.006222943
0.006218881
0.006335339
0.006184871
0.006347682
0.006229350
0.006305964
0.006229246
0.006367786
0.006382265
0.006274974
0.006249141
0.006254922
0.006466796
0.006377943
0.006235443
0.006440025
0.006339349
0.006382422
0.006242371
0.006261850
0.006444453
0.006308620
0.016668554
0.006321548
0.006328839
0.006430871
0.006420194
0.006385871
0.006396652
0.006413474
0.006365141
0.006400714
0.006451652
0.006422693
0.006454099
0.006450401
0.006470141
0.006582016
0.006539360
0.006494464
0.006438943
0.006585506
0.006469725
0.006387485
0.006552172
0.006552485
0.006436340
0.006617068
0.006648422
0.006429204
0.006455351
0.006463996
0.006413840
0.006587537
0.006601027
0.006470402
0.006500402
0.006437277
0.006455194
0.006442486
0.006412017
0.006518267
0.006399829
0.006415038
0.006484934
0.006467069
0.006526079
0.006386705
0.006397226
0.006405507
0.006415507
0.006376132
0.006459309
0.006520090
0.006605975
0.006533423
0.006409309
0.006406184
0.006626184
0.006386861
0.006499153
0.006471861
0.006455924
0.006614205
0.006505923
0.006489361
0.006428424
0.006531288
0.006433319
0.006423840
0.006554414
0.006424570
0.006490091
0.006508736
0.006420247
0.006444153
0.006553475
0.006539517
0.006529570
0.006631237
0.006460715
0.006379101
0.006424935
0.006367279
0.006342591
0.006670768
0.006390091
0.006447330
0.006484465
0.006393997
0.006512487
0.006415716
0.006445403
0.006578215
0.006510976
0.006533007
0.006545716
0.006504674
0.006501028
0.006591132
0.006499987
0.006424935
0.006518997
0.006384154
0.006432539
0.006481289
0.006375403
0.006409101
0.006516497
0.006535560
0.006437696
0.006452695
0.006416185
0.006540612
0.006581966
0.006415924
0.006428581
0.006511081
0.006508841
0.006400665
0.006627747
0.006464623
0.006449102
0.006402956
0.006372539
0.006521028
0.006402799
0.006533320
0.006481497
0.006608164
0.006365717
0.006526758
0.006607695
0.006506497
0.006463894
0.006581706
0.006462904
0.006568113
0.006492800
0.006504207
0.006449519
0.006481342
0.006394780
0.006383738
0.006403946
0.006529936
0.006443425
0.006417227
0.006655664
0.006486342
0.006600821
0.006521237
0.006428582
0.006511238
0.006554363
0.006420561
0.006504102
0.006496655
0.006484102
0.006376914
0.006406863
0.006379155
0.006540508
0.006627800
0.006431550
0.006584154
0.006356967
0.006537227
0.006471759
0.006445665
0.006400353
0.006594206
0.006522853
0.006561133
0.006384727
0.006592540
0.006434051
0.006432124
0.006439884
0.006627435
0.006520404
0.006372541
0.006451342
0.006591446
0.006532436
0.006390457
0.006487540
0.006460769
0.006466551
0.006499467
0.006394155
0.006372176
0.006407645
0.006470613
0.006430509
0.006549415
0.006482749
0.006620822
0.006501498
0.006394519
0.006462071
0.006656394
0.006526602
0.006362905
0.006547228
0.006395665
0.006426134
0.006584988
0.006544884
0.006538061
0.006500665
0.006517905
0.006452437
0.006529207
0.006562332
0.006501811
0.006398946
0.006411186
0.006429520
0.006567488
0.006405353
0.006581081
0.006410978
0.006421915
0.006439415
0.006448322
0.006422644
0.006458895
0.006417436
0.006411603
0.006546806
0.006451823
0.006492395
0.006481926
0.006486249
0.006431874
0.006455312
0.006468906
0.006396980
0.006374897
0.006629061
0.006404844
0.006543645
0.006465938
0.006572187
0.006443959
0.006560520
0.006560572
0.006390210
0.006459897
0.006585416
0.006547344
0.006467710
0.006431355
0.006532709
0.006482710
0.006444273
0.006580209
0.006525990
0.006426929
0.006422138
0.006396826
0.006425002
0.006539689
0.006458127
0.006543648
0.006421045
0.006440211
0.006623439
0.006666615
0.006554429
0.006637815
0.006408910
0.006524170
0.006476878
0.006425472
0.006411045
0.006653856
0.006445108
0.006408442
0.006412192
0.006469327
0.006410057
0.006522035
0.006426358
0.006502660
0.006656357
0.006536827
0.006598024
0.006537973
0.006425265
0.006469328
0.006444901
0.006575994
0.006508755
0.006630577
0.006595838
0.006604223
0.006608807
0.006451152
0.006449172
0.006604953
0.006559172
0.006578755
0.006432506
0.006444121
0.006452194
0.006415736
0.006619068
0.006434590
0.006444225
0.006434746
0.006662974
0.006507455
0.006528913
0.006624485
0.006541308
0.006446205
0.006632454
0.006631308
0.006442299
0.006621152
0.006399071
0.006423394
0.006446466
0.006592871
0.006502090
0.006526361
0.006546830
0.006458445
0.006479331
0.006537508
0.006660632
0.006681881
0.006464852
0.006390582
0.006479956
0.006495008
0.006634382
0.006542353
0.006499280
0.006520060
0.006438030
0.006690112
0.006514019
0.006565842
0.006510634
0.006506416
0.006472457
0.006478968
0.006523863
0.006386625
0.006596520
0.006500582
0.006422927
0.006554332
0.006469490
0.006486885
0.006592510
0.006543082
0.006465218
0.006387354
0.006604125
0.006445896
0.006583760
0.006532667
0.006497250
0.006384855
0.006376210
0.006581886
0.006453710
0.006398085
0.006416835
0.006438032
0.006532615
0.006406366
0.006446626
0.006576209
0.006466574
0.006389908
0.006562303
0.006393033
0.006415429
0.006441106
0.006692407
0.006461106
0.006593605
0.006423033
0.006629178
0.006554699
0.006502096
0.006360586
0.006517773
0.006485325
0.006451888
0.006567668
0.006480898
0.006404545
0.006478033
0.006439649
0.006385118
0.006476263
0.006575429
0.006590274
0.006554232
0.006493034
0.006684387
0.006464076
0.006438087
0.006371681
0.006576055
0.006564596
0.006370275
0.006519909
0.006472462
0.006495534
0.006550066
0.006404494
0.006500274
0.006685430
0.006464025
0.006534025
0.006513556
0.006530796
0.006434286
0.006581108
0.006499546
0.006453140
0.006521421
0.006491577
0.006387463
0.006572150
0.006447359
0.006544911
0.006415641
0.006500484
0.006559130
0.006442985
0.006438245
0.006646264
0.006606525
0.006606005
0.006416891
0.006407725
0.006495068
0.006423870
0.006635796
0.006551110
0.006417047
0.006464392
0.006438402
0.006492985
0.006423246
0.006511839
0.006455225
0.006593037
0.006451319
0.006452361
0.006573298
0.006460121
0.006396997
0.006663297
0.006627932
0.006477413
0.006432361
0.006442726
0.006483507
0.006414236
0.006508819
0.006407466
0.006575330
0.006430018
0.006435435
0.006521267
0.006443351
0.006419966
0.006493351
0.006409914
0.006417934
0.006618662
0.006439654
0.006579445
0.006417675
0.006413404
0.006566997
0.006453977
0.006487779
0.006617413
0.006495747
0.006407050
0.006552518
0.006551268
0.006505800
0.006459238
0.006552050
0.006395853
0.006392780
0.006416582
0.006615903
0.006649289
0.006388561
0.006619497
0.006626529
0.006446634
0.006478665
0.006665591
0.006599914
0.006647466
0.006470020
0.006576165
0.006455071
0.006535072
0.006410593
0.006510592
0.006516113
0.006608509
0.006461062
0.006546946
0.006575072
0.006515853
0.006620332
0.006461322
0.006485020
0.006418562
0.006422729
0.006461479
0.006615123
0.006454552
0.006447937
0.006569291
0.006593717
0.006472937
0.006451635
0.006429865
0.006494344
0.006523822
0.006424552
0.006544917
0.006526635
0.006503562
0.006450594
0.006680332
0.006512625
0.006414344
0.006516896
0.006565073
0.006438251
0.006599448
0.006509031
0.006481792
0.006454553
0.006487885
0.006431220
0.006356688
0.006404292
0.006592522
0.006439188
0.006469397
0.006442418
0.006528146
0.006505491
0.006531949
0.006389033
0.006664188
0.006447262
0.006524657
0.006432418
0.006465127
0.006511792
0.006393512
0.006447262
0.006558824
0.006437991
0.006396533
0.006572835
0.006477783
0.006426794
0.006724865
0.006570491
0.006603980
0.006565179
0.006555960
0.006464450
0.006405127
0.006553981
0.006353044
0.006499502
0.006579866
0.006467106
0.006412887
0.006387107
0.006533877
0.006413565
0.006573513
0.006479034
0.006394763
0.006542888
0.006577940
0.006580179
0.006547471
0.006460909
0.006633565
0.006599242
0.006507159
0.006408305
0.006432107
0.006479086
0.006526586
0.006580440
0.006393722
0.006646638
0.006454972
0.006460961
0.006504919
0.006560701
0.006448306
0.006538201
0.006523722
0.006420962
0.006558097
0.006549503
0.006407420
0.006570284
0.006405702
0.006458462
0.006378358
0.006494139
0.006395025
0.006400077
0.006588930
0.006443306
0.006526274
0.006531222
0.006522264
0.006354348
0.006629347
0.006442942
0.006400546
0.006537941
0.006468254
0.006533566
0.006530389
0.006499712
0.006646170
0.006568826
0.006430911
0.006453254
0.006646535
0.006452525
0.006525649
0.006449191
0.006691431
0.006616274
0.006550025
0.006455234
0.006437890
0.006637160
0.006472057
0.006440026
0.006432682
0.006752107
0.006518255
0.006421223
0.006423724
0.006421223
0.006561588
0.006446328
0.006412683
0.006415599
0.006552890
0.006585858
0.006412787
0.006472734
0.006509973
0.006575130
0.006532369
0.006444349
0.006441224
0.006463204
0.006559765
0.006473568
0.006459766
0.006689244
0.006569401
0.006425704
0.006664713
0.006529662
0.006588203
0.006534245
0.006566380
0.006429766
0.006510964
0.006570651
0.006456329
0.006613515
0.006437422
0.006444870
0.006547318
0.006579141
0.006350392
0.006374037
0.006543829
0.006447371
0.006492996
0.006595964
0.006403465
0.006540964
0.006393569
0.006401537
0.006410705
0.006585756
0.006393464
0.006625547
0.006577162
0.006480652
0.006628256
0.006541693
0.006512735
0.006571850
0.006394298
0.006445549
0.006543933
0.006442372
0.006599246
0.006404403
0.006599454
0.006436642
0.006447320
0.006407580
0.006545079
0.006510653
0.006499298
0.006475496
0.006483882
0.006455601
0.006413569
0.006475705
0.006405757
0.006627163
0.006454090
0.006461538
0.006517840
0.006595236
0.006498048
0.006417163
0.006436746
0.006645027
0.006489090
0.006393102
0.006469351
0.006467372
0.006540601
0.006522579
0.006441226
0.006445653
0.006597893
0.006480445
0.006616329
0.006505393
0.006406747
0.006555601
0.006402425
0.006445289
0.006534716
0.006446174
0.006461071
0.006608986
0.006609456
0.006482060
0.006565445
0.006493987
0.006548986
0.006539924
0.006567529
0.006591643
0.006427373
0.006651695
0.006529977
0.006526747
0.006409040
0.006381591
0.006478987
0.006413467
0.006517737
0.006420811
0.006537998
0.006383311
0.006451540
0.006429821
0.006426904
0.006384248
0.006393154
0.006645757
0.006430134
0.006512008
0.006594664
0.006647685
0.006589664
0.006413571
0.006448571
0.006515706
0.006559351
0.006536747
0.006429457
0.006588467
0.006455967
0.006533675
0.006499769
0.006481904
0.006456905
0.006379613
0.006451279
0.006461957
0.006408311
0.006420290
0.006499874
0.006580811
0.006587581
0.006487321
0.006629925
0.006619404
0.006379040
0.006602321
0.006360134
0.006478624
0.006438571
0.006594508
0.006543571
0.006456905
0.006484353
0.006435707
0.006532686
0.006566280
0.006381906
0.006414145
0.006591488
0.006469092
0.006581749
0.006647842
0.006517582
0.006494613
0.006596904
0.006447217
0.006433468
0.006482634
0.006458781
0.006415031
0.006567634
0.006524353
0.006455968
0.006455968
0.006479718
0.006449457
0.006440291
0.006523937
0.006446020
0.006585134
0.006593989
0.006479249
0.006495656
0.006465811
0.006474822
0.006465395
0.006515343
0.006504562
0.006553624
0.006541176
0.006421645
0.006634926
0.006453832
0.006566020
0.006380760
0.006618728
0.006469822
0.006396646
0.006434667
0.006547634
0.006596437
0.006614978
0.006458624
0.006501697
0.006495968
0.006406750
0.006498728
0.006587427
0.006409667
0.006413885
0.006522791
0.006442583
0.006576906
0.006496385
0.006498781
0.006638937
0.006537114
0.006370657
0.006428782
0.006481072
0.006478521
0.006567999
0.006440656
0.006395605
0.006416021
0.006592635
0.006446698
0.006409354
0.006385084
0.006394563
0.006502635
0.006520760
0.006483521
0.006587270
0.006509823
0.006522427
0.006617271
0.006468417
0.006461229
0.006532739
0.006522844
0.006500968
0.006411854
0.006587792
0.006404563
0.006388105
0.006524198
0.006469875
0.006463157
0.006551959
0.006505240
0.006542115
0.006517480
0.006652167
0.006506386
0.006409146
0.006481021
0.006490293
0.006584615
0.006645656
0.006371959
0.006409824
0.006446751
0.006574458
0.006666542
0.006577323
0.006467011
0.006545292
0.006442948
0.006485084
0.006415033
0.006411074
0.006417688
0.006432219
0.006514876
0.006432271
0.006573261
0.006476334
0.006498418
0.006419615
0.006443365
0.006592428
0.006522375
0.006522428
0.006574719
0.006414668
0.006469303
0.006444563
0.006544407
0.006552375
0.006524824
0.006549407
0.006410136
0.006580293
0.006472637
0.006469042
0.006422324
0.006556647
0.006444564
0.006566334
0.006561386
0.006513366
0.006390398
0.006484303
0.006449876
0.006402584
0.006396907
0.006448313
0.006458470
0.006434512
0.006480606
0.006657949
0.006564459
0.006470188
0.006424512
0.006539667
0.006459199
0.006570136
0.006653209
0.006515501
0.006463939
0.006401752
0.006426751
0.006631126
0.006412429
