0.006661011
0.006615126
0.006515492
0.006697470
0.006782261
0.006633147
0.006784917
0.006738199
0.006679710
0.006797782
0.006535960
0.006652366
0.006636741
0.006718355
0.006601220
0.006774292
0.006563512
0.006677886
0.003886284
0.003865660
0.003885034
0.004000919
0.003825347
0.003996804
0.003903785
0.003936597
0.003988055
0.004022951
0.003961128
0.003894097
0.003851493
0.003896597
0.003885972
0.004213106
0.003896440
0.003957169
0.003882899
0.003889514
0.003986909
0.004019826
0.003932482
0.003918628
0.003831753
0.003845764
0.003995868
0.003874670
0.003925451
0.003928315
0.003890347
0.003978211
0.004003263
0.003884774
0.004050607
0.004018263
0.004022950
0.003914930
0.004012117
0.003923003
0.003994566
0.003963107
0.004031961
0.004007274
0.003979148
0.003952743
0.003959513
0.003971128
0.003915139
0.003889305
0.003922274
0.004055711
0.003984149
0.004001284
0.003981857
0.003889774
0.003922378
0.003955138
0.003951649
0.003981180
0.003886024
0.003978315
0.003901753
0.003909410
0.003874774
0.004003784
0.003916910
0.004002430
0.003885503
0.003988836
0.003914253
0.003816441
0.003887638
0.004033732
0.006581272
0.006781584
0.006684189
0.006606741
0.006693095
0.006744709
0.006762886
0.006764136
0.006673355
0.006782573
0.006585178
0.006647575
0.006627626
0.006673095
0.006655283
0.006722261
0.006630282
0.006695439
0.003850712
0.003870972
0.003885816
0.003887951
0.003895555
0.003904618
0.003991961
0.003918316
0.003881909
0.003982430
0.003978732
0.003895920
0.003913159
0.003995450
0.003873056
0.003886597
0.003932690
0.004005086
0.003884253
0.003907326
0.003998107
0.003966545
0.003906076
0.003964774
0.003931857
0.003888003
0.003890295
0.003957326
0.003967170
0.003917430
0.003851441
0.003867639
0.003976128
0.003921910
0.003964566
0.003976284
0.003801441
0.003871233
0.003882326
0.003985503
0.003925034
0.003805659
0.003890972
0.003891024
0.003898628
0.003860347
0.003962430
0.003901545
0.003881702
0.004036284
0.003862691
0.003879357
0.003872378
0.003958524
0.003992482
0.004013211
0.003995398
0.003973784
0.004008211
0.003908264
0.004020450
0.003908315
0.003903107
0.003888107
0.003888733
0.003916597
0.004032586
0.003984461
0.003925764
0.003984826
0.003919982
0.003906596
0.003973992
0.003885972
0.003901285
0.003933784
0.003986961
0.003921285
0.003901909
0.003916545
0.003911284
0.003908264
0.004011493
0.003932065
0.003916597
0.003896076
0.003909774
0.003910555
0.003830712
0.003970035
0.003980555
0.003909826
0.003884358
0.003957326
0.003834149
0.003998628
0.003873992
0.003910660
0.003973732
0.003979305
0.004013628
0.003851024
0.003896337
0.003895034
0.003889201
0.003974670
0.003902795
0.003981024
0.003906233
0.003936857
0.003907222
0.004024982
0.003861702
0.003881857
0.003878107
0.003985243
0.003908576
0.003872326
0.003884930
0.003896857
0.003963524
0.003837691
0.003923420
0.004057325
0.003838732
0.003911962
0.003917587
0.003927274
0.003971961
0.003923472
0.003873004
0.003902118
0.003921701
0.003866857
0.003968368
0.003892691
0.003914722
0.003994825
0.003988680
0.003903211
0.003978264
0.003910712
0.003971128
0.003916701
0.003963420
0.003949514
0.003822014
0.003902118
0.003996128
0.003805295
0.003883576
0.004020554
0.003993159
0.003906180
0.003983420
0.003903836
0.003952691
0.003871389
0.003893733
0.003917639
0.004023784
0.003930972
0.003914149
0.003859879
0.003903628
0.003967221
0.003895608
0.003883316
0.004008992
0.003908420
0.003965503
0.003984305
0.003893889
0.003976492
0.003910451
0.003974669
0.003913263
0.003995659
0.003888003
0.003998575
0.003894461
0.004017638
0.003854930
0.003922639
0.003904305
0.003989253
0.003886024
0.003896181
0.003999045
0.003923420
0.003995502
0.003901545
0.003920659
0.003966909
0.004012378
0.004055763
0.004220554
0.003906962
0.003911180
0.003921753
0.003880555
0.003899201
0.003885764
0.003940243
0.003925815
0.003925920
0.003996648
0.003805712
0.003913993
0.003970816
0.003985919
0.003909774
0.003919097
0.003905034
0.003885660
0.004028107
0.003898732
0.003858524
0.003928784
0.003934409
0.003887586
0.003906753
0.003915763
0.003970191
0.003876753
0.003882274
0.003903784
0.003889983
0.003872274
0.003915451
0.003864513
0.003852847
0.003898576
0.003885138
0.003863628
0.003895867
0.003884878
0.003920555
0.003903837
0.003918368
0.003995294
0.003910451
0.003945607
0.003911129
0.003989721
0.003877326
0.003892326
0.004010086
0.003908107
0.003909879
0.004015242
0.003901441
0.003880659
0.003979200
0.003894618
0.003897014
0.003930034
0.003898211
0.003969982
0.003981492
0.003894202
0.003922222
0.004036179
0.003925295
0.003834618
0.003880607
0.004020607
0.003892952
0.003901492
0.004005971
0.003890503
0.003895347
0.003955920
0.003909670
0.004018055
0.003887743
0.003992325
0.003896389
0.003904513
0.003889826
0.003901962
0.003882117
0.003876701
0.003998628
0.003960190
0.004017378
0.004007586
0.003878941
0.003977846
0.003929565
0.003924982
0.003883576
0.003882222
0.003978003
0.003879409
0.003881754
0.003961597
0.003881232
0.003999617
0.003898108
0.004010555
0.003936544
0.003826180
0.003918524
0.003990190
0.003897274
0.003983680
0.004004096
0.003850868
0.003898993
0.003922482
0.004105711
0.003902274
0.003803003
0.003889566
0.003918316
0.003898576
0.003920972
0.003990659
0.003887690
0.003889305
0.003897065
0.003827847
0.003887690
0.004024565
0.003877066
0.003868993
0.003893888
0.003974722
0.004011441
0.003893941
0.003895035
0.003971596
0.003826493
0.003908159
0.003889826
0.003996389
0.003902534
0.003925816
0.003879826
0.003910555
0.003923471
0.003997170
0.003866181
0.003888680
0.003914618
0.003911597
0.003970346
0.003878628
0.003900087
0.004006804
0.003913367
0.003915399
0.004019825
0.003926701
0.003964045
0.003878941
0.003989356
0.003889566
0.003898993
0.003980086
0.003895451
0.003983888
0.003917742
0.003883785
0.004011648
0.003894045
0.003903420
0.003909618
0.003919774
0.003896649
0.003881753
0.003997742
0.004040659
0.004015658
0.003923576
0.004020607
0.003936076
0.003883211
0.003970555
0.003950867
0.004008263
0.004042534
0.003900504
0.003921388
0.004012222
0.004007065
0.003932274
0.003877795
0.003890242
0.003983159
0.003918993
0.003907639
0.004054669
0.003933003
0.003872482
0.003950711
0.003908576
0.003873993
0.003937117
0.003879149
0.004025659
0.003918472
0.003906128
0.003851650
0.003893889
0.003962378
0.003897378
0.003915399
0.003951285
0.003909930
0.003900867
0.003979878
0.003991492
0.003991023
0.004000503
0.003975138
0.003890086
0.003927378
0.004018783
0.003932170
0.003921596
0.003902379
0.003885087
0.004029409
0.003903889
0.003998107
0.003878108
0.003917013
0.003854409
0.003916909
0.003982638
0.003875295
0.003892170
0.003905087
0.003876076
0.003975555
0.004003211
0.003878681
0.003914982
0.003993680
0.004013367
0.003895138
0.003947691
0.003906805
0.003877639
0.003978628
0.004037638
0.003981700
0.003907013
0.003974201
0.004008523
0.003997586
0.003909462
0.003864097
0.003880347
0.004106700
0.003921024
0.003936024
0.004036596
0.004015191
0.004028002
0.004018055
0.003868889
0.003835711
0.004035919
0.003894514
0.003971180
0.004010867
0.003878733
0.003817482
0.004019513
0.003922118
0.003936909
0.003889513
0.003891493
0.003987690
0.003895034
0.004005295
0.003916232
0.003905242
0.003898732
0.003916232
0.004061023
0.003855972
0.003995138
0.003997639
0.003902743
0.003903107
0.003888420
0.003866753
0.003881076
0.003883316
0.003902691
0.003898316
0.003989044
0.003875712
0.003909721
0.004013367
0.003930607
0.003902638
0.003905607
0.003963524
0.003882795
0.003955867
0.003870243
0.003926076
0.004020502
0.003904254
0.003939774
0.003890659
0.003995191
0.003901701
0.003931857
0.004027169
0.004004357
0.003912586
0.003895607
0.003973836
0.003885556
0.003900660
0.003906493
0.003894410
0.004008107
0.004023940
0.003898212
0.003897586
0.003991597
0.003999044
0.003932378
0.003924722
0.003924878
0.003892430
0.003997273
0.003930660
0.003964149
0.003986388
0.004022742
0.003905712
0.003906337
0.004009044
0.004005815
0.003926076
0.003887014
0.003974878
0.003884513
0.003904305
0.003890086
0.003897117
0.003984200
0.003931544
0.003923628
0.003958003
0.003937899
0.003884097
0.003867639
0.003877587
0.004001232
0.003889721
0.003893420
0.003876233
0.003895295
0.003897795
0.003897014
0.004013940
0.003893212
0.003891701
0.003968315
0.003931284
0.003922690
0.003925503
0.003937847
0.003913263
0.003933055
0.003866649
0.003856493
0.003891597
0.003993472
0.003890243
0.003855712
0.003901493
0.003937586
0.003943993
0.003898315
0.004017221
0.003947639
0.003886024
0.003904670
0.003868368
0.004050659
0.003991492
0.003897534
0.003886806
0.003899097
0.003995503
0.004008316
0.004022118
0.003953941
0.003910868
0.004003002
0.003834253
0.003867378
0.004012377
0.003904826
0.003883003
0.004006752
0.003983836
0.003976909
0.004015034
0.003910555
0.003997066
0.003855503
0.003936493
0.003935347
0.003886284
0.003901180
0.003984565
0.003911597
0.003881909
0.003916649
0.003922691
0.003933992
0.003897586
0.003898472
0.004030919
0.003899722
0.003888160
0.003963784
0.003868524
0.003901910
0.003874878
0.003912847
0.003904982
0.003888784
0.003934044
0.003897691
0.003810920
0.003987638
0.003926388
0.004029304
0.003981909
0.003904878
0.003956388
0.003970815
0.003916493
0.003909305
0.003885607
0.003907378
0.004024618
0.003908785
0.003993472
0.004031649
0.003922534
0.003874618
0.004022169
0.003908420
0.003889722
0.003959669
0.003911649
0.004010242
0.003914461
0.003873941
0.003998055
0.003884878
0.003926284
0.003871336
0.003993628
0.003919617
0.003966441
0.003900295
0.003876024
0.003958368
0.003904305
0.003891493
0.003913681
0.003898628
0.003840035
0.003901440
0.003912170
0.003887899
0.003987066
0.003950659
0.004022429
0.003896284
0.003885764
0.003870607
0.003890711
0.004000607
0.003913003
0.003956962
0.003911337
0.003910555
0.004034618
0.003910867
0.003985659
0.003840711
0.003892639
0.003895712
0.003932378
0.003886076
0.003928524
0.003858160
0.003890868
0.003970294
0.003886806
0.003925920
0.003970712
0.003882795
0.003871129
0.003892690
0.003917014
0.003971388
0.003987378
0.003911389
0.004006753
0.003999461
0.003895972
0.004021076
0.003882899
0.003894149
0.003875504
0.003983836
0.003974826
0.003898993
0.004011388
0.003907639
0.004046232
0.003892743
0.003877065
0.003981753
0.003915295
0.003819670
0.004033420
0.004000920
0.003904462
0.003989461
0.003936753
0.003915451
0.003985815
0.004011075
0.003917795
0.003898785
0.004033419
0.003891180
0.003915815
0.003972482
0.003891805
0.004015138
0.004018002
0.003918316
0.003901337
0.003977794
0.003925712
0.003992742
0.003923211
0.003914774
0.003928576
0.003887014
0.003970919
0.003961493
0.003900399
0.003877743
0.004004878
0.003916961
0.004010398
0.003995243
0.003856701
0.003840816
0.003912483
0.003974669
0.003840972
0.003902170
0.003907534
0.003925711
0.003897534
0.003937535
0.003926024
0.004014357
0.003924045
0.003951857
0.003906024
0.003987638
0.003886180
0.003890190
0.003891337
0.003932795
0.003892014
0.003978941
0.003959826
0.003927691
0.003884774
0.003992794
0.003909670
0.003963419
0.004022586
0.003876440
0.003894774
0.003991909
0.003951857
0.003877482
0.003929930
0.003984566
0.003932899
0.003920243
0.003861389
0.003904982
0.004008627
0.003904513
0.003930190
0.003856024
0.003920295
0.003831388
0.003924306
0.003984825
0.004058992
0.003911493
0.004001961
0.004008211
0.003905503
0.003883993
0.003918315
0.003993628
0.003923316
0.003929201
0.003894358
0.003975139
0.003863315
0.003919305
0.003971544
0.003915243
0.003958471
0.003900607
0.003922066
0.004015659
0.003939826
0.003902535
0.003878993
0.004018159
0.004007325
0.003942222
0.003899097
0.004049409
0.003886180
0.003873003
0.003872691
0.003911858
0.004000711
0.004003264
0.003918680
0.003914514
0.003985190
0.003879774
0.003889514
0.003896701
0.003898055
0.003988627
0.003988576
0.003991753
0.003923263
0.003958003
0.003962378
0.003958368
0.003923003
0.004028680
0.003929618
0.003872483
0.003986024
0.003867638
0.004027638
0.003986336
0.003900190
0.003980555
0.003844774
0.003889826
0.003840608
0.003841233
0.003995659
0.003891910
0.003924774
0.003888576
0.004000659
0.003964617
0.004008472
0.004015086
0.003878889
0.003994097
0.003913941
0.003922899
0.003901180
0.003873159
