0.003570922
0.003726546
0.006533148
0.006758615
0.006698200
0.006634137
0.006547471
0.006559033
0.006849501
0.006623981
0.006731897
0.006484294
0.006466638
0.006554345
0.006520075
0.006665178
0.006632783
0.006646429
0.006720439
0.006507576
0.003594671
0.003640140
0.003629672
0.003629931
0.003697432
0.006713355
0.006516273
0.006516013
0.006543200
0.006653043
0.006605908
0.006633565
0.006541220
0.006621220
0.006516064
0.006655387
0.006721376
0.006615387
0.006502732
0.006582263
0.006544971
0.006505231
0.003636286
0.003681494
0.003650609
0.003717848
0.003620140
0.003674567
0.006547679
0.006534555
0.006625908
0.006693043
0.006567523
0.006634710
0.006652262
0.006520909
0.006676585
0.006490232
0.006542679
0.006478408
0.006768616
0.006548096
0.006563252
0.006619189
0.006694449
0.006670179
0.003593630
0.003638005
0.006580492
0.006731533
0.006587367
0.006508669
0.006496273
0.006623252
0.006570440
0.006535128
0.006586742
0.006494763
0.006633304
0.006485180
0.006536221
0.006625491
0.006611221
0.006526898
0.006747782
0.006526325
0.003569463
0.003631286
0.003623890
0.003644255
0.003647068
0.003693161
0.003629151
0.003636286
0.003621286
0.003650661
0.003668890
0.003712223
0.003570453
0.003613630
0.003634150
0.003625245
0.003620140
0.006519711
0.006656689
0.006636586
0.006504971
0.006483304
0.006506898
0.006713407
0.006483721
0.006647626
0.006567888
0.006662366
0.006621325
0.006659085
0.006540023
0.006441950
0.006580335
0.006642679
0.006632366
0.003680140
0.006658460
0.006481743
0.006532419
0.006541690
0.006560752
0.006748303
0.006659658
0.006671428
0.006613720
0.006649606
0.006539137
0.006641741
0.006477159
0.006643564
0.006515492
0.006540856
0.006609867
0.006603565
0.003628213
0.003631547
0.003647484
0.003683525
0.003645036
0.003650192
0.006549555
0.006742054
0.006558669
0.006516534
0.006744137
0.006647054
0.006587731
0.006472783
0.006518304
0.006615856
0.006602367
0.006621898
0.006533929
0.006602992
0.006768980
0.006558512
0.006739866
0.003725348
0.003656025
0.006545544
0.006677262
0.006531638
0.006537836
0.006520700
0.006507263
0.006544346
0.006655856
0.006501846
0.006502315
0.006582158
0.006577211
0.006534086
0.006616273
0.006495284
0.006645700
0.006531794
0.006535336
0.003625557
0.006590596
0.006558929
0.006541689
0.006707157
0.006443617
0.006542939
0.006560388
0.006519085
0.006654918
0.006605439
0.006507679
0.006766272
0.006569970
0.006679397
0.006719293
0.006594033
0.006731324
0.006613356
0.003554359
0.006625648
0.006642210
0.006683772
0.006654710
0.006508304
0.006591690
0.006581012
0.006681428
0.006527003
0.006637679
0.006596741
0.006675179
0.006561534
0.006625960
0.006713564
0.006451221
0.006600074
0.006623513
0.003728473
0.006556117
0.006502054
0.006780439
0.006505648
0.006529294
0.006497106
0.006535023
0.006510596
0.006519607
0.006488825
0.006495232
0.006587732
0.006528617
0.006613252
0.006492888
0.006566481
0.006535700
0.006474867
0.003558370
0.003559203
0.006729449
0.006501325
0.006547418
0.006501585
0.006748356
0.006618356
0.006517732
0.006546429
0.006628668
0.006633564
0.006549190
0.006517888
0.006571690
0.006603409
0.006700804
0.006511585
0.006626012
0.006548668
0.003638004
0.003635765
0.003662849
0.003571287
0.003677640
0.003577276
0.003597484
0.003674515
0.003615401
0.003616182
0.003566078
0.003647119
0.006698304
0.006590231
0.006486585
0.006553304
0.006629658
0.006523669
0.006488044
0.006469555
0.006584502
0.006560023
0.006580387
0.006574867
0.006669241
0.006730960
0.006588513
0.006722835
0.006632054
0.006543929
0.003624723
0.003606495
0.003727223
0.003749410
0.003632067
0.003724046
0.003633369
0.003711650
0.003604046
0.003601598
0.003592119
0.003559985
0.006623044
0.006696481
0.006708252
0.006701846
0.006503461
0.006535336
0.006574085
0.006675491
0.006718251
0.006655908
0.006539034
0.006653720
0.006548825
0.006520596
0.006605752
0.006620543
0.006468201
0.006624606
0.003616963
0.003663994
0.006544606
0.006681845
0.006662627
0.006492680
0.006536690
0.006534347
0.006691637
0.006510544
0.006446013
0.006514763
0.006503982
0.006553096
0.006655596
0.006716220
0.006667523
0.006481117
0.006502158
0.006553149
0.003649880
0.003652276
0.003629723
0.003721858
0.003691233
0.003614932
0.003650400
0.003660297
0.003694359
0.003708786
0.003605973
0.006567939
0.006603982
0.006483825
0.006517002
0.006748407
0.006660231
0.006542731
0.006640648
0.006754710
0.006482888
0.006752001
0.006571534
0.006532159
0.006667054
0.006630700
0.006620596
0.006624606
0.006465648
0.003554307
0.003561338
0.003630245
0.003654931
0.006629502
0.006655648
0.006665179
0.006489554
0.006485909
0.006522992
0.006536065
0.006528200
0.006452680
0.006622887
0.006482732
0.006538304
0.006573408
0.006584763
0.006624710
0.006615648
0.006737783
0.006531742
0.006547784
0.003618369
0.006507680
0.006473461
0.006649293
0.006521638
0.006506481
0.006571169
0.006685596
0.006627783
0.006606273
0.006743668
0.006584346
0.006502888
0.006760856
0.006516221
0.006452055
0.006489190
0.006563982
0.003677745
0.003616130
0.006630647
0.006514294
0.006719085
0.006571377
0.006746950
0.006554866
0.006599763
0.006608252
0.006502627
0.006701637
0.006564241
0.006534867
0.006548721
0.006681689
0.006682731
0.006517940
0.006510387
0.006514919
0.006605961
0.003638526
0.006690491
0.006667002
0.006650752
0.006526429
0.006439815
0.006499607
0.006485024
0.006647158
0.006632002
0.006554398
0.006536013
0.006743928
0.006522627
0.006604242
0.006490648
0.006542523
0.006483617
0.006474190
0.003605244
0.003745452
0.003623317
0.003706286
0.006672314
0.006539294
0.006502627
0.006583460
0.006571481
0.006459242
0.006533981
0.006545440
0.006600023
0.006610700
0.006695491
0.006527992
0.006581533
0.006569085
0.006598773
0.006624607
0.006555075
0.003694098
0.006732158
0.006509502
0.006549554
0.006519398
0.006624085
0.006644450
0.006591429
0.006489190
0.006516117
0.006633668
0.006496898
0.006646377
0.006668668
0.006583565
0.006503409
0.006538045
0.006634710
0.006554398
0.006482836
0.003747275
0.003550662
0.006559189
0.006628513
0.006680231
0.006645595
0.006704918
0.006626794
0.006551325
0.006636950
0.006480648
0.006463618
0.006666533
0.006474450
0.006567888
0.006456690
0.006525232
0.006500284
0.006506534
0.006706690
0.003738317
0.006564555
0.006541326
0.006499086
0.006635335
0.006698147
0.006586690
0.006581169
0.006459867
0.006528981
0.006664190
0.006615284
0.006608773
0.006551637
0.006525440
0.006473253
0.006631533
0.006579710
0.006507732
0.003671442
0.003588630
0.006536326
0.006596065
0.006646064
0.006553513
0.006588460
0.006523096
0.006509450
0.006631533
0.006598669
0.006658409
0.006571012
0.006520961
0.006475284
0.006509242
0.006517002
0.006634450
0.006630023
0.006515805
0.003626807
0.006744137
0.006719919
0.006615023
0.006666637
0.006615127
0.006560232
0.006515596
0.006606273
0.006671377
0.006548200
0.006551899
0.006608617
0.006471898
0.006537888
0.006575387
0.006502211
0.006516950
0.006547992
0.006616430
0.003666806
0.006648513
0.006626273
0.006683564
0.006718929
0.006544711
0.006539867
0.006492471
0.006574137
0.006690804
0.006665283
0.006523149
0.006611429
0.006691585
0.006521429
0.006593304
0.006552732
0.006590336
0.006730283
0.006509138
0.006475076
0.006553305
0.006661898
0.006522523
0.006501742
0.006489347
0.006770491
0.006476690
0.006611898
0.006599815
0.006584294
0.006495753
0.006489502
0.006487471
0.006501950
0.006595856
0.006627314
0.003612328
0.003606077
0.003678942
0.003587797
0.003704619
0.006522158
0.006653043
0.006529451
0.006519451
0.006565648
0.006516169
0.006612679
0.006491221
0.006528097
0.006607575
0.006619607
0.006627940
0.006634502
0.006652522
0.006507471
0.006728929
0.006740022
0.006514919
0.003668786
0.003631859
0.003627172
0.003564412
0.003691754
0.003561964
0.006618200
0.006725700
0.006547576
0.006567263
0.006548617
0.006582262
0.006607940
0.006508357
0.006675231
0.006670804
0.006576117
0.006543670
0.006729658
0.006644398
0.006638513
0.006719397
0.006541169
0.006519294
0.003710296
0.003625973
0.003642172
0.003628942
0.006673356
0.006608200
0.006516899
0.006521586
0.006519659
0.006560128
0.006679762
0.006512940
0.006510284
0.006511118
0.006508617
0.006632835
0.006475231
0.006722835
0.006739398
0.006537315
0.006462628
0.006750804
0.003537745
0.003734827
0.003681078
0.003629098
0.003713578
0.003607068
0.003562589
0.003707432
0.006569971
0.006657262
0.006607471
0.006560440
0.006525232
0.006592523
0.006505440
0.006477836
0.006576013
0.006507732
0.006627835
0.006585804
0.006481013
0.006619606
0.006698825
0.006634346
0.006590544
0.006545023
0.003677484
0.003556286
0.003623422
0.003713265
0.006535805
0.006628773
0.006662575
0.006555700
0.006545857
0.006438149
0.006573773
0.006459712
0.006515023
0.006526950
0.006492523
0.006579033
0.006608929
0.006682470
0.006742783
0.006587991
0.006644398
0.003626025
0.003620765
0.003687172
0.003584515
0.003618213
0.003693838
0.006534659
0.006524868
0.006621846
0.006520232
0.006622262
0.006487107
0.006555753
0.006539607
0.006513877
0.006563461
0.006525128
0.006683877
0.006490128
0.006532784
0.006477628
0.006566950
0.006916584
0.006797158
0.003600922
0.003638473
0.003570766
0.003702328
0.003641130
0.003533630
0.003575349
0.003644880
0.003669359
0.003630505
0.003729306
0.006597783
0.006631534
0.006560180
0.006518304
0.006681065
0.006596794
0.006473253
0.006513045
0.006541013
0.006583669
0.006725856
0.006595388
0.006490127
0.006516169
0.006551378
0.006708304
0.006517836
0.006539972
0.003604620
0.003606495
0.006627106
0.006549086
0.006602992
0.006496430
0.006507940
0.006640127
0.006533252
0.006584815
0.006476899
0.006542419
0.006604606
0.006621950
0.006591742
0.006537315
0.006636585
0.006505336
0.006490232
0.003635401
0.003705713
0.003648318
0.003637745
0.003571130
0.003701338
0.003621703
0.003670557
0.003646286
0.003703629
0.006552940
0.006627523
0.006609763
0.006512419
0.006538097
0.006744918
0.006575023
0.006752001
0.006737575
0.006575544
0.006450701
0.006690023
0.006661585
0.006552783
0.006642523
0.006576013
0.006673772
0.006624502
0.003706182
0.003630713
0.003561234
0.003610557
0.003644255
0.003628369
0.003565818
0.006659294
0.006534867
0.006685336
0.006473878
0.006646221
0.006569294
0.006556065
0.006469190
0.006509555
0.006603565
0.006649346
0.006542628
0.006631533
0.006608825
0.006655179
0.006493773
0.006748981
0.003615349
0.003714254
0.003606651
0.003654567
0.003639098
0.006542836
0.006556012
0.006682575
0.006556847
0.006535336
0.006699293
0.006498305
0.006587055
0.006639502
0.006558200
0.006530596
0.006623408
0.006514867
0.006670231
0.006465961
0.006562054
0.006597575
0.006743564
0.003611964
0.006494346
0.006620491
0.006587159
0.006530857
0.006609450
0.006583982
0.006547471
0.006717054
0.006552367
0.006543981
0.006438565
0.006689138
0.006575596
0.006485024
0.006561899
0.006573825
0.006645231
0.006500336
0.003584307
0.003687588
0.003641338
0.003603577
0.003623005
0.003643682
0.003573422
0.003725921
0.006712523
0.006573617
0.006595076
0.006576586
0.006707992
0.006561169
0.006508149
0.006671533
0.006481586
0.006629919
0.006511795
0.006568826
0.006502836
0.006625492
0.006590336
0.006706013
0.006617419
0.006496586
0.003686494
0.006561534
0.006617523
0.006631273
0.006698565
0.006662315
0.006537680
0.006677158
0.006529294
0.006514086
0.006593929
0.006592523
0.006555961
0.006594606
0.006457628
0.006524086
0.006554034
0.006536013
0.006591377
0.003703577
0.003617849
0.003702744
0.003619984
0.003664151
0.003707640
0.003639463
0.003600973
0.003605349
0.003726494
0.003568422
0.003743265
0.003599568
0.003653214
0.003569984
0.003624307
0.003615505
0.003677484
0.006456482
0.006595388
0.006524503
0.006495753
0.006507055
0.006616273
0.006501691
0.006456482
0.006523878
0.006538826
0.006592315
0.006704345
0.006600440
0.006552211
0.006495753
0.006543669
0.006472419
0.006446846
0.003695400
0.003645036
0.003631859
0.003630609
0.003556339
0.003619932
0.003659984
0.003677016
0.003623421
0.003589984
0.003731963
0.006628148
0.006510284
0.006702314
0.006572679
0.006495128
0.006569919
0.006577419
0.006505336
0.006593877
0.006539138
0.006678408
0.006690022
0.006668043
0.006512419
0.006536117
0.006535232
0.006472992
0.006582836
0.003631546
0.003652952
0.003783525
0.003763576
0.006858563
0.006745907
0.006800490
0.006835125
0.006686220
0.006757052
0.006697262
0.006823250
0.006799709
0.006826740
0.006722365
0.006915906
0.006790907
0.006850958
0.006732782
0.006804709
0.006703824
0.006719188
0.003757535
0.006793927
0.006834292
0.006779188
0.006849552
0.006660803
0.006715022
0.006755282
0.006826063
0.006696376
0.006662730
0.006731532
0.006794084
0.006779605
0.006704241
0.006841480
0.006677574
0.006759970
0.006704293
0.003680296
0.006874396
0.006746896
0.006738303
0.006770334
0.006718199
0.006798355
0.006735022
0.006707522
0.006884708
0.007118250
0.006759501
0.006709814
0.006885073
0.006718251
0.006867990
0.006947729
0.006777469
0.006715751
0.003730556
0.003685921
0.006757314
0.006846271
0.006682522
0.006731272
0.006878772
0.006770335
0.006728303
0.006646221
0.006718772
0.006735282
0.006662314
0.006756064
0.006785074
0.006842938
0.006924917
0.006762887
0.006672054
0.003768525
0.006840855
0.006736793
0.006681272
0.006844032
0.006767990
0.006727365
0.006673147
0.006905803
0.006927313
0.006877156
0.006738720
0.006929448
0.006908771
0.006669918
0.006720907
0.006884136
0.006777469
0.006987156
0.003673161
0.006861845
0.006668773
0.006795386
0.006881115
0.006724397
0.006684189
0.006697991
0.006774970
0.006931792
0.006812626
0.006784709
0.006783980
0.006917105
0.006661741
0.006969657
0.006763980
0.006712939
0.006918147
0.003742066
0.006706794
0.006866688
0.006730543
0.006735908
0.006729449
0.006722783
0.006843824
0.006737471
0.006857417
0.006815179
0.006722262
0.006815127
0.006719657
0.006872001
0.006875438
0.006901636
0.006794345
0.006709658
0.003651130
0.003687849
0.003686390
0.003773213
0.006888980
0.006914344
0.006728877
0.006716168
0.006821949
0.006724345
0.006888980
0.006837105
0.006736637
0.006865074
0.006724189
0.006775855
0.006840439
0.006791429
0.006710127
0.006875178
0.006814710
0.006908094
0.003687484
0.003778160
0.003807796
0.003764671
0.006710387
0.006884501
0.006910387
0.006880594
0.006726689
0.006671586
0.006778876
0.006797522
0.006797002
0.006828512
0.006888512
0.006868460
0.006780335
0.006818720
0.006792939
0.006629242
0.006652679
0.006897574
0.003633787
0.006693669
0.006892366
0.006778356
0.006877157
0.006730387
0.006914814
0.006734710
0.006866376
0.006811532
0.006907626
0.006777262
0.006797210
0.006740752
0.006657263
0.006655075
0.007004865
0.006689502
0.006643669
0.003664151
0.006807001
0.006671065
0.006633617
0.006798720
0.006869189
0.006703096
0.006749502
0.006833460
0.006770544
0.006821845
0.006649919
0.006784398
0.006718356
0.006813304
0.006715023
0.006790439
0.006748408
0.006777783
0.003709359
0.003646442
0.006688513
0.006776429
0.006764502
0.006795752
0.006682315
0.006732367
0.006916116
0.006803825
0.006642263
0.006702367
0.006617107
0.006742627
0.006838616
0.006822366
0.006803252
0.006690180
0.006882210
0.006716012
0.003773942
0.006791585
0.006678981
0.006872783
0.006832418
0.006765336
0.006731117
0.006847054
0.006767002
0.006693096
0.006693617
0.006889918
0.006771794
0.006905178
0.006759033
0.006708982
0.006829242
0.006729919
0.003633318
0.003754776
0.003678005
0.006792523
0.006830960
0.006777054
0.006835596
0.006706951
0.006716117
0.006699867
0.006839137
0.006922210
0.006796585
0.006761585
0.006910387
0.006846377
0.006714190
0.006758044
0.006746690
0.006729242
0.003615037
0.003635349
0.003809932
0.003716859
0.003738578
0.006819397
0.006832835
0.006878721
0.006926325
0.006827263
0.006812992
0.006780544
0.006844971
0.006793877
0.006787835
0.006737992
0.006826950
0.006678461
0.006723825
0.006719971
0.006953721
0.006842836
0.006859190
0.003763786
0.006703252
0.006886638
0.006727315
0.006813356
0.006768825
0.006726117
0.006912106
0.006804919
0.006734919
0.006790908
0.006811950
0.006740440
0.006673357
0.006864190
0.006713877
0.006715284
0.006838669
0.006830648
0.003768838
0.003684984
0.003692796
0.003707641
0.003682068
0.003586859
0.003782796
0.003693422
0.003784775
0.003768578
0.006917783
0.006750961
0.006702107
0.006754659
0.006785023
0.006797262
0.006711378
0.006968981
0.006825960
0.006737472
0.006965283
0.006842367
0.006788877
0.006920439
0.006900908
0.006743305
0.006799762
0.006875908
0.003688213
0.006799711
0.006718461
0.006857263
0.006719399
0.006815857
0.006699867
0.006885440
0.006887106
0.006846846
0.006726170
0.006648566
0.006829815
0.006782732
0.006890700
0.006789138
0.006765700
0.006886534
0.006876690
0.003688474
0.003796390
0.003686756
0.003709828
0.003711651
0.003688578
0.003641600
0.006715284
0.006803982
0.006766222
0.006815909
0.006718983
0.006709190
0.006992939
0.006645650
0.006769191
0.006869815
0.006801950
0.006712211
0.006832732
0.006740388
0.006703461
0.006835388
0.006801742
0.006765180
0.003676911
0.003735870
0.006832472
0.006733253
0.006854919
0.006652889
0.006743514
0.006904867
0.006745805
0.006822784
0.006764764
0.006738097
0.006779451
0.006834919
0.006910492
0.006778930
0.006799139
0.006762263
0.006774034
0.006685701
0.003684099
0.003693942
0.003687173
0.003711547
0.003683058
0.006686378
0.006712576
0.006751951
0.006878357
0.006856378
0.006799086
0.006661170
0.006697160
0.006750024
0.006680441
0.006931586
0.006691118
0.006764972
0.006777524
0.006795857
0.006786013
0.006790076
0.006245599
0.003663526
0.003735922
0.006819919
0.006726014
0.006782160
0.006850544
0.006975805
0.006782108
0.006814815
0.006763097
0.006808201
0.006912523
0.006836899
0.006749190
0.006736274
0.006707473
0.006812419
0.006621952
0.006894294
0.003667380
0.003690141
0.003675506
0.003677224
0.003640453
0.003675714
0.006761327
0.006848877
0.006843670
0.006851482
0.006851742
0.006741639
0.006870128
0.006811430
0.006723253
0.006695910
0.006726483
0.006713670
0.006743201
0.006719556
0.006857472
0.006740649
0.006863565
0.003635870
0.003800818
0.003667797
0.006731743
0.006963044
0.006982679
0.007113357
0.006734764
0.006715649
0.006680285
0.006924347
0.006914607
0.006832368
0.006740180
0.006827784
0.006813201
0.006876847
0.006828409
0.006810858
0.006721118
0.003601235
0.003811911
0.003697537
0.003714829
0.006899346
0.006804920
0.006849190
0.006757212
0.006847628
0.006869295
0.006815805
0.006877003
0.006877524
0.006725546
0.006800388
0.006800232
0.006948670
0.006890128
0.006829659
0.006766118
0.006783410
0.003676287
0.006906325
0.006689347
0.006890285
0.006867212
0.006761171
0.006908097
0.006775754
0.006824972
0.006845806
0.006751170
0.006742681
0.006820597
0.006843305
0.006685754
0.006787056
0.006818878
0.006804607
0.006854972
0.003727277
0.003644412
0.006812212
0.006841482
0.006671952
0.006728358
0.006818514
0.006902263
0.006697472
0.006878305
0.006902784
0.006754504
0.006731170
0.006673463
0.006815701
0.006752525
0.006773306
0.006718201
0.006824139
0.004659043
0.003683787
0.006828253
0.006805546
0.006704348
0.006721744
0.006765858
0.006857420
0.006739452
0.006715128
0.006733515
0.006738410
0.006893357
0.006684192
0.006722316
0.006818045
0.006928826
0.006741222
0.006752473
0.003666652
0.003675245
0.003694307
0.006892420
0.006885961
0.006901951
0.006730025
0.006837264
0.006901899
0.006809972
0.006803098
0.006749243
0.006747733
0.006920858
0.006651796
0.006678515
0.006924243
0.006775963
0.006723619
0.006847420
0.006895857
0.003668839
0.003768631
0.003645870
0.003674151
0.003725610
0.003690142
0.003616131
0.003662485
0.006833983
0.006770545
0.006873254
0.006823983
0.006749556
0.006729921
0.006667525
0.006815337
0.006743254
0.006762629
0.006732213
0.006749660
0.006895649
0.006841847
0.006824713
0.006852837
0.006886743
0.006732317
0.003647693
0.003713266
0.003712120
0.006727004
0.006803670
0.006768045
0.006893201
0.006714192
0.006841848
0.006785650
0.006780858
0.006738410
0.006835285
0.006740442
0.006773201
0.006645806
0.006763931
0.006821014
0.006773775
0.006714608
0.006908253
0.003718005
0.006820390
0.006868149
0.006747265
0.006850754
0.006750025
0.007069712
0.006909139
0.006721640
0.006864504
0.006801223
0.006746535
0.006754973
0.006802108
0.006841014
0.006812941
0.006784973
0.006773515
0.006687109
0.003661340
0.006860493
0.006963097
0.006826379
0.006857004
0.006736900
0.006705650
0.006830546
0.006729452
0.006795859
0.006699296
0.006766796
0.006763463
0.006887733
0.006931275
0.006878827
0.006866379
0.006729973
0.006833410
0.003670246
0.006903514
0.006870077
0.006814192
0.006831587
0.006791796
0.006905806
0.006813723
0.006755546
0.006881170
0.006726327
0.006772994
0.006863097
0.006828566
0.006825129
0.006841015
0.006823202
0.006761171
0.006771744
0.003680298
0.003797589
0.003708110
0.003694568
0.003693215
0.006729713
0.006778306
0.006718567
0.006888723
0.006829557
0.006816067
0.006737994
0.006881639
0.006729921
0.006849505
0.006754400
0.006866848
0.006669453
0.006941015
0.006761067
0.006922524
0.006761014
0.006821796
0.003748527
0.003685922
0.003696704
0.003683214
0.003625662
0.003781912
0.003767589
0.003730454
0.006680859
0.006673672
0.006834452
0.006870442
0.006769974
0.006804869
0.006780025
0.006729713
0.006744088
0.006699765
0.006737942
0.006723828
0.006843670
0.006889504
0.006813671
0.006925337
0.006735859
0.003638788
0.006832368
0.006677942
0.006710651
0.006654765
0.006850286
0.006749765
0.006717734
0.006669661
0.006652422
0.006714661
0.006780286
0.006726275
0.006731848
0.006851327
0.006882316
0.006810390
0.006804504
0.006696171
0.003660923
0.003805350
0.003733059
0.003753162
0.006897786
0.006942056
0.006838880
0.006739818
0.006772526
0.006698254
0.006766797
0.006815234
0.006814505
0.006821484
0.006861066
0.006653880
0.006746484
0.006676744
0.006674766
0.006682578
0.006744192
0.006756849
0.003742433
0.003671496
0.003813630
0.006804296
0.006887994
0.006745026
0.006669140
0.006866171
0.006760494
0.006653568
0.006755650
0.006740078
0.006693776
0.006844869
0.006821067
0.006700495
0.006699818
0.006726328
0.006693620
0.006663776
0.006695703
0.003701444
0.003673007
0.003743787
0.006757421
0.006715599
0.006710755
0.006725755
0.006898619
0.006663672
0.006918150
0.006748880
0.006657526
0.006687473
0.006796328
0.006696588
0.006708047
0.006688411
0.006828307
0.006780859
0.007007629
0.006787005
0.003678058
0.006844400
0.006758203
0.006771848
0.006681797
0.006743411
0.006713099
0.006785703
0.006735338
0.006822577
0.006931953
0.006871587
0.006678672
0.006790182
0.006702995
0.006787526
0.006908880
0.006891952
0.006921015
0.003667798
0.003748683
0.006745911
0.006813463
0.006830077
0.006816901
0.006873411
0.006721329
0.006694557
0.006744349
0.006823724
0.006725807
0.006682005
0.006652422
0.006722995
0.006907109
0.006797838
0.006811693
0.006703828
0.003672694
0.006754609
0.006749037
0.006791328
0.006755599
0.006842995
0.006805442
0.006675390
0.006743932
0.006874922
0.006801328
0.006711536
0.006814557
0.006770912
0.006704974
0.006677005
0.006749349
0.006735286
0.006872265
0.003637694
0.003677381
0.003647226
0.003757486
0.003656288
0.003659673
0.003758683
0.003651652
0.003723527
0.003692173
0.003747902
0.005672374
0.006702213
0.006725547
0.006826901
0.006793880
0.006925442
0.006795651
0.006735443
0.006717422
0.006730911
0.006780443
0.006741797
0.006812317
0.006825911
0.006716797
0.006896119
0.006766901
0.006686120
0.003661444
0.003754829
0.003651705
0.006764141
0.006964296
0.006820495
0.006812630
0.006741901
0.006740703
0.006750495
0.006632892
0.006698724
0.006961640
0.006687005
0.006841953
0.006788828
0.007010703
0.006747683
0.006758620
0.006713881
0.003704361
0.003700247
0.003619570
0.006810391
0.006891901
0.006784974
0.006717422
0.006848255
0.006734401
0.006717370
0.006688204
0.006868723
0.006719662
0.006661954
0.006919036
0.006738255
0.006720235
0.006862265
0.006707474
0.006811432
0.006687682
0.003645090
0.003635090
0.003731236
0.006923359
0.006756433
0.006776954
0.006924817
0.006815599
0.006730755
0.006833828
0.006841693
0.006845755
0.006831432
0.006775912
0.006730599
0.006799609
0.006736068
0.006831537
0.006754766
0.006855547
0.006736849
0.003591497
0.003683371
0.003694205
0.006729818
0.006800704
0.006794036
0.006729506
0.006745131
0.006780599
0.006711641
0.006870964
0.006668776
0.006759818
0.006719662
0.006891849
0.006751693
0.006824401
0.006827006
0.006716016
0.006830182
0.003661445
0.003663424
0.006735547
0.006684089
