0.005133737
0.005093945
0.005147174
0.005013007
0.005084258
0.005083528
0.005094674
0.005112486
0.005029518
0.005061185
0.005202643
0.005206028
0.005146913
0.005088112
0.005110247
0.005095090
0.005095924
0.005013476
0.005081237
0.005046132
0.005055299
0.005145976
0.004983007
0.004999050
0.005162956
0.005063529
0.005069882
0.005057800
0.005028007
0.005097382
0.005111601
0.005071654
0.005058320
0.005047956
0.005055716
0.005057747
0.005135768
0.005213424
0.005080976
0.005068945
0.005153737
0.005024987
0.005033268
0.005212330
0.005043164
0.005062382
0.005033112
0.004998737
0.005094518
0.005062539
0.005115351
0.005104466
0.005040300
0.005088163
0.005128893
0.005061289
0.005038112
0.004985820
0.005061862
0.005063788
0.005061132
0.005146236
0.005029726
0.005042591
0.005069049
0.005070872
0.005112278
0.005030351
0.005127434
0.005038892
0.005082278
0.005021653
0.005059361
0.005051705
0.005102279
0.005071080
0.005030403
0.005057175
0.005090819
0.005073633
0.005051705
0.005013216
0.005057330
0.005128319
0.005085247
0.005043268
0.005005977
0.005079935
0.005129518
0.005054570
0.005157434
0.005032643
0.005070976
0.005065143
0.005075299
0.005033944
0.005089518
0.005108945
0.005092903
0.005060976
0.005161288
0.005153476
0.005115195
0.005036601
0.005086966
0.005029466
0.004985195
0.005108371
0.005042955
0.005060038
0.005013789
0.005060039
0.005099726
0.005094621
0.005105976
0.005012852
0.005077799
0.005106914
0.005060299
0.005105195
0.005044674
0.005068268
0.005068007
0.005105091
0.005061601
0.005145142
0.005105715
0.005034049
0.005123944
0.005018007
0.005021341
0.005066966
0.005078580
0.005050768
0.005067851
0.004987331
0.005088008
0.005076653
0.005117435
0.005101393
0.005164465
0.005239153
0.005214622
0.005092331
0.005042278
0.005053997
0.005124778
0.005082538
0.005090038
0.005100560
0.005146705
0.005110976
0.005125038
0.005078476
0.005022539
0.005073528
0.005126236
0.005090716
0.005227017
0.005164257
0.005064413
0.005059101
0.005069257
0.005023215
0.005047851
0.005127434
0.005098528
0.005061497
0.005034569
0.005009570
0.005226340
0.005082278
0.005048216
0.005014413
0.005031914
0.005083893
0.005124100
0.005074153
0.004997539
0.005109466
0.005048840
0.005048059
0.005080663
0.005015559
0.005058320
0.005044205
0.005153996
0.005159048
0.005050611
0.005087330
0.005066966
0.005127018
0.005044882
0.005034414
0.005052903
0.005083580
0.005217799
0.005012017
0.005074778
0.005061757
0.005121236
0.005089622
0.004985352
0.005061080
0.005080976
0.005148788
0.005194257
0.004969778
0.005053268
0.005017174
0.005052330
0.005097382
0.004983320
0.005025091
0.005203996
0.005023528
0.005083788
0.004999518
0.005048997
0.005072590
0.005080559
0.005111340
0.005031809
0.005023633
0.005110143
0.005097799
0.004973267
0.005034101
0.005097799
0.005063684
0.005096497
0.004989101
0.005042486
0.005037695
0.005089621
0.005050247
0.005056965
0.005029153
0.005038007
0.005189361
0.005139986
0.005052955
0.005083580
0.005106028
0.005100715
0.005070403
0.005131132
0.005190924
0.005106445
0.005172955
0.005030820
0.005017226
0.005131652
0.005179205
0.005125090
0.005067435
0.005044206
0.005141496
0.005084726
0.005106445
0.005018632
0.005024153
0.005112278
0.005173163
0.005125298
0.005012903
0.005182173
0.005036236
0.005183996
0.005052486
0.005034309
0.005134725
0.005081757
0.005119934
0.005209933
0.005105247
0.005178840
0.005093944
0.005080819
0.005058632
0.005059934
0.005079726
0.005163632
0.005122903
0.005028476
0.005091497
0.005055351
0.005062746
0.005087642
0.005068371
0.005004309
0.005011237
0.005068164
0.005087903
0.005043424
0.005146601
0.005117018
0.005048215
0.005118059
0.005164674
0.005117174
0.005187954
0.005057955
0.005088684
0.005052121
0.005016080
0.005079569
0.005218059
0.005246132
0.005047277
0.004998945
0.005100976
0.005146965
0.005075299
0.005053892
0.005026861
0.005143111
0.005150767
0.005222174
0.005211704
0.005104777
0.005202902
0.005147486
0.005086861
0.005229570
0.005126080
0.005073736
0.005072017
0.005064361
0.004998632
0.005069934
0.005112173
0.005225195
0.005114674
0.005111445
0.005144622
0.005114569
0.005057746
0.005022330
0.005174048
0.005141913
0.005084465
0.005089569
0.005054986
0.005065767
0.005097382
0.005066184
0.005077902
0.005103788
0.005111601
0.005068893
0.005079466
0.005094362
0.005099465
0.005028580
0.005066340
0.005116184
0.005110039
0.005032434
0.005182070
0.005115559
0.005102226
0.005169726
0.005043268
0.005056236
0.005086809
0.005205871
0.005035715
0.005053163
0.005042538
0.005087538
0.005174986
0.004986028
0.005062798
0.005034205
0.005067746
0.005088059
0.005010872
0.005012330
0.005113267
0.005068996
0.005219777
0.005137329
0.005010976
0.005103371
0.005045299
0.005033944
0.005000247
0.005057330
0.005103268
0.005099986
0.005088840
0.005049257
0.005025976
0.005145142
0.005072329
0.005178580
0.005002643
0.005112018
0.005043788
0.005131131
0.005027590
0.005163945
0.005059257
0.005050819
0.005067798
0.005043997
0.005021809
0.005124882
0.005077174
0.005314048
0.005106444
0.005151080
0.005071392
0.005213527
0.005103788
0.005013059
0.005043527
0.005060871
0.005071548
0.005134830
0.005020403
0.005050923
0.005149308
0.005122538
0.005021184
0.005001132
0.005053736
0.005144205
0.005085351
0.005125090
0.005008111
0.005100038
0.005004622
0.005088945
0.005001236
0.005139829
0.005044518
0.005062278
0.005117590
0.005056652
0.005120455
0.005155714
0.005089049
0.005072954
0.005023580
0.004996184
0.005059257
0.005123215
0.005088007
0.005048216
0.005045715
0.005064309
0.005214256
0.005178840
0.005001913
0.005069153
0.005102486
0.005177330
0.005043059
0.005035455
0.005057121
0.005104726
0.005106704
0.005067955
0.005005559
0.005069569
0.005065767
0.005075767
0.005046288
0.005019465
0.005069049
0.005139413
0.005082694
0.005011809
0.005043163
0.005151757
0.005124882
0.005214153
0.005017070
0.005047643
0.005030350
0.005110819
0.005095871
0.005155558
0.005206600
0.005205090
0.005065351
0.005054986
0.005053268
0.005230715
0.005092381
0.005163944
0.005044882
0.005030663
0.005053580
0.005130559
0.005088215
0.005032590
0.005076080
0.005150975
0.005167538
0.005162746
0.005072746
0.005037799
0.005080298
0.005095871
0.005060038
0.005014413
0.005001653
0.005198059
0.005139308
0.005103215
0.005024361
0.005002017
0.005202434
0.005032174
0.005091548
0.005017174
0.005079256
0.005098163
0.005037955
0.005029673
0.005011444
0.005132954
0.005062747
0.005198579
0.005154829
0.005066392
0.005190245
0.005093007
0.005111809
0.005057643
0.005022277
0.005080663
0.005089934
0.005087902
0.005064309
0.005170663
0.005154361
0.005047799
0.005062121
0.004999518
0.005031861
0.005107954
0.005080298
0.005071027
0.005005455
0.005021861
0.005089933
0.005210090
0.005050090
0.005074204
0.005016809
0.005086757
0.005185924
0.005015194
0.005188788
0.005174360
0.005070403
0.005086965
0.005082433
0.005135767
0.005075663
0.005100559
0.005099465
0.005064309
0.005064048
0.005092694
0.005086132
0.005087382
0.005166496
0.005145662
0.005167121
0.005079308
0.005148215
0.005027226
0.005042069
0.005216444
0.005084621
0.005054986
0.005058631
0.005062903
0.005176339
0.005108788
0.005047850
0.005046548
0.005053267
0.005058475
0.005067746
0.005029986
0.005016704
0.005110350
0.005076236
0.005043944
0.005016653
0.005131027
0.005071288
0.005097850
0.005222642
0.005056392
0.005151183
0.005099882
0.005089309
0.005083059
0.005013268
0.005031183
0.005107069
0.005107955
0.005111028
0.005032955
0.005125454
0.005098579
0.005245350
0.005207433
0.005009048
0.005065090
0.005108059
0.005245350
0.005071340
0.004996392
0.005064569
0.005088787
0.005241496
0.005059100
0.005047330
0.005175297
0.005192485
0.005129673
0.005040767
0.005156808
0.005168370
0.005088475
0.005075975
0.005036809
0.005032746
0.005044100
0.005191861
0.005129412
0.005114412
0.005073892
0.005100767
0.005144569
0.005051497
0.005011288
0.005192277
0.005322329
0.005114621
0.005082381
0.005096079
0.005167954
0.005101444
0.005094621
0.005229360
0.005154100
0.005079152
0.005147589
0.005082746
0.005023059
0.005026652
0.005155194
0.005103371
0.005177954
0.005003215
0.005042590
0.005126860
0.005069153
0.005159673
0.005137381
0.005056080
0.005202694
0.005094204
0.005112069
0.005043319
0.005012850
0.005057746
0.005142694
0.005125767
0.004996809
0.005136965
0.005105975
0.005108059
0.005033892
0.005032278
0.005170818
0.005099152
0.005230818
0.005200298
0.005062173
0.005109361
0.005074673
0.005082590
0.005028788
0.005040090
0.005085402
0.005122694
0.005109256
0.005009101
0.004979361
0.005067903
0.005087954
0.005082381
0.005039725
0.005061236
0.005097434
0.005072382
0.005092955
0.005175350
0.005021131
0.005187121
0.005088319
0.005078111
0.005026809
0.005066652
0.005087850
0.005153475
0.005061080
0.005073684
0.005063997
0.005080819
0.005090142
0.005034882
0.004968006
0.005039934
0.005090454
0.005089309
0.005037798
0.005096756
0.005126860
0.005067642
0.005056860
0.005003527
0.005052277
0.005206548
0.005066444
0.005109777
0.005059413
0.005087538
0.005067434
0.005152902
0.005215141
0.005005559
0.005006757
0.005061913
0.005119569
0.005090506
0.004986080
0.005188631
0.005058736
0.005089152
0.005093110
0.005189464
0.005100818
0.005043892
0.005230402
0.005068215
0.005063371
0.005088475
0.005100766
0.005095714
0.005051808
0.005027434
0.005223215
0.005042069
0.005095194
0.005055819
0.005014725
0.005093371
0.005083059
0.005053892
0.005009100
0.005028163
0.005076496
0.005093162
0.005109777
0.005038475
0.005090246
0.005086601
0.005077173
0.005236287
0.005008111
0.005047590
0.005089725
0.005125350
0.005018736
0.005103111
0.005193215
0.005112746
0.005090090
0.005136808
0.005074516
0.005241236
0.005097850
0.005087798
0.005080298
0.005098266
0.005079986
0.005054257
0.005236183
0.005103371
0.005046236
0.005052277
0.005075975
0.005084569
0.005039100
0.005023527
0.005114517
0.005101913
0.005091652
0.005048111
0.005062538
0.005082537
0.005069204
0.005177850
0.005084152
0.005153110
0.005098787
0.005180611
0.005023788
0.005029881
0.005082068
0.005115923
0.005079569
0.005053215
0.005028110
0.005085507
0.005088840
0.005183527
0.005047746
0.005028371
0.005216547
0.005128787
0.005130454
0.005018163
0.005032538
0.005095193
0.005055871
0.005237172
0.005059048
0.005045350
0.005110558
0.005119048
0.005036808
0.005001444
0.005048058
0.005036965
0.005202173
0.005089881
0.005050611
0.005069673
0.005234516
0.005062902
0.005042954
0.005071235
0.005133371
0.005097121
0.005094464
0.005013632
0.005002017
0.005077017
0.005114465
0.005073058
0.005005558
0.005086027
0.005134777
0.005225090
0.005111756
0.005214620
0.005153214
0.005212120
0.005080611
0.005049881
0.005058162
0.005049986
0.005159672
0.005152850
0.005140610
0.005044152
0.005131235
0.005093996
0.005139621
0.005038996
0.004994257
0.005057694
0.005101913
0.005215194
0.005119151
0.005045975
0.005108579
0.005202954
0.005073006
0.005030038
0.005063736
0.005060923
0.005090246
0.005158110
0.005212901
0.005056756
0.005060141
0.005139412
0.005084257
0.005201391
0.005091027
0.005117225
0.005125663
0.005023996
0.005098527
0.005096132
0.005133579
0.005233057
0.005102850
0.005019308
0.005113892
0.005102798
0.005106391
0.005094985
0.005019048
0.005085090
0.005095246
0.005113007
0.005049360
0.005038527
0.005034777
0.005037486
0.005090402
0.005165767
0.005213162
0.005268891
0.005140714
0.005098683
0.005127902
0.005041443
0.005097485
0.005173110
0.005148006
0.005043840
0.005086495
0.005113736
0.005078006
0.005042850
0.005037590
0.005136860
0.005107537
0.005072538
0.005036027
0.005020298
0.005101027
0.005097849
0.005088163
0.005060819
0.005187849
0.005087381
0.005118944
0.005087016
0.005024465
0.005089204
0.005199776
0.005069516
0.005093162
0.004983423
0.005068475
0.005101027
0.005207173
0.005094204
0.005030715
0.005055193
0.005052433
0.005080194
0.005129516
0.005029620
0.005180923
0.005092798
0.005192641
0.005171391
0.005208995
0.005068318
0.005077017
0.005065819
0.005053527
0.005001183
0.005033110
0.005079725
0.005146756
0.005018631
0.005045923
0.005104047
0.005109256
0.005263683
0.005010142
0.004996028
0.005124048
0.005082694
0.005111548
0.004984309
0.005044777
0.005122485
0.005093422
0.005129881
0.005096392
0.005068839
