0.004967171
0.004888057
0.005067274
0.005032223
0.004931806
0.005046077
0.004910869
0.004882796
0.004899723
0.004960348
0.004939150
0.004949410
0.005045659
0.005001598
0.005000504
0.005053628
0.004933056
0.004918838
0.004989514
0.004925816
0.004946702
0.005188524
0.005082587
0.004911962
0.004897432
0.004956597
0.004945869
0.004969567
0.004941494
0.004983786
0.005005400
0.005033681
0.004888838
0.004945139
0.004913629
0.004917380
0.004946077
0.004951389
0.004960035
0.004945348
0.005007848
0.005059774
0.004943264
0.004971181
0.004992795
0.004976338
0.004924567
0.004925608
0.004971910
0.005022431
0.004967483
0.004985973
0.005012743
0.004906546
0.004974046
0.004949463
0.004976494
0.005035035
0.004911182
0.004929514
0.004899723
0.004913785
0.004976077
0.004942848
0.004976806
0.004971962
0.004887379
0.004969359
0.004926598
0.005061337
0.004927431
0.004907014
0.004948942
0.004900296
0.004934984
0.004940347
0.005023108
0.004931806
0.005097639
0.004916858
0.004999358
0.004960244
0.004938682
0.004989879
0.005054462
0.004997119
0.005124357
0.004941598
0.004935661
0.005039045
0.004932327
0.004943577
0.005051441
0.005086389
0.004947848
0.004980452
0.004932431
0.004969670
0.004947327
0.004960139
0.004989775
0.004971545
0.004968108
0.004979879
0.004940556
0.004961806
0.005025348
0.005011233
0.004940296
0.004950764
0.004951598
0.004936285
0.004957692
0.004957588
0.005068733
0.004927744
0.004957327
0.004994046
0.004941598
0.004961493
0.004985816
0.004937587
0.004911962
0.004948472
0.004958577
0.004985296
0.004974410
0.004950608
0.005048525
0.004966389
0.004967066
0.004981806
0.004962692
0.004975243
0.005103316
0.004939254
0.004934619
0.005011545
0.004963369
0.004939150
0.004944046
0.005023212
0.004952327
0.005043160
0.005011545
0.004944983
0.004973890
0.004925036
0.005032275
0.005076754
0.004954567
0.004936598
0.005087691
0.004968681
0.005131233
0.005100920
0.004915713
0.004971649
0.005038837
0.005079097
0.004938264
0.004952900
0.004981754
0.004920191
0.004956859
0.004958264
0.005054722
0.004946337
0.004945087
0.004937691
0.004948213
0.004975504
0.004983785
0.004938369
0.004935192
0.004961441
0.005044983
0.005008212
0.004943212
0.005043368
0.004978525
0.004953212
0.005007223
0.005065816
0.004925869
0.004991129
0.004916337
0.004963994
0.004985868
0.004940244
0.004961338
0.004973733
0.005125920
0.004945295
0.005026910
0.005004462
0.004968212
0.005017275
0.004933629
0.005049670
0.004950244
0.004979983
0.004981233
0.005017066
0.005021598
0.005099983
0.004903838
0.004978734
0.004982171
0.005075035
0.004945348
0.004948786
0.004943212
0.004956858
0.005100712
0.004924359
0.004978421
0.004919307
0.004933265
0.005047743
0.005075607
0.005051181
0.005021910
0.005041441
0.004924255
0.005013993
0.004946285
0.004958212
0.004950244
0.005056233
0.004964775
0.004950556
0.005016077
0.004944619
0.004974931
0.004946129
0.004934671
0.004964358
0.004988785
0.004938525
0.005057066
0.004974983
0.004964619
0.004938369
0.004952900
0.005000139
0.005044827
0.004952483
0.005081858
0.004941077
0.004916130
0.004981702
0.004955244
0.004997431
0.005091441
0.005002222
0.004948316
0.004954619
0.004976962
0.004973941
0.005118055
0.004943317
0.004999671
0.004887952
0.004994618
0.004927327
0.005070556
0.005049149
0.005005712
0.004967379
0.004961597
0.005059150
0.004950348
0.004941077
0.004965765
0.004981129
0.004952171
0.004994046
0.004993577
0.005096753
0.005011546
0.004993837
0.004955035
0.004980452
0.004953681
0.005087014
0.004968890
0.005000712
0.004960817
0.004941911
0.004982744
0.005030243
0.005006129
0.004982640
0.005064149
0.004927952
0.004958265
0.005002587
0.005047951
0.004935816
0.004902431
0.004936337
0.005050660
0.005027118
0.004986963
0.004923108
0.005195243
0.004954046
0.005028108
0.004994722
0.004981650
0.004915504
0.005019879
0.004950035
0.004968004
0.005002275
0.005072119
0.005090816
0.004998681
0.004955348
0.005048056
0.005036441
0.004968734
0.005032796
0.004902067
0.004967588
0.005055139
0.005042587
0.005018421
0.004999671
0.005062431
0.004950921
0.004958630
0.005076077
0.004911650
0.005053629
0.005030348
0.004988525
0.005088993
0.005077222
0.004968473
0.004925660
0.004948577
0.004958629
0.004990504
0.005051650
0.005055660
0.004942848
0.004938473
0.004990140
0.004932379
0.004977327
0.004919671
0.005033577
0.005044358
0.005101337
0.004938785
0.004950452
0.004996025
0.005074931
0.005112847
0.004941025
0.004919254
0.004933056
0.005028212
0.004967483
0.004946858
0.004973264
0.004954567
0.004943160
0.005116649
0.005002379
0.004988525
0.005034931
0.004999254
0.005058941
0.004944931
0.004985504
0.005009983
0.005067066
0.004924775
0.004989098
0.004981337
0.005036650
0.004952014
0.004942119
0.004954202
0.004965036
0.004932066
0.004942171
0.004946650
0.005035087
0.004901390
0.005063056
0.004967223
0.004977795
0.004961754
0.004948837
0.005042066
0.004996285
0.005043160
0.004924462
0.004973577
0.004948264
0.004906181
0.004976181
0.004952795
0.004955347
0.004977274
0.004988160
0.004951546
0.004985661
0.004975348
0.004999619
0.005023838
0.004916910
0.004938109
0.004957379
0.004966442
0.004934254
0.004933890
0.004972900
0.004949150
0.005074409
0.005049879
0.005032170
0.004944723
0.004966078
0.004932119
0.004938889
0.004949514
0.005120035
0.005017326
0.005074045
0.004931077
0.004932171
0.004974202
0.004939723
0.004954983
0.004964410
0.004942171
0.004941494
0.005006129
0.005014202
0.004969984
0.004972484
0.004945712
0.005006858
0.004942795
0.004972952
0.004939150
0.005011754
0.005039566
0.005030764
0.005046806
0.004972952
0.005093264
0.004988681
0.004949723
0.004952015
0.005016910
0.004927275
0.004964723
0.005108993
0.005073524
0.005076858
0.004943057
0.004932067
0.005037119
0.005086702
0.004946493
0.004924359
0.004975035
0.004942067
0.004951181
0.004957692
0.004937848
0.004948316
0.004983733
0.004925295
0.004962066
0.005025087
0.004935869
0.004940765
0.004984150
0.004953525
0.005038004
0.004951859
0.004985556
0.005034150
0.004966702
0.004938734
0.005068264
0.004976181
0.004978785
0.005019566
0.005016597
0.004957223
0.004938004
0.005104826
0.004992483
0.005023577
0.004964723
0.005035868
0.005001650
0.004926285
0.004934827
0.004958994
0.004939775
0.004967691
0.004991494
0.004998421
0.005028004
0.004914775
0.004962587
0.005044462
0.004962588
0.004946650
0.004955504
0.004952796
0.004992535
0.004987900
0.004902171
0.005088576
0.005064046
0.004947483
0.004920660
0.005047379
0.004998212
0.004993733
0.004938733
0.004964775
0.005089982
0.004898994
0.005026181
0.005073629
0.004963733
0.004938525
0.004994827
0.005085868
0.005095556
0.004949150
0.004947796
0.004936286
0.004922691
0.004932379
0.004974566
0.004961077
0.004947171
0.005054150
0.005063941
0.004950452
0.005084514
0.004920036
0.005039931
0.004979670
0.004921338
0.004965504
0.004952014
0.004920712
0.004945765
0.005085244
0.004948629
0.004951702
0.004975296
0.004960348
0.005044462
0.004989462
0.004982535
0.004981494
0.005064410
0.004935087
0.005071337
0.004993472
0.005054514
0.005052379
0.004957795
0.004926285
0.004936129
0.005020296
0.005031129
0.004957796
0.004983837
0.004985347
0.004935712
0.004960504
0.004938420
0.005015504
0.004977379
0.004969358
0.004989098
0.004957484
0.004985400
0.005085920
0.004943994
0.004938160
0.004966910
0.004964931
0.004955244
0.004987796
0.004914202
0.004947639
0.004941442
0.004915400
0.005008316
0.005034983
0.004928681
0.004909827
0.005002848
0.004953369
0.004974880
0.004912952
0.004974827
0.004933213
0.004964670
0.004936598
0.004984306
0.004962067
0.004951181
0.005021441
0.005109045
0.004962275
0.004917535
0.005047274
0.005014671
0.005047535
0.004972171
0.004932691
0.004962379
0.005021650
0.005117223
0.004972379
0.004891442
0.004960452
0.004949202
0.004965192
0.004980557
0.004975556
0.005008212
0.004934306
0.004935452
0.004973942
0.004992848
0.004946858
0.005001598
0.004950400
0.005046076
0.005138420
0.004998786
0.004947588
0.004974254
0.004944983
0.005130399
0.004994254
0.005095243
0.005084514
0.004957171
0.004946025
0.004942275
0.004970712
0.004963630
0.004943890
0.005018108
0.004936546
0.004950400
0.005062327
0.004882744
0.004969046
0.005126232
0.005247326
0.004937743
0.005040920
0.005068681
0.004968889
0.004980816
0.004920088
0.005028525
0.005041025
0.005088629
0.004989567
0.004966129
0.005099982
0.004937639
0.005099254
0.004960191
0.005064306
0.004964514
0.004937692
0.004982848
0.005029045
0.005136753
0.004957171
0.004950556
0.005025035
0.005049931
0.005063785
0.005058994
0.004989046
0.004959411
0.004977795
0.005079618
0.004916910
0.005025452
0.004924255
0.004927223
0.004918786
0.004993004
0.004961442
0.004952171
0.004943786
0.005049671
0.004953681
0.004960452
0.004946911
0.004928682
0.004968056
0.004962952
0.004958265
0.005055139
0.004937744
0.004928577
0.004945244
0.004980556
0.005025608
0.004975661
0.004944827
0.004972431
0.004922900
0.004961962
0.004908005
0.005055244
0.005012171
0.004965712
0.004968161
0.004996129
0.004917691
0.005077379
0.005092535
0.004923108
0.004992848
0.005023368
0.004921025
0.004976078
0.004998786
0.004952952
0.004928942
0.004936181
0.004994202
0.005057951
0.004949983
0.004974984
0.004966650
0.004938890
0.004953473
0.004955817
0.005031493
0.005093785
0.004973369
0.005046598
0.005022223
0.004964359
0.004986858
0.004990296
0.004990504
0.004940816
0.005078785
0.004939827
0.004920713
0.004974983
0.004946077
0.004940348
0.004910713
0.005069306
0.004934255
0.004931442
0.004923525
0.004941390
0.005018264
0.004961494
0.005081181
0.004971702
0.004925192
0.004934567
0.004943785
0.004961182
0.004946702
0.004961911
0.004987327
0.004976703
0.004970921
0.004965660
0.004947639
0.005033421
0.004919567
0.004983004
0.005019150
0.004937588
0.005005712
0.005092327
0.004955296
0.004963473
0.005025296
0.004948161
0.004963629
0.005054202
0.004948004
0.004936962
0.004952536
0.004940088
0.005046858
0.004982431
0.004920192
0.004951493
0.004945452
0.004974254
0.004948109
0.005027588
0.005085556
0.004960817
0.004962953
0.005037067
0.004919775
0.005063056
0.004969358
0.004958682
0.004989931
0.005012640
0.004950660
0.005017171
0.005005035
0.005049879
0.005129722
0.004964307
0.005032900
0.005047222
0.005090087
0.005058160
0.004948005
0.004985139
0.004934203
0.004984150
0.004929306
0.005036181
0.004955036
0.005063108
0.004966181
0.004985087
0.004962171
0.004986337
0.005001910
0.004974931
0.004971650
0.004954358
0.005114879
0.004928994
0.005021390
0.005042692
0.005054462
0.004989306
0.004894932
0.004995296
0.004946806
0.005079618
0.004958421
0.005058889
0.005007795
0.005031806
0.004995869
0.005092952
0.005003265
0.005078577
0.004950296
0.004978004
0.004979098
0.005006494
0.004985400
0.004980348
0.004976598
0.004933838
0.005014515
0.005080191
0.004948161
0.004950660
0.005036025
0.004966390
0.004979254
0.004927223
0.004974671
0.004964567
0.005032275
0.004964046
0.005145452
0.005033368
0.004945140
0.004959150
0.004923369
0.004954359
0.004962587
0.004955452
0.004939046
0.005063160
0.005060088
0.004941598
0.004959879
0.004948578
0.004959827
0.004975295
0.005013577
0.005052274
0.005019150
0.004979566
0.005083472
0.004960765
0.004978317
0.004944931
0.004971285
0.005061181
0.005049775
0.004960088
0.004943890
0.004932275
0.004984879
0.004955764
0.004999775
0.004916181
0.004956651
0.004923056
0.004955817
0.004975556
0.004959410
0.004948994
0.004963005
0.005010816
0.004990087
0.005048056
0.004923942
0.004917223
0.004943161
0.004958473
0.004974150
0.004936494
0.005005036
0.005008316
0.004930296
0.005104462
0.005069566
0.004948317
0.004944775
0.004962848
0.005049254
0.004961806
0.004940505
0.004963369
0.004955921
0.005073889
0.004937744
0.005012536
0.005022118
0.005007536
0.005045243
0.005074931
0.005041858
0.004945139
0.005004879
0.004956025
0.004976650
0.004968681
0.005017952
0.005058108
0.005024307
0.005079515
0.005050088
0.004948942
0.004963733
0.005159045
0.005063212
0.004975817
0.004980140
0.005049149
0.004958109
0.005052483
0.004971441
0.004983316
0.004980973
0.004957588
0.004959671
0.004958421
0.004953942
0.004938994
0.005122691
0.005097066
0.005059306
0.004974515
0.004913369
0.005005296
0.004956806
0.004997796
0.004993525
0.004962536
0.005049410
