0.004328216
0.004343008
0.004322330
0.004307799
0.004329778
0.004334987
0.004313059
0.004302383
0.004312175
0.004328372
0.004309101
0.004387122
0.004327070
0.004396445
0.004373007
0.004317174
0.004383841
0.004395456
0.004290508
0.004432590
0.004344778
0.004356080
0.004323841
0.004351445
0.004380299
0.004316601
0.004289414
0.004404465
0.004452486
0.004311914
0.004326236
0.004333216
0.004385351
0.004310299
0.004351601
0.004287591
0.004429310
0.004297539
0.004338164
0.004318945
0.004329830
0.004388424
0.004312070
0.004361341
0.004342226
0.004282539
0.004377382
0.004361913
0.004304361
0.004400872
0.004326809
0.004405403
0.004416653
0.004389361
0.004428424
0.004327174
0.004367903
0.004395194
0.004411184
0.004331133
0.004364986
0.004321028
0.004381497
0.004296133
0.004349257
0.004337486
0.004390403
0.004459830
0.004346549
0.004444413
0.004309466
0.004411652
0.004343424
0.004369674
0.004335142
0.004292852
0.004445351
0.004333892
0.004427174
0.004326497
0.004304205
0.004452955
0.004304049
0.004315976
0.004410351
0.004404830
0.004306445
0.004370091
0.004323789
0.004381080
0.004364153
0.004418268
0.004446237
0.004378944
0.004390195
0.004314726
0.004347539
0.004396706
0.004404101
0.004328736
0.004311340
0.004315976
0.004295247
0.004276341
0.004381393
0.004385247
0.004324570
0.004327904
0.004330871
0.004312956
0.004314934
0.004368632
0.004294517
0.004338008
0.004439413
0.004328476
0.004322070
0.004315715
0.004302747
0.004267383
0.004343268
0.004408997
0.004273008
0.004380508
0.004398737
0.004317486
0.004318111
0.004319102
0.004382383
0.004436965
0.004339935
0.004414570
0.004363893
0.004311497
0.004406393
0.004332018
0.004297851
0.004413112
0.004343944
0.004394674
0.004303476
0.004398163
0.004322279
0.004344153
0.004422590
0.004404830
0.004277747
0.004391237
0.004439621
0.004410715
0.004317852
0.004317799
0.004311029
0.004394205
0.004375351
0.004311601
0.004330976
0.004413893
0.004322018
0.004374570
0.004331393
0.004409049
0.004305507
0.004443476
0.004357591
0.004301184
0.004386653
0.004333580
0.004392695
0.004314101
0.004313477
0.004335612
0.004442591
0.004389570
0.004350038
0.004357070
0.004440611
0.004341288
0.004395819
0.004363736
0.004364153
0.004347330
0.004403424
0.004348164
0.004308997
0.004386809
0.004652642
0.004408007
0.004304778
0.004408684
0.004353112
0.004375039
0.004307122
0.004308997
0.004305716
0.004327435
0.004332955
0.004362174
0.004322799
0.004399414
0.004338581
0.004314570
0.004410039
0.004448268
0.004402226
0.004324309
0.004441341
0.004300872
0.004324465
0.004407069
0.004304205
0.004345715
0.004346966
0.004390247
0.004344205
0.004317278
0.004448059
0.004341705
0.004331965
0.004350715
0.004340560
0.004330507
0.004333164
0.004377695
0.004335872
0.004326549
0.004306341
0.004331705
0.004358892
0.004315560
0.004343216
0.004321184
0.004383008
0.004324986
0.004322018
0.004327643
0.004276341
0.004390976
0.004311966
0.004313060
0.004333268
0.004372798
0.004298007
0.004394414
0.004418580
0.004465715
0.004353528
0.004405872
0.004312330
0.004310611
0.004327278
0.004310091
0.004366184
0.004289883
0.004322799
0.004416705
0.004332017
0.004320299
0.004395871
0.004354153
0.004339726
0.004331653
0.004405039
0.004312851
0.004406861
0.004329882
0.004408060
0.004343164
0.004358892
0.004326497
0.004338424
0.004323476
0.004375403
0.004418163
0.004426809
0.004397226
0.004346028
0.004358319
0.004267382
0.004373528
0.004336757
0.004464414
0.004321132
0.004297903
0.004354778
0.004298581
0.004322226
0.004351601
0.004351393
0.004301758
0.004344413
0.004448683
0.004349361
0.004335559
0.004326444
0.004395767
0.004314779
0.004310716
0.004371966
0.004339726
0.004341601
0.004304830
0.004394986
0.004336445
0.004340507
0.004343476
0.004546444
0.004326028
0.004355715
0.004410351
0.004391027
0.004350507
0.004330716
0.004274882
0.004377643
0.004428215
0.004332643
0.004391340
0.004332070
0.004329778
0.004344726
0.004393632
0.004311184
0.004348788
0.004380299
0.004329674
0.004411132
0.004422694
0.004302642
0.004299154
0.004353788
0.004341966
0.004359049
0.004361548
0.004344570
0.004313424
0.004394674
0.004304413
0.004356810
0.004297487
0.004312799
0.004329882
0.004394726
0.004400819
0.004338736
0.004328528
0.004429986
0.004460403
0.004295663
0.004330091
0.004340507
0.004341653
0.004424309
0.004424465
0.004357173
0.004394205
0.004330351
0.004304309
0.004420663
0.004335872
0.004326914
0.004335559
0.004326393
0.004407851
0.004353840
0.004308840
0.004357694
0.004325351
0.004349986
0.004302747
0.004305611
0.004430663
0.004324309
0.004347122
0.004379830
0.004304830
0.004425767
0.004287226
0.004379153
0.004344361
0.004330663
0.004304986
0.004378007
0.004376965
0.004333893
0.004286861
0.004300872
0.004399621
0.004431497
0.004337330
0.004356444
0.004333059
0.004348111
0.004327383
0.004465142
0.004374517
0.004381184
0.004312226
0.004300872
0.004368007
0.004348268
0.004380402
0.004424570
0.004342069
0.004319622
0.004344361
0.004321185
0.004398945
0.004350298
0.004388580
0.004371028
0.004310403
0.004420142
0.004327278
0.004333945
0.004409674
0.004321914
0.004359309
0.004423684
0.004359518
0.004345194
0.004418163
0.004353268
0.004369986
0.004390351
0.004320351
0.004312538
0.004378059
0.004402382
0.004273997
0.004319153
0.004307487
0.004331028
0.004279726
0.004445559
0.004341549
0.004414882
0.004302018
0.004312539
0.004403789
0.004325195
0.004337069
0.004294257
0.004333945
0.004342694
0.004404049
0.004313788
0.004332955
0.004378945
0.004336184
0.004342643
0.004309049
0.004401601
0.004480507
0.004391653
0.004441028
0.004363372
0.004393163
0.004300663
0.004384570
0.004321496
0.004281653
0.004369101
0.004385090
0.004396340
0.004339570
0.004346965
0.004430247
0.004351028
0.004282851
0.004323788
0.004383007
0.004394414
0.004407643
0.004388216
0.004390455
0.004380143
0.004387747
0.004390768
0.004359413
0.004324882
0.004399986
0.004323372
0.004367434
0.004299257
0.004422278
0.004345090
0.004297694
0.004292070
0.004306080
0.004341028
0.004290767
0.004413736
0.004289622
0.004389257
0.004444101
0.004340299
0.004337278
0.004430195
0.004467903
0.004331340
0.004391809
0.004446705
0.004269153
0.004335976
0.004404518
0.004371184
0.004319570
0.004316132
0.004269414
0.004314726
0.004451028
0.004389986
0.004337695
0.004346392
0.004367069
0.004418111
0.004330507
0.004318892
0.004318424
0.004344257
0.004319101
0.004349257
0.004318736
0.004280351
0.004391496
0.004359309
0.004296341
0.004347330
0.004284883
0.004336393
0.004289726
0.004365194
0.004323580
0.004388320
0.004312591
0.004426497
0.004336080
0.004349361
0.004331810
0.004341080
0.004426809
0.004318007
0.004425142
0.004334830
0.004403059
0.004394934
0.004429569
0.004402851
0.004348476
0.004309778
0.004397070
0.004310924
0.004393684
0.004415663
0.004335924
0.004417694
0.004288268
0.004306496
0.004318789
0.004337018
0.004469205
0.004328008
0.004410038
0.004421757
0.004340299
0.004384570
0.004346028
0.004324934
0.004453841
0.004340507
0.004366600
0.004394986
0.004397851
0.004308163
0.004387799
0.004315924
0.004331757
0.004411132
0.004376705
0.004365924
0.004440142
0.004330090
0.004388319
0.004354674
0.004329309
0.004413944
0.004353059
0.004350351
0.004350299
0.004351913
0.004349777
0.004435454
0.004311497
0.004339569
0.004329518
0.004296810
0.004309934
0.004317382
0.004369310
0.004347694
0.004416756
0.004296809
0.004400403
0.004358163
0.004301653
0.004331600
0.004296965
0.004398007
0.004339257
0.004304257
0.004378528
0.004360247
0.004317330
0.004292226
0.004393372
0.004329986
0.004335142
0.004390923
0.004402330
0.004368319
0.004412277
0.004320351
0.004310664
0.004423579
0.004334830
0.004430247
0.004287538
0.004459986
0.004324830
0.004360663
0.004384413
0.004322487
0.004309309
0.004399673
0.004357434
0.004342017
0.004329934
0.004403111
0.004323215
0.004338788
0.004398892
0.004355143
0.004556600
0.004385872
0.004321757
0.004373320
0.004290143
0.004371861
0.004397121
0.004358372
0.004383007
0.004354100
0.004385663
0.004428423
0.004336340
0.004310819
0.004433319
0.004337850
0.004418006
0.004350819
0.004425715
0.004343580
0.004316236
0.004371236
0.004405298
0.004321132
0.004456861
0.004398372
0.004394465
0.004325246
0.004377070
0.004367330
0.004371757
0.004395611
0.004329257
0.004392173
0.004315820
0.004353059
0.004368527
0.004319518
0.004348007
0.004334621
0.004422903
0.004328319
0.004407486
0.004318893
0.004317590
0.004414518
0.004347070
0.004372902
0.004352694
0.004402486
0.004323736
0.004283840
0.004325298
0.004310559
0.004346341
0.004421392
0.004353528
0.004321393
0.004424518
0.004358059
0.004350299
0.004309570
0.004369361
0.004331705
0.004409882
0.004320455
0.004372590
0.004336393
0.004413528
0.004430559
0.004343996
0.004407903
0.004329361
0.004334100
0.004409049
0.004298216
0.004355090
0.004346236
0.004416653
0.004369361
0.004571860
0.004370819
0.004314466
0.004295403
0.004400923
0.004291132
0.004414830
0.004331132
0.004371809
0.004351184
0.004289153
0.004397330
0.004299986
0.004376497
0.004325819
0.004392173
0.004397798
0.004319830
0.004388528
0.004299310
0.004359570
0.004393788
0.004318736
0.004434361
0.004338632
0.004335298
0.004359621
0.004327382
0.004307486
0.004371913
0.004374986
0.004406757
0.004321601
0.004294517
0.004337017
0.004395611
0.004396079
0.004332121
0.004413372
0.004326184
0.004393110
0.004348267
0.004378006
0.004458527
0.004420715
0.004359986
0.004348944
0.004368163
0.004438944
0.004323268
0.004325715
0.004266965
0.004412590
0.004362590
0.004392277
0.004341601
0.004413735
0.004334413
0.004347433
0.004385038
0.004347070
0.004376131
0.004385872
0.004330663
0.004331757
0.004322747
0.004405038
0.004427225
0.004328944
0.004385090
0.004334257
0.004439465
0.004342382
0.004358059
0.004477069
0.004312174
0.004336132
0.004446287
0.004333476
0.004388371
0.004345923
0.004349152
0.004403684
0.004381913
0.004319361
0.004357538
0.004362382
0.004355976
0.004379569
0.004357955
0.004262590
0.004387173
0.004313736
0.004291496
0.004333007
0.004331341
0.004333632
0.004444674
0.004344309
0.004345506
0.004304986
0.004341028
0.004334777
0.004320455
0.004383632
0.004445298
0.004343945
0.004310872
0.004288111
0.004341861
0.004325924
0.004310611
0.004286705
0.004376601
0.004387382
0.004445402
0.004320194
0.004409881
0.004332851
0.004338215
0.004416288
0.004324517
0.004387121
0.004411965
0.004314778
0.004396079
0.004324725
0.004413683
0.004356080
0.004350976
0.004391861
0.004328892
0.004368945
0.004442746
0.004401861
0.004345455
0.004351496
0.004417225
0.004313632
0.004355403
0.004305298
0.004362642
0.004384829
0.004420663
0.004405611
0.004360872
0.004310767
0.004354309
0.004262539
0.004339569
0.004382017
0.004359465
0.004353683
0.004413371
0.004408475
0.004345091
0.004303215
0.004376445
0.004394101
0.004408632
0.004385872
0.004392485
0.004309153
0.004329413
0.004317122
0.004340819
0.004325454
0.004391600
0.004298059
0.004407174
0.004329830
0.004299466
0.004294830
0.004304778
0.004326340
0.004415038
0.004328007
0.004301236
0.004303475
0.004303632
0.004326809
0.004428736
0.004349934
0.004337434
0.004340976
0.004392382
0.004349465
0.004385298
0.004399621
0.004375455
0.004403058
0.004327590
0.004347330
0.004433319
0.004340143
0.004342954
0.004308215
0.004341809
0.004335975
0.004346444
0.004391027
0.004325767
0.004433840
0.004302434
0.004290820
0.004426652
0.004330507
0.004330611
0.004309725
0.004427955
0.004323059
0.004286237
0.004399361
0.004329830
0.004315507
0.004327329
0.004315247
0.004401079
0.004415194
0.004314153
0.004398735
0.004361236
0.004395767
0.004384622
0.004403840
0.004320819
0.004353997
0.004301809
0.004370090
0.004379934
0.004321444
0.004361757
0.004434986
0.004323423
0.004411132
0.004350299
0.004341809
0.004334153
0.004290090
0.004344100
0.004310507
0.004362850
0.004333371
0.004351444
0.004341601
0.004380298
0.004327329
0.004409569
0.004330038
0.004340090
0.004344569
0.004395403
0.004311027
0.004389933
0.004427486
0.004371496
0.004338007
0.004417954
0.004335402
0.004364778
0.004334361
0.004335611
0.004367225
0.004273060
0.004474100
0.004299205
0.004326653
0.004373788
0.004313059
0.004354465
0.004328580
0.004309257
0.004424413
0.004341028
0.004377538
0.004380819
0.004341497
