0.010395541
0.007380081
0.007387841
0.007365133
0.007394977
0.007253520
0.007387425
0.007373467
0.007305290
0.007334665
0.007353466
0.007322894
0.007316383
0.007362217
0.007435810
0.007368102
0.007399664
0.007283467
0.007369040
0.007470341
0.007580133
0.007322373
0.007391384
0.007255394
0.007225134
0.007399665
0.007637060
0.007255134
0.007349456
0.007265237
0.007241644
0.007262842
0.007457894
0.007217009
0.007446018
0.007313206
0.007254665
0.007464508
0.007365394
0.007345811
0.007347581
0.007272946
0.007239821
0.007370551
0.007368102
0.007337947
0.007310186
0.007298987
0.007238832
0.007373363
0.007341436
0.007333206
0.007418206
0.007293258
0.007187634
0.007340862
0.007355654
0.007352946
0.007445186
0.007305967
0.007295185
0.007452477
0.007372269
0.007359509
0.007321072
0.007313363
0.007338155
0.007382998
0.007377738
0.007311904
0.007405810
0.007329717
0.007310863
0.007260811
0.007387321
0.007405602
0.007402321
0.007270654
0.007335133
0.007406852
0.007167373
0.007328831
0.007245342
0.007302374
0.007210238
0.007243050
0.007464820
0.007378154
0.007315915
0.007268311
0.007305082
0.007387009
0.007381643
0.007449196
0.007367008
0.007259040
0.007533935
0.007273415
0.007261853
0.007430863
0.007252999
0.007269873
0.007327009
0.007335706
0.007381175
0.007397738
0.007348362
0.007275967
0.007300394
0.007329977
0.007414613
0.007200082
0.007535862
0.007296176
0.007390758
0.007478050
0.007443831
0.007382634
0.007465602
0.007303050
0.007769299
0.007418883
0.007308728
0.007404456
0.007336488
0.007264874
0.007380654
0.007285395
0.007246332
0.007419144
0.007374873
0.007260134
0.007295342
0.007480289
0.007497008
0.007353155
0.007324509
0.007300706
0.007273676
0.007396852
0.007344456
0.007343414
0.007523414
0.007324300
0.007371748
0.007446800
0.007276697
0.007473831
0.007395551
0.007323363
0.007340655
0.007402216
0.007364821
0.007309040
0.007402738
0.007275029
0.007307790
0.007307633
0.007266280
0.007445810
0.007447790
0.007307270
0.007336644
0.007525498
0.007390811
0.007396904
0.007460030
0.007294197
0.007403727
0.007364769
0.007338884
0.007344613
0.007393779
0.007280967
0.007373675
0.007416123
0.007342634
0.007339405
0.007403519
0.007310759
0.007452841
0.007401384
0.007322061
0.007330655
0.007366644
0.007288728
0.007317061
0.007418780
0.007398207
0.007308259
0.007487478
0.007371175
0.007385030
0.007535602
0.007373259
0.007379040
0.007293155
0.007280186
0.007331748
0.007356905
0.007322061
0.007461592
0.007276228
0.007292113
0.007431592
0.007403675
0.007400186
0.007286384
0.007417894
0.007270603
0.007357843
0.007486019
0.007462165
0.007409040
0.007297322
0.007303780
0.007411332
0.007564039
0.007260082
0.007327738
0.007337165
0.007273571
0.007252530
0.007490863
0.007457633
0.007332113
0.007359769
0.007307477
0.007426853
0.007430550
0.007418728
0.007460498
0.007320863
0.007296905
0.007371436
0.007403884
0.007344874
0.007260134
0.007240187
0.007270967
0.007367426
0.007316280
0.007476279
0.007362998
0.007328883
0.007381175
0.007286020
0.007340446
0.007356123
0.007357322
0.007301593
0.007301957
0.007198832
0.007252061
0.007370447
0.007415706
0.007382634
0.007293155
0.007406801
0.007235915
0.007420342
0.007329770
0.007439665
0.007289613
0.007280030
0.007415759
0.007299300
0.007371228
0.007332061
0.007319197
0.007290290
0.007454144
0.007509196
0.007473102
0.007264457
0.007297634
0.007431436
0.007433519
0.007483519
0.007321124
0.007374665
0.007267217
0.007332842
0.007392686
0.007392426
0.007278520
0.007327321
0.007286176
0.007507946
0.007311801
0.007332009
0.007354873
0.007451644
0.007325447
0.007307999
0.007363832
0.007289614
0.007291957
0.007221436
0.007300655
0.007346384
0.007430290
0.007428936
0.007285863
0.007331019
0.007292374
0.007254561
0.007233311
0.007214249
0.007544665
0.007360759
0.007298676
0.007249613
0.007428935
0.007185030
0.007301593
0.007394873
0.007314561
0.007432582
0.007392581
0.007315603
0.007283468
0.007383779
0.007288936
0.007391123
0.007209770
0.007369769
0.007363155
0.007362321
0.007277790
0.007345395
0.007301228
0.007257686
0.007390342
0.007351332
0.007296175
0.007443415
0.007385863
0.007391801
0.007340498
0.007336593
0.007260395
0.007318520
0.007398936
0.007382790
0.007195395
0.007324249
0.007282478
0.007318832
0.007303415
0.007285290
0.007332374
0.007433207
0.007287270
0.007263572
0.007215812
0.007390967
0.007285915
0.007383884
0.007312894
0.007350864
0.007368624
0.007484977
0.007232062
0.007383154
0.007296592
0.007201749
0.007500862
0.007461175
0.007384196
0.007345915
0.007258832
0.007436280
0.007458779
0.007396488
0.007398571
0.007370706
0.007334561
0.007324718
0.007480186
0.007364404
0.007390707
0.007286957
0.007305134
0.007419144
0.007346071
0.007407321
0.007393259
0.007432790
0.007311541
0.007437165
0.007378259
0.007349248
0.007225812
0.007245290
0.007291228
0.007250030
0.007382061
0.007444457
0.007315291
0.007313051
0.007263207
0.007333312
0.007342947
0.007348676
0.007366175
0.007274353
0.007275290
0.007404144
0.007268988
0.007388415
0.007318207
0.007233832
0.007283259
0.007341905
0.007377478
0.007269144
0.007310967
0.007242999
0.007268832
0.007332842
0.007400082
0.007245395
0.007422270
0.007339665
0.007286801
0.007383884
0.007279353
0.007267321
0.007471176
0.007353936
0.007297478
0.007353571
0.007302218
0.007397530
0.007365967
0.007400707
0.007221801
0.007207895
0.007288780
0.007337686
0.007339145
0.007294666
0.007275811
0.007425030
0.007384821
0.007625758
0.007430499
0.007254874
0.007251957
0.007290395
0.007339301
0.007236176
0.007276540
0.007190395
0.007312582
0.007318832
0.007342946
0.007240186
0.007512738
0.007439352
0.007286020
0.007298884
0.007421020
0.007253103
0.007363155
0.007245603
0.007278936
0.007389665
0.007367426
0.007324665
0.007436905
0.007313468
0.007291332
0.007378051
0.007349093
0.007457842
0.007267010
0.007269093
0.007281488
0.007407269
0.007291436
0.007530342
0.007456905
0.007412426
0.007330134
0.007418727
0.007550863
0.007446123
0.007248885
0.007356436
0.007294144
0.007701435
0.007337009
0.007406124
0.007309249
0.007312843
0.007333156
0.007235082
0.007257531
0.007184509
0.007211176
0.007330968
0.007290759
0.007476853
0.007250082
0.007345186
0.007283884
0.007447113
0.007321749
0.007281436
0.007488363
0.007326593
0.007429404
0.007374822
0.007222999
0.007216280
0.007311489
0.007285499
0.007506019
0.007330290
0.007302114
0.007395603
0.007322165
0.007380134
0.007222061
0.007318520
0.007295135
0.007273936
0.007464665
0.007223625
0.007320134
0.007261020
0.007319249
0.007350499
0.007263780
0.007318728
0.007310447
0.007364666
0.007276593
0.007378051
0.007333936
0.007331280
0.007551488
0.007315031
0.007260447
0.007307009
0.007448311
0.007309457
0.007265187
0.007480186
0.007307009
0.007415915
0.007438259
0.007376071
0.007415707
0.007393050
0.007296124
0.007313259
0.007327166
0.007533988
0.007485030
0.007374248
0.007312478
0.007303467
0.007428415
0.007405603
0.007381540
0.007302738
0.007295187
0.007367686
0.007380187
0.007343780
0.007376488
0.007358155
0.007272895
0.007269822
0.007325760
0.007471123
0.007438624
0.007396644
0.007252218
0.007387530
0.007317843
0.007538103
0.007380864
0.007317270
0.007270395
0.007176489
0.007340967
0.007316801
0.007499404
0.007302062
0.007275759
0.007454613
0.007390551
0.007308259
0.007347634
0.007350759
0.007309145
0.007295187
0.007363259
0.007445967
0.007322738
0.007550551
0.007328051
0.007460759
0.007354041
0.007494041
0.007351072
0.007386801
0.007256176
0.007972997
0.007262530
0.007279978
0.007308312
0.007328884
0.007251645
0.007467895
0.007399926
0.007262999
0.007265864
0.007334510
0.007303155
0.007288937
0.007210343
0.007273676
0.007305968
0.007358833
0.007301176
0.007349144
0.007314665
0.007331489
0.007426905
0.007374822
0.007282894
0.007502790
0.007279770
0.007334926
0.007356905
0.007311332
0.007342687
0.007357583
0.007269457
0.007433259
0.007447894
0.007311280
0.007257426
0.007417165
0.007356072
0.007477946
0.007379457
0.007429665
0.007305134
0.007324354
0.007390082
0.007405134
0.007777112
0.007368885
0.007293156
0.007398832
0.007321853
0.007401124
0.007310238
0.007473728
0.007290603
0.007300603
0.007318467
0.007393832
0.007427634
0.007317165
0.007266124
0.007279353
0.007456697
0.007390030
0.007328780
0.007286228
0.007270031
0.007478207
0.007214145
0.007341124
0.007453832
0.007399926
0.007295291
0.007315031
0.007452842
0.007280395
0.007313156
0.007336176
0.007298936
0.007382686
0.007331229
0.007439666
0.007558832
0.007363676
0.007274405
0.007291124
0.007326906
0.007290759
0.007297113
0.007411644
0.007359874
0.007400603
0.007373572
0.007373155
0.007418988
0.007434978
0.007266489
0.007390447
0.007301593
0.007345499
0.007228156
0.007392218
0.007296853
0.007408884
0.007347322
0.007383676
0.007268364
0.007246750
0.007309405
0.007383260
0.007347947
0.007265291
0.007315499
0.007499352
0.007281593
0.007301020
0.007440291
0.007276645
0.007338572
0.007235291
0.007334614
0.007338312
0.007373416
0.007287166
0.007228312
0.007199770
0.007253885
0.007453050
0.007433155
0.007343416
0.007257843
0.007269041
0.007385812
0.007396749
0.007320551
0.007383260
0.007402634
0.007340447
0.007300916
0.007327009
0.007443416
0.007397791
0.007362478
0.007454873
0.007304041
0.007399145
0.007252270
0.007274457
0.007460915
0.007394041
0.007268937
0.007432634
0.007303364
0.007426124
0.007417321
0.007333832
0.007287114
0.007351697
0.007371749
0.007327947
0.007430551
0.007450238
0.007314197
0.007398155
0.007283156
0.007363520
0.007333260
0.007296176
0.007292947
0.007388363
0.007426749
0.007373468
0.007456280
0.007470863
0.007298312
0.007342843
0.007434770
0.007336072
0.007401072
0.007660707
0.007280187
0.007430238
0.007190343
0.007227791
0.007362478
0.007328259
0.007279874
0.007401541
0.007248572
0.007442478
0.007300083
0.007452635
0.007301384
0.007232947
0.007507061
0.007330499
0.007314145
0.007401906
0.007275135
0.007333832
0.007282010
0.007421020
0.007372166
0.007493989
0.007274146
0.007425655
0.007371384
0.007358312
0.007361749
0.007323051
0.007273520
0.007294458
0.007441019
0.007450238
0.007269093
0.007292791
0.007315187
0.007431645
0.007437426
0.007238729
0.007388051
0.007360603
0.007426176
0.007365134
0.007326124
0.007324510
0.007356801
0.007397791
0.007265396
0.007482322
0.007368312
0.007251750
0.007310447
0.007442738
0.007276281
0.007304041
0.007451958
0.007304249
0.007340707
0.007519613
0.007270656
0.007395499
0.007448780
0.007280500
0.007272530
0.007255343
0.007300499
0.007333207
0.007345551
0.007417270
0.007488833
0.007331437
0.007264405
0.007465551
0.007247114
0.007370082
0.007430239
0.007415447
0.007418780
0.007241958
0.007216854
0.007328989
0.007380968
0.007366072
0.007306541
0.007325343
0.007320603
0.007363363
0.007356906
0.007645498
0.007280968
0.007389509
0.007350655
0.007371957
0.007378312
0.007381645
0.007389093
0.007347270
0.007327739
0.007372166
0.007307114
0.007389041
0.007270447
0.007385082
0.007257479
0.007512270
0.007440812
0.007455395
0.007317634
0.007219875
0.007370082
0.007341593
0.007334666
0.007347218
0.007310134
0.007467686
0.007262062
0.007396905
0.007373885
0.007301072
0.007288937
0.007241958
0.007369822
0.007365239
0.007285551
0.007428832
0.007302166
0.007207270
0.007433416
0.007289874
0.007387427
0.007345812
0.007326645
0.007358103
0.007382895
0.007326541
0.007289770
0.007319978
0.007462738
0.007331905
0.007379926
0.007488051
0.007321905
0.007320656
0.007285447
0.007379145
0.007335499
0.007411229
0.007357374
0.007410552
0.007281750
0.007352009
0.007335239
0.007335083
0.007362322
0.007340916
0.007294771
0.007444145
0.007372843
0.007333000
0.007287166
0.007339562
0.007282010
0.007226750
0.007327583
0.007365134
0.007309458
0.007506957
0.007304614
0.007251385
0.007216124
0.007683154
0.007456332
0.007246489
0.007262219
0.007374666
0.007405812
0.007376332
0.007412583
0.007334822
0.007297791
0.007275916
0.007494822
0.007361436
0.007380082
0.007399406
0.007234510
0.007481957
0.007507374
0.007385031
0.007331021
0.007316489
0.007341020
0.007353989
0.007314301
0.007206437
0.007396489
0.007313833
0.007311750
0.007485655
0.007365864
0.007300864
0.007414041
0.007293468
0.007273780
0.007242010
0.007409926
0.007386854
0.007260864
