0.006663881
0.006575392
0.006725183
0.006780600
0.006654089
0.006687319
0.005055502
0.006622214
0.006868881
0.006605339
0.006679037
0.006628308
0.006759870
0.006789350
0.006859141
0.006616589
0.006736381
0.006696589
0.006890390
0.006592267
0.006693152
0.006681069
0.006609350
0.006784871
0.006673048
0.006740704
0.006673569
0.006677371
0.006877474
0.006704194
0.006699454
0.006801901
0.006660235
0.006789714
0.006705496
0.006769558
0.006665184
0.006777058
0.006751224
0.006715131
0.006752267
0.006697162
0.006922057
0.006692683
0.006809037
0.006729714
0.006848932
0.006729819
0.006646277
0.006760235
0.006715965
0.006649610
0.006800339
0.006848099
0.006672214
0.006771589
0.006770651
0.006651590
0.006691276
0.006717787
0.006852475
0.006666746
0.006629819
0.006752266
0.006775235
0.006686329
0.006809870
0.006676068
0.006734818
0.006635392
0.006610131
0.006724870
0.006751485
0.006636277
0.006710652
0.006615653
0.006736746
0.006639610
0.006652632
0.006623725
0.006690496
0.006648204
0.006689245
0.006723985
0.006651642
0.006740287
0.006651329
0.006664350
0.006733881
0.006648465
0.006726537
0.006779037
0.006903203
0.006776902
0.006775392
0.006782006
0.006640964
0.006779818
0.006806225
0.006648569
0.006735652
0.006787787
0.006641173
0.006833204
0.006654611
0.006646330
0.006672839
0.006731954
0.006780026
0.006797630
0.006665599
0.006599194
0.006778933
0.006751485
0.006735026
0.006750860
0.006691954
0.006766381
0.006745704
0.006679037
0.006681641
0.006749089
0.006700183
0.006700548
0.006719871
0.006715131
0.006619506
0.006790183
0.006660548
0.006730548
0.006765860
0.006622944
0.006807110
0.006601694
0.006641694
0.006647632
0.006854245
0.006821068
0.006775234
0.006733256
0.006654141
0.006833672
0.006648100
0.006722579
0.006750600
0.006723829
0.006685808
0.006596433
0.006881849
0.006740652
0.006792631
0.006711225
0.006661798
0.006855079
0.006589090
0.006707423
0.006707735
0.006860495
0.006678100
0.006701381
0.006732423
0.006778048
0.006627423
0.006618413
0.006863255
0.006630913
0.006825391
0.006665600
0.006719454
0.006610704
0.006789297
0.006823464
0.006595861
0.006802474
0.006795183
0.006712371
0.006603881
0.002975666
0.006824089
0.006638465
0.006638881
0.006637788
0.006802005
0.006672319
0.006737110
0.006782892
0.006746173
0.006716069
0.006853464
0.006654246
0.006635392
0.006628464
0.006673465
0.006814194
0.006786693
0.006901276
0.006647839
0.006719558
0.006783308
0.006695079
0.006649298
0.006674350
0.006672267
0.006634038
0.006784193
0.006651798
0.006719506
0.006901537
0.006686173
0.006809610
0.006829558
0.006664246
0.006754975
0.006809454
0.006656225
0.006745079
0.006714558
0.006827631
0.006760287
0.006622476
0.006643778
0.006694714
0.006815339
0.006733933
0.006835026
0.006826954
0.006682215
0.006649610
0.006739819
0.006768725
0.006623986
0.006732371
0.006660600
0.006710860
0.006616121
0.006631746
0.006727006
0.006739193
0.006658413
0.006752267
0.006612683
0.006722996
0.006649246
0.006640652
0.006680548
0.006712526
0.006651173
0.006792475
0.006678309
0.006631329
0.006695080
0.006748256
0.006724974
0.006797734
0.006631486
0.006736589
0.006670756
0.006693204
0.006655340
0.006805496
0.006884922
0.006673412
0.006726121
0.006658621
0.006824089
0.006660600
0.006720913
0.006616694
0.006650652
0.006633725
0.006761224
0.006635340
0.006727318
0.006663464
0.006759037
0.006715079
0.006671798
0.006907526
0.006768880
0.006677944
0.006773568
0.006726173
0.006684715
0.006745496
0.006871120
0.006750912
0.006722319
0.006680912
0.006623725
0.006663048
0.006644558
0.006769037
0.006714350
0.006694923
0.006701017
0.006575600
0.006770652
0.006620288
0.006691746
0.006895860
0.006757735
0.006615391
0.006656746
0.006674402
0.006762996
0.006692475
0.006805860
0.006651798
0.006795599
0.006612319
0.006795704
0.006773412
0.006665079
0.006752527
0.006614975
0.006760443
0.006762162
0.006761902
0.006709766
0.006779454
0.006827110
0.006849349
0.006739923
0.006621277
0.006688256
0.006678361
0.006737058
0.006770287
0.006646329
0.006648360
0.006667527
0.006642892
0.006589559
0.006586381
0.006683881
0.006959453
0.006626590
0.006772370
0.006727266
0.006580028
0.006604038
0.006803620
0.006638829
0.006664298
0.006671329
0.006777527
0.006664923
0.006759349
0.006660965
0.006741433
0.006800912
0.006765495
0.006665236
0.006812943
0.006916641
0.006617475
0.006706381
0.006698099
0.006852682
0.006581746
0.006663621
0.006783517
0.006674871
0.006752788
0.006733621
0.006653881
0.006802266
0.006610704
0.006682006
0.006697110
0.006731485
0.006738725
0.006658620
0.006756642
0.006673048
0.006702215
0.006738776
0.006617736
0.006655548
0.006775547
0.006702214
0.006706016
0.006612528
0.006871537
0.006688725
0.006651641
0.006709662
0.006735339
0.006777579
0.006758308
0.006671954
0.006714715
0.006712006
0.006735339
0.006947213
0.006593413
0.006786433
0.006670912
0.006743152
0.006738829
0.006780183
0.006786849
0.006839975
0.006722266
0.006681225
0.006802578
0.006612423
0.006628569
0.006691642
0.006600548
0.006697787
0.006744662
0.006842319
0.006677214
0.006635236
0.006734142
0.006732319
0.006866329
0.006657683
0.006708256
0.006689402
0.006629663
0.006696746
0.006741902
0.006812058
0.006677058
0.006594194
0.006760287
0.006673777
0.006940339
0.006726017
0.006826329
0.006600548
0.006704819
0.006803985
0.006698882
0.006721277
0.006645131
0.006692423
0.006846798
0.006773829
0.006659089
0.006766069
0.006645653
0.006666486
0.006711381
0.006694194
0.006679610
0.006757683
0.006813412
0.006625496
0.006725704
0.006761589
0.006649715
0.006773047
0.006641485
0.006726329
0.006795912
0.006782787
0.006656381
0.006863881
0.006625757
0.006730079
0.006795547
0.006806485
0.006722371
0.006695392
0.006782527
0.006754610
0.006651381
0.006785287
0.006637736
0.006619246
0.006780912
0.006734662
0.006886901
0.006783933
0.006671486
0.006675183
0.006657631
0.006780287
0.006608725
0.006614715
0.006660496
0.006623569
0.006851328
0.006682319
0.006804454
0.006667163
0.006630392
0.006801173
0.006611954
0.006816693
0.006606069
0.006634871
0.006848933
0.006676381
0.006754453
0.006731120
0.006844089
0.006632318
0.006687214
0.006815183
0.006668465
0.006812891
0.006663621
0.006633725
0.006683257
0.006626746
0.006764870
0.006628048
0.006673360
0.006871381
0.006750339
0.006674662
0.006761745
0.006629506
0.006681329
0.006758568
0.006715756
0.006631017
0.006697579
0.006833516
0.006796068
0.006800600
0.006649558
0.006693725
0.006864245
0.006744245
0.006742996
0.006597371
0.006795600
0.006714767
0.006684350
0.006731902
0.006600757
0.006737214
0.006863881
0.006793151
0.006713725
0.006827474
0.006625652
0.006717475
0.006612006
0.006664089
0.006710652
0.006882943
0.006642580
0.006689142
0.006695287
0.006688152
0.006665184
0.006715391
0.006613569
0.006670392
0.006642944
0.006666278
0.006739975
0.006609611
0.006621121
0.006630340
0.006830391
0.006898203
0.006699090
0.006624871
0.006638204
0.006831693
0.006885339
0.006641694
0.006786172
0.006662839
0.006679506
0.006789663
0.006807474
0.006649246
0.006673413
0.006772631
0.006678204
0.006806589
0.006658256
0.006709193
0.006711381
0.006616850
0.006763361
0.006785964
0.006830599
0.006654402
0.006816641
0.006689350
0.006892734
0.006689610
0.006666329
0.006811120
0.006604559
0.006757839
0.006744402
0.006627996
0.006786120
0.006672736
0.006718204
0.006792995
0.006704662
0.006681330
0.006773152
0.006671382
0.006635809
0.006814558
0.006772266
0.006715808
0.006818828
0.006669559
0.006798725
0.006724923
0.006782110
0.006621538
0.006668881
0.006653777
0.006855079
0.006776485
0.006843412
0.006632579
0.006620757
0.006885964
0.006738308
0.006630288
0.006724089
0.006904922
0.006785756
0.006670288
0.006791953
0.006648725
0.006830912
0.006796329
0.006795287
0.006707839
0.006758516
0.006653986
0.006779871
0.006600288
0.006642684
0.006667319
0.006726277
0.006748621
0.006788881
0.006797943
0.006620392
0.006684089
0.006643986
0.006789662
0.006654507
0.006857579
0.006616955
0.006684298
0.006656538
0.006666277
0.006625080
0.006659819
0.006686121
0.006668517
0.006841172
0.006701954
0.006854245
0.006869974
0.006599767
0.006724297
0.006660809
0.006768517
0.006620861
0.006616850
0.006758933
0.006695496
0.006655079
0.006805495
0.006782839
0.006632684
0.006744454
0.006759246
0.006656121
0.006888828
0.006759090
0.006617267
0.006638205
0.006648204
0.006629923
0.006594820
0.006776016
0.006620027
0.006622944
0.006737214
0.006774975
0.006611174
0.006704038
0.006662891
0.006730443
0.006643048
0.006682579
0.006774558
0.006641121
0.006806329
0.006750392
0.006741485
0.006641589
0.006670652
0.006623830
0.006837631
0.006691173
0.006624090
0.006688517
0.006644402
0.006751693
0.006777996
0.006693308
0.006701173
0.006841537
0.006628673
0.006665235
0.006798985
0.006721589
0.006766121
0.006755704
0.006672423
0.006765756
0.006790860
0.006786902
0.006760704
0.006649090
0.006749662
0.006769715
0.006705704
0.006817839
0.006691642
0.006613152
0.006593204
0.006719245
0.006653934
0.006751433
0.006635861
0.006784766
0.006741121
0.006858932
0.006619298
0.006747267
0.006628934
0.006816329
0.006789090
0.006812630
0.006668725
0.006750756
0.006749767
0.006651850
0.006618101
0.006644767
0.006741954
0.006712840
0.006645705
0.006623829
0.006739870
0.006771537
0.006656955
0.006745183
0.006722996
0.006671173
0.006691903
0.006652788
0.006759246
0.006662527
0.006700913
0.006835443
0.006725443
0.006797318
0.006856850
0.006625757
0.006675444
0.006687163
0.006664871
0.006714715
0.006773985
0.006810443
0.006682527
0.006717839
0.006775391
0.006739246
0.006785079
0.006794402
0.006726746
0.006635079
0.006622944
0.006745392
0.006694037
0.006675496
0.006623569
0.006665340
0.006695860
0.006642267
0.006632059
0.006815183
0.006609194
0.006650444
0.006782006
0.006729610
0.006643204
0.006905859
0.006658465
0.006678465
0.006630809
0.006725548
0.006755808
0.006637528
0.006688152
0.006666434
0.006778881
0.006825444
0.006743152
0.006653308
0.006675860
0.006658412
0.006626225
0.006712006
0.006619767
0.006591017
0.006764090
0.006689819
0.006737163
0.006624871
0.006678985
0.006731016
0.006606225
0.006708464
0.006715964
0.006808256
0.006695861
0.006644558
0.006727370
0.006669194
0.006740756
0.006791486
0.006681798
0.006736746
0.006705339
0.006647579
0.006583256
0.006713517
0.006636538
0.006722266
0.006658673
0.006820183
0.006798048
0.006655965
0.006695965
0.006872058
0.006632371
0.006698621
0.006735912
0.006595652
0.006638204
0.006687527
0.006604298
0.006700340
0.006801694
0.006610392
0.006832266
0.006787735
0.006708829
0.006661329
0.006734089
0.006631590
0.006640391
0.006710913
0.006639715
0.006638100
0.006735443
0.006732787
0.006767475
0.006696486
0.006656277
0.006671538
0.006631433
0.006848464
0.006613048
0.006733100
0.006683153
0.006746069
0.006796276
0.006672580
0.006643829
0.006693516
0.006724246
0.006723256
0.006804193
0.006626954
0.006634871
0.006684455
0.006731173
0.006659246
0.006791016
0.006745704
0.006722319
0.006776433
0.006613204
0.006675652
0.006710808
0.006773933
0.006781225
0.006660600
0.006653674
0.006658205
0.006764923
0.006723048
0.006576434
0.006761329
0.006690913
0.006573933
0.006703465
0.006779870
0.006785548
0.006821850
0.006699871
0.006681954
0.006672631
0.006599507
0.006808986
0.006657892
0.006802110
0.006696173
0.006662215
0.006721382
0.006817527
0.006659298
0.006752058
0.006649507
0.006694037
0.006665340
0.006740079
0.006887579
0.006764506
0.006847787
0.006696746
0.006745808
0.006760808
0.006823672
0.006655132
0.006584403
0.006724037
0.006790443
0.006713725
0.006794662
0.006811694
0.006650704
0.006853516
0.006599142
0.006736902
0.006630080
0.006802058
0.006699715
0.006703309
0.006723777
0.006690079
0.006699298
0.006819038
0.006662319
0.006870547
0.006665965
0.006852735
0.006628048
0.006613934
0.006730913
0.006827475
0.006814037
0.006642787
0.006707267
0.006624819
0.006873881
0.006674402
0.006641225
0.006720079
0.006771433
0.006778360
0.006755808
0.006883412
0.006670496
0.006726902
0.006595288
0.006772162
0.006832266
0.006649454
0.006834922
0.006706173
0.006775496
0.006652319
0.006832892
0.006724506
0.006879922
0.006837735
0.006601173
0.006675809
0.006711225
0.006753204
0.006686851
0.006752110
0.006710287
