0.006984085
0.007005803
0.007043199
0.007077574
0.007135698
0.006988199
0.007067053
0.006968824
0.007061949
0.006964085
0.007177156
0.007158042
0.006950126
0.006960595
0.006993928
0.007085022
0.007014345
0.007075021
0.007123250
0.006967886
0.006953564
0.006983929
0.007015698
0.006952418
0.006970594
0.006950387
0.007064032
0.006933095
0.007066636
0.007041688
0.007064605
0.006952001
0.007059657
0.007050751
0.007038251
0.006947209
0.007059761
0.006958199
0.006953147
0.007070021
0.007113563
0.007161115
0.007044553
0.006964814
0.006990543
0.007116010
0.006942939
0.007183406
0.007097939
0.006982001
0.007179084
0.006936481
0.007014449
0.007058146
0.007148563
0.006970908
0.007068199
0.007032626
0.007190907
0.007011115
0.007035178
0.006964084
0.007014918
0.007068146
0.006994032
0.007017366
0.007057522
0.006990179
0.007060960
0.007171219
0.007145698
0.006948772
0.006933459
0.006952679
0.006993459
0.006911793
0.007070594
0.007081011
0.006919814
0.006988564
0.007124344
0.007066948
0.007078563
0.007087470
0.007092730
0.006942001
0.007013563
0.007124605
0.006905074
0.007178302
0.006947522
0.006982678
0.007025022
0.007069865
0.007122157
0.006944918
0.007019605
0.006984344
0.007116584
0.006975960
0.006990595
0.006908355
0.006927627
0.007023251
0.006916481
0.007036584
0.007049449
0.006919136
0.006914866
0.006996220
0.007075698
0.007087469
0.006934449
0.007015282
0.006985126
0.007080959
0.006950855
0.006967261
0.007010179
0.007085230
0.007131740
0.007127782
0.006971637
0.007187000
0.007028095
0.006930647
0.006982782
0.007199240
0.007030334
0.007105855
0.006942782
0.007012209
0.007206844
0.007125334
0.007016897
0.007208771
0.007039032
0.007203667
0.007100021
0.007065386
0.007095907
0.007143720
0.007096793
0.007078927
0.007015490
0.006961897
0.007008043
0.006902158
0.006928356
0.007021012
0.007194292
0.007171428
0.007001012
0.007092053
0.006926064
0.007042313
0.007123406
0.007100126
0.007042157
0.007011949
0.007129553
0.006931324
0.006919605
0.006972679
0.006938877
0.007008772
0.007072522
0.007070022
0.006911637
0.007005178
0.007056116
0.007029970
0.007024292
0.006897782
0.006946949
0.007069188
0.006955178
0.007024136
0.007167834
0.007097418
0.007153771
0.007052783
0.006996949
0.007088563
0.006965804
0.006925543
0.007186688
0.007031012
0.007002470
0.006994606
0.006965804
0.007058355
0.007021584
0.007026324
0.007005178
0.007039033
0.006953095
0.006999501
0.006980491
0.007060126
0.007180073
0.007090855
0.007064396
0.007013876
0.006974240
0.007139865
0.006989814
0.007031168
0.006940751
0.006967938
0.007134449
0.007051636
0.006971115
0.007032783
0.007042470
0.007108771
0.007012679
0.007073303
0.006983668
0.007028095
0.007099397
0.007101792
0.007038459
0.007007627
0.006970908
0.007091584
0.007012834
0.007070698
0.006963408
0.006920022
0.006946376
0.007064188
0.007006533
0.006982470
0.006968303
0.006989397
0.006972470
0.006963876
0.007137782
0.007045334
0.006987678
0.007000334
0.007009814
0.007065750
0.007033824
0.007041532
0.006947314
0.007119709
0.006995855
0.006900908
0.007134136
0.007026428
0.007042053
0.007080022
0.006987679
0.007053355
0.007037001
0.006969866
0.006963408
0.007079136
0.006964345
0.006990283
0.007077314
0.007003981
0.006958408
0.007109605
0.007025491
0.007018043
0.007057313
0.007168407
0.006976064
0.006963981
0.006964397
0.007066793
0.006896221
0.007059605
0.007103251
0.006996481
0.006989345
0.007086689
0.007143875
0.007054241
0.006985386
0.007060283
0.007014241
0.006914814
0.007094137
0.007047574
0.007057261
0.006949449
0.006951220
0.007093355
0.007058928
0.007148719
0.007036220
0.006998981
0.006979918
0.006998512
0.007051741
0.007030907
0.007043876
0.007029397
0.006993356
0.006992158
0.007083928
0.007027522
0.007104397
0.006960022
0.006990855
0.007196271
0.006988980
0.007026585
0.007033459
0.007148667
0.006954553
0.006931220
0.007049241
0.007140178
0.007062313
0.007161740
0.006990074
0.007006324
0.007040126
0.007043928
0.007116011
0.007252781
0.007030595
0.006973928
0.006979762
0.007011480
0.007004397
0.007062366
0.007016324
0.006962522
0.007026428
0.007144501
0.007063303
0.007119189
0.007002366
0.007092105
0.006985647
0.007075595
0.007075074
0.007084136
0.006995700
0.007143771
0.007068668
0.006946012
0.007115282
0.006928199
0.006973303
0.007147521
0.007036793
0.006946689
0.007139032
0.007091740
0.006986116
0.006942939
0.006997262
0.007078564
0.006962575
0.007023981
0.006989501
0.007003772
0.006973095
0.007146219
0.007028199
0.006986741
0.006986428
0.007024189
0.006964814
0.006971324
0.006929762
0.007113355
0.006989501
0.007063146
0.007106167
0.006913825
0.007085022
0.006958095
0.007155438
0.007032053
0.006964293
0.006921742
0.007091376
0.007028616
0.007094605
0.007056116
0.006976480
0.007076584
0.007074709
0.007003824
0.006999033
0.007059188
0.007013199
0.007261271
0.007024761
0.007021115
0.006996532
0.007168251
0.007121324
0.006912887
0.007051636
0.006974918
0.006938668
0.006917210
0.006943044
0.007119032
0.007037835
0.007053876
0.007019449
0.007044866
0.007016220
0.006939502
0.007263771
0.007019970
0.007031220
0.007021220
0.007051272
0.006929554
0.007084866
0.006986637
0.006999502
0.007019501
0.006962001
0.006909918
0.007136740
0.006951637
0.006987158
0.007032313
0.006989606
0.007032470
0.007093146
0.007064553
0.006955856
0.006954345
0.007111063
0.007005075
0.007032261
0.007205438
0.007015856
0.007055335
0.007037105
0.007037834
0.007039918
0.007105699
0.006953876
0.007032731
0.006955178
0.007167105
0.006960543
0.007037678
0.006942887
0.007055439
0.007156064
0.007099761
0.007076949
0.006890648
0.006970751
0.007152313
0.006973981
0.006972679
0.007113095
0.006995283
0.006958876
0.007005179
0.006892991
0.007020387
0.007021636
0.006924189
0.006986220
0.007064553
0.006946481
0.007023356
0.006959605
0.007069136
0.006969762
0.007113511
0.007006636
0.007140907
0.007118720
0.007164709
0.007017679
0.007022105
0.007053668
0.006945699
0.007102991
0.007021011
0.007022783
0.007150334
0.007093876
0.007003981
0.007001428
0.006915960
0.006994970
0.006936689
0.006945387
0.007017418
0.007020595
0.006944867
0.006978356
0.007088928
0.007046585
0.007053199
0.007072470
0.006988303
0.006971116
0.007062834
0.006973928
0.007102990
0.007164709
0.007037210
0.007241323
0.007014970
0.007169813
0.007050543
0.007143772
0.007024033
0.006991533
0.007032887
0.007046428
0.007111428
0.007167053
0.007072938
0.006949189
0.007012158
0.007091793
0.007106063
0.006907262
0.006975804
0.006985752
0.006963929
0.007002106
0.006922783
0.007024605
0.007058668
0.007000387
0.007029033
0.007092470
0.007033512
0.007017418
0.007047105
0.007006898
0.006940387
0.007056585
0.007183928
0.007030803
0.007269500
0.006981481
0.006999710
0.006901116
0.006927053
0.007210855
0.007051272
0.006957992
0.007001897
0.006975752
0.006987939
0.007108772
0.007032210
0.006988095
0.007185074
0.007143043
0.006982106
0.006882575
0.007058616
0.006999241
0.007070646
0.006994553
0.007118460
0.007002366
0.007004866
0.006956949
0.007092418
0.006994762
0.006990907
0.007176949
0.007010074
0.007293407
0.007126063
0.006968616
0.007127261
0.006968512
0.007009710
0.006976481
0.006920856
0.007050335
0.007080074
0.007019241
0.007040908
0.006964554
0.007033720
0.006908929
0.006880648
0.007170490
0.007089501
0.006975491
0.006990856
0.007033303
0.007046898
0.007192157
0.007111220
0.006973407
0.007083981
0.007039449
0.006916533
0.007102209
0.007062574
0.006997575
0.007097261
0.006916012
0.006938929
0.007072886
0.007056793
0.006979606
0.006973928
0.006996064
0.007106012
0.007064657
0.006943044
0.006982105
0.007086740
0.006962574
0.007018876
0.006972106
0.007012783
0.006995282
0.006978199
0.006923304
0.007039241
0.007070335
0.006958200
0.006983616
0.006974971
0.006977366
0.007001637
0.007026793
0.007023408
0.006971012
0.007050283
0.006927419
0.007063824
0.006980387
0.007042365
0.006967366
0.007063980
0.007039605
0.007062834
0.007018460
0.007218511
0.006988512
0.007077730
0.007059605
0.006996064
0.007121636
0.006976429
0.006969606
0.006944085
0.006928721
0.007051585
0.007142053
0.006973043
0.007051376
0.007046012
0.006971690
0.007025386
0.007022262
0.007052366
0.006978564
0.007100595
0.007104449
0.007230750
0.007074449
0.007062938
0.007175178
0.006951064
0.006969606
0.006978669
0.007071532
0.007026741
0.006968200
0.006966376
0.006987783
0.007078199
0.006965178
0.007013304
0.006947418
0.006947210
0.006987158
0.007092418
0.006903304
0.007038356
0.007017678
0.007053148
0.007063251
0.006959866
0.007010543
0.006996064
0.007032366
0.007126740
0.006928876
0.007058616
0.007080855
0.006885335
0.006963617
0.006971793
0.007059866
0.007002835
0.007176636
0.007009085
0.006995908
0.007048512
0.006969814
0.006921533
0.007010491
0.007111272
0.007005491
0.007017783
0.007077314
0.007158355
0.006974293
0.007029657
0.007154293
0.006959033
0.007013512
0.007020179
0.007061532
0.007186011
0.006971689
0.007056012
0.006955179
0.006920179
0.007006169
0.007013981
0.007167365
0.006917574
0.006992731
0.006861013
0.006936013
0.007166480
0.006998773
0.007225699
0.007115386
0.006932991
0.007130908
0.006922575
0.007206688
0.007119762
0.006996065
0.007044189
0.006999606
0.007344552
0.006987835
0.007018929
0.006951846
0.007190855
0.006939450
0.006963251
0.006963668
0.007079918
0.007093720
0.007075074
0.006929762
0.007108824
0.006999137
0.006945127
0.007119136
0.007224553
0.007187001
0.007118043
0.007037210
0.006988721
0.007107470
0.006927679
0.007123251
0.006975804
0.006987627
0.007127105
0.007123407
0.006995335
0.007134084
0.006985387
0.006957158
0.006937419
0.006996741
0.007008356
0.007094761
0.006992730
0.006977418
0.007030596
0.006948460
0.006982210
0.007088408
0.007063668
0.006970491
0.007007835
0.007037418
0.007000543
0.006929918
0.007072887
0.006965074
0.006903356
0.006954085
0.007014189
0.006914762
0.007035283
0.006981637
0.007041220
0.006971429
0.006993564
0.007188563
0.007142209
0.006979815
0.007081428
0.007045335
0.007056689
0.006970648
0.007090335
0.006969189
0.007041637
0.006947211
0.007102209
0.007087678
0.007095855
0.007010179
0.007008564
0.007123668
0.007004501
0.007128876
0.007108512
0.006972314
0.006977523
0.006915127
0.007083148
0.007042626
0.006906221
0.006978772
0.007188928
0.006994710
0.006982001
0.007067054
0.007006168
0.007013304
0.006888304
0.007091429
0.007038928
0.007069345
0.007106376
0.006972262
0.007200334
0.006962887
0.007023668
0.007108615
0.006928981
0.006993148
0.007052783
0.006992887
0.006961794
0.006978721
0.007177938
0.007007418
0.007030855
0.006941585
0.006905804
0.007020907
0.007103928
0.006964762
0.007159241
0.007128095
0.006998929
0.007026585
0.006981481
0.006980648
0.007280907
0.006947627
0.007070439
0.006989762
0.007041480
0.006981064
0.007091168
0.007061793
0.007034970
0.006953824
0.006912366
0.006982367
0.007086376
0.007008044
0.006949034
0.006931377
0.007106116
0.007223407
0.007025752
0.007003355
0.007015283
0.007082053
0.007052001
0.006993512
0.007051376
0.006990231
0.007109605
0.006977887
0.006959866
0.006970856
0.007042314
0.006892627
0.006918877
0.007008252
0.007070543
0.007020335
0.006956533
0.006997835
0.006953460
0.007181428
0.007259344
0.007029345
0.006949502
0.007043564
0.006998356
0.007154501
0.006998773
0.006979137
0.006947158
0.006891742
0.007042886
0.007190230
0.007114710
0.006971168
0.007026793
0.007035960
0.006954658
0.007122939
0.007238355
0.006992939
0.007079189
0.006992366
0.006929710
0.007056116
0.007088043
0.006958356
0.007059293
0.006986690
0.007011897
0.007154449
0.006939189
0.006973199
0.006967366
0.007016898
0.007169084
0.006981898
0.007176741
0.006950127
0.006989919
0.006944607
0.007070855
0.007096532
0.006966533
0.006976012
0.007032679
0.007018617
0.007041012
0.007125231
0.007116324
0.006980908
0.007098043
0.006909606
0.006985751
0.007057314
0.007068356
0.006982523
0.006890231
0.007181375
0.007080126
0.007094918
0.006893200
0.006976793
0.006924189
0.006914607
0.007121064
0.007173095
0.007019762
0.006975491
0.006974241
0.007075178
0.007081585
0.007164710
0.006936065
0.006981742
0.007127678
0.007040178
0.007046897
0.006954554
0.007013460
0.006969710
0.007045231
0.006923877
0.007181949
0.007113668
0.006985752
0.007025803
0.007024658
