0.010649600
0.007628308
0.007494351
0.007797995
0.007616121
0.007649350
0.007665392
0.007709402
0.007689558
0.007775287
0.007836953
0.007725756
0.007695912
0.007677944
0.007730496
0.007609923
0.007699298
0.007570392
0.007618152
0.007657839
0.007677944
0.007762319
0.007670392
0.007585027
0.007672683
0.007514819
0.007531903
0.007625235
0.007684298
0.007675912
0.007671954
0.007566017
0.007604715
0.007935859
0.007719506
0.007823777
0.007694663
0.007709037
0.007618934
0.007795078
0.007710964
0.007580131
0.007642735
0.007557944
0.007708673
0.007646642
0.007570548
0.007594090
0.007689193
0.007820339
0.007684663
0.007698672
0.007763985
0.007701485
0.007680235
0.007572735
0.007740912
0.007676381
0.007709714
0.007687111
0.007700964
0.007759245
0.007715964
0.007720652
0.007611902
0.007536329
0.007678569
0.007734037
0.007716224
0.007734974
0.007671693
0.007599089
0.007689350
0.007578257
0.007889922
0.007638621
0.007659714
0.007686589
0.007717735
0.007752735
0.007596433
0.007672006
0.007615808
0.007694975
0.007646381
0.007567579
0.007643464
0.007780755
0.007742578
0.007696016
0.007703152
0.007782578
0.007739142
0.007823360
0.007598412
0.007696068
0.007693673
0.007513673
0.007663256
0.007682839
0.007633777
0.007720547
0.007620235
0.007605496
0.007684507
0.007656382
0.007700652
0.007871797
0.007667787
0.007866381
0.007751277
0.007659923
0.007682111
0.007622579
0.007586434
0.007589455
0.007713621
0.007681589
0.007708933
0.007638777
0.007696642
0.007636902
0.007628985
0.007699142
0.007618205
0.007604246
0.007646225
0.007704141
0.007730600
0.007558621
0.007701017
0.007747683
0.007651641
0.007670236
0.007625392
0.007730913
0.007584506
0.007631277
0.007634246
0.007751901
0.007826277
0.007685496
0.007774610
0.007746537
0.007704506
0.007611121
0.007612059
0.007721642
0.007681641
0.007584610
0.007718673
0.007862110
0.007644402
0.007772318
0.007700547
0.007706069
0.007663673
0.007698308
0.007770651
0.007741121
0.007595913
0.007646745
0.007689974
0.007724349
0.007669871
0.007707266
0.007659245
0.007967369
0.007726329
0.007739141
0.007609351
0.007760339
0.007716224
0.007677683
0.007698516
0.007638934
0.007664038
0.007632996
0.007622006
0.007698204
0.007664298
0.007705027
0.007628673
0.007710444
0.007789350
0.007748672
0.007643100
0.007653673
0.007734402
0.007806849
0.007610600
0.007611538
0.007617996
0.007663100
0.007681798
0.007663152
0.007819297
0.007610131
0.007642735
0.007657892
0.007625391
0.007707996
0.007691069
0.007708152
0.007659663
0.007617475
0.007671537
0.007685652
0.007592371
0.007769142
0.007627631
0.007763100
0.007710288
0.007636069
0.007641225
0.007700548
0.007664298
0.007634975
0.007620548
0.007741329
0.007700704
0.007582006
0.007652319
0.007707995
0.007698152
0.007578257
0.007641433
0.007681641
0.007665131
0.007657319
0.007596538
0.007722006
0.007709663
0.007624403
0.007714507
0.007629923
0.007730391
0.007843881
0.007743464
0.007704558
0.007675027
0.007754766
0.007777058
0.007780756
0.007691537
0.007612006
0.007687006
0.007903099
0.007581590
0.007617684
0.007658881
0.007677319
0.007675808
0.007539715
0.007876693
0.007736954
0.007772995
0.007712527
0.007678204
0.007662788
0.007692787
0.007795912
0.007782370
0.007557162
0.007665392
0.007882630
0.007533100
0.007786068
0.007754090
0.007731381
0.007660443
0.007633621
0.007674037
0.007676954
0.007685132
0.007683673
0.007661902
0.007672475
0.007748829
0.007665339
0.007689506
0.007803203
0.007693100
0.007647944
0.007742215
0.007729454
0.007683881
0.007697267
0.007672006
0.007649715
0.007578205
0.007686277
0.007687110
0.007507319
0.007705287
0.007629819
0.007844349
0.007682684
0.007724089
0.007614819
0.007681641
0.007645964
0.007612892
0.007623413
0.007638100
0.007651641
0.007691485
0.007646746
0.007611278
0.007554924
0.007833673
0.007715548
0.007738933
0.007740131
0.007645652
0.007723985
0.007660027
0.007623673
0.007645808
0.007708100
0.007747735
0.007628986
0.007712162
0.007700704
0.007766849
0.007694245
0.007676485
0.007745027
0.007814194
0.007664506
0.007669611
0.007686069
0.007769610
0.007720340
0.007704558
0.007647579
0.007682891
0.007650809
0.007649923
0.007632579
0.007673152
0.007669350
0.007597215
0.007546121
0.007622840
0.007588152
0.007702423
0.007701121
0.007683465
0.007657267
0.007634714
0.007670027
0.007693569
0.007711746
0.007658934
0.007607527
0.007647996
0.007691850
0.007729715
0.007560080
0.007679090
0.007772423
0.007616538
0.007686693
0.007728725
0.007892110
0.007637319
0.007649923
0.007627007
0.007595028
0.007652944
0.007684663
0.007683569
0.007647735
0.007595652
0.007725548
0.007721121
0.007741017
0.007659350
0.007874610
0.007840391
0.007722788
0.007672163
0.007735652
0.007701798
0.007632527
0.007675757
0.007620184
0.007633205
0.007663673
0.007634403
0.007766433
0.007680496
0.007602840
0.007716329
0.007591381
0.007641069
0.007651173
0.007589194
0.007541434
0.007717996
0.007803725
0.007681954
0.007656642
0.007655964
0.007749298
0.007741381
0.007611434
0.007646121
0.007607423
0.007631538
0.007634298
0.007599871
0.007779141
0.007671642
0.007650965
0.007836121
0.007713360
0.007780183
0.007637683
0.007659350
0.007663933
0.007645913
0.007768100
0.007756173
0.007667006
0.007631433
0.007659819
0.007673153
0.007711068
0.007781642
0.007739558
0.007656590
0.007812162
0.007673673
0.007687527
0.007527527
0.007718829
0.007646694
0.007660339
0.007647059
0.007579871
0.007679402
0.007745704
0.007688413
0.007838360
0.007679194
0.007739194
0.007766276
0.007675235
0.007708725
0.007718933
0.007691434
0.007836589
0.007755965
0.007844714
0.007673725
0.007656851
0.007812996
0.007661121
0.007676486
0.007745495
0.007662111
0.007704454
0.007686173
0.007655027
0.007556955
0.007638830
0.007697683
0.007738881
0.007694350
0.007542319
0.007690756
0.007794871
0.007654454
0.007780964
0.007815443
0.007700964
0.007845131
0.007592735
0.007639923
0.007627319
0.007840704
0.007597840
0.007525861
0.007633361
0.007685652
0.007522320
0.007648777
0.007652111
0.007673412
0.007645496
0.007657059
0.007638934
0.007721537
0.007723048
0.007661954
0.007649871
0.007683048
0.007619298
0.007680184
0.007686330
0.007617267
0.007737319
0.007724298
0.007819089
0.007723412
0.007587059
0.007716589
0.007659038
0.007632996
0.007652892
0.007797371
0.007588256
0.007731329
0.007650756
0.007642840
0.007595236
0.007696642
0.007691173
0.007754610
0.007705496
0.007690652
0.007666016
0.007611694
0.007618673
0.007673465
0.007612996
0.007727319
0.007612683
0.007823516
0.007808725
0.007652371
0.007643413
0.007697787
0.007632684
0.007775704
0.007876277
0.007568361
0.007660443
0.007680444
0.007792162
0.007590704
0.007635236
0.007874818
0.007751537
0.007682735
0.007543622
0.007644246
0.007717892
0.007644663
0.007614767
0.007699142
0.007654507
0.007719974
0.007699611
0.007608777
0.007732163
0.007693361
0.007567684
0.007623882
0.007688933
0.007535913
0.007522163
0.007666538
0.007775496
0.007517944
0.007566538
0.007696745
0.007578882
0.007705080
0.007658257
0.007612840
0.007788621
0.007886329
0.007828569
0.007683829
0.007839141
0.007622267
0.007663204
0.007753829
0.007629662
0.007708047
0.007716016
0.007755235
0.007728673
0.007850235
0.007610600
0.007594454
0.007780912
0.007799454
0.007747319
0.007527163
0.007666173
0.007656902
0.007782423
0.007785392
0.007635809
0.007657371
0.007608205
0.007691225
0.007722840
0.007662840
0.007702110
0.007654611
0.007928568
0.007712527
0.007591798
0.007746173
0.007717631
0.007767631
0.007810079
0.007644506
0.007650600
0.007736381
0.007698152
0.007758829
0.007691954
0.007680495
0.007694767
0.007645756
0.007709350
0.007705861
0.007718777
0.007734350
0.007615496
0.007723829
0.007750027
0.007560653
0.007606538
0.007670808
0.007520080
0.007643413
0.007615444
0.007627892
0.007637006
0.007669402
0.007678986
0.007757006
0.007701121
0.007680652
0.007691589
0.007675288
0.007775079
0.007771954
0.007918985
0.007705339
0.007713986
0.007712318
0.007664142
0.007632476
0.007712527
0.007667163
0.007702788
0.007660235
0.007724350
0.007810548
0.007761173
0.007761329
0.007728308
0.007676850
0.007650339
0.007835183
0.007617423
0.007798829
0.007606226
0.007666017
0.007646173
0.007707059
0.007697163
0.007640028
0.007658882
0.007710600
0.007670444
0.007594923
0.007832892
0.007681382
0.007693882
0.007528309
0.007711173
0.007665183
0.007602371
0.007706955
0.007658360
0.007619976
0.007678673
0.007804141
0.007741017
0.007643308
0.007674037
0.007646903
0.007647007
0.007703412
0.007704298
0.007613048
0.007673100
0.007722736
0.007781902
0.007703464
0.007545965
0.007784610
0.007594298
0.007708361
0.007730756
0.007680965
0.007589143
0.007684038
0.007637423
0.007654350
0.007668204
0.007716121
0.007686902
0.007656329
0.007743308
0.007723100
0.007811642
0.007738308
0.007799193
0.007603829
0.007740600
0.007670548
0.007631225
0.007632996
0.007591017
0.007673882
0.007685131
0.007678986
0.007735339
0.007587788
0.007711017
0.007648569
0.007710287
0.007621851
0.007617059
0.007677684
0.007724402
0.007709611
0.007713309
0.007624558
0.007707006
0.007633257
0.007581434
0.007763829
0.007643517
0.007687840
0.007858047
0.007708725
0.007585549
0.007694194
0.007726954
0.007648413
0.007757266
0.007814141
0.007659246
0.007667215
0.007585913
0.007688673
0.007843308
0.007671121
0.007642788
0.007746016
0.007760027
0.007673152
0.007712267
0.007638778
0.007580809
0.007576485
0.007724610
0.007667476
0.007545601
0.007623569
0.007592996
0.007649507
0.007666850
0.007698725
0.007669507
0.007743778
0.007666798
0.007587371
0.007657736
0.007641278
0.007569299
0.007552580
0.007624559
0.007628621
0.007684975
0.007628465
0.007675860
0.007635600
0.007612788
0.007712215
0.007631642
0.007652736
0.007673049
0.007698569
0.007812579
0.007675600
0.007640392
0.007679402
0.007745808
0.007668049
0.007866797
0.007717840
0.007773465
0.007667007
0.007744507
0.007727163
0.007733986
0.007672163
0.007738881
0.007703985
0.007653256
0.007720548
0.007836068
0.007650809
0.007689663
0.007688048
0.007716381
0.007695912
0.007677163
0.007658933
0.007668934
0.007710392
0.007620028
0.007667684
0.007651746
0.007720288
0.007667527
0.007670444
0.007701173
0.007713100
0.007650079
0.007744402
0.007683881
0.007664611
0.007846641
0.007702788
0.007670496
0.007672579
0.007572007
0.007642059
0.007606590
0.007722944
0.007775079
0.007721278
0.007755184
0.007652527
0.007758881
0.007606590
0.007622944
0.007690704
0.007700756
0.007676954
0.007726486
0.007765444
0.007627631
0.007764246
0.007558986
0.007738569
0.007661538
0.007792735
0.007669194
0.007602111
0.007645027
0.007681642
0.007742266
0.007577684
0.007707528
0.007813777
0.007577683
0.007673256
0.007730600
0.007823100
0.007599767
0.007616330
0.007688412
0.007664350
0.007662944
0.007583517
0.007632579
0.007835860
0.007750079
0.007671173
0.007916224
0.007679350
0.007587423
0.007701121
0.007536538
0.007664975
0.007705548
0.007670288
0.007609506
0.007661329
0.007628361
0.007726016
0.007649350
0.007734454
0.007723153
0.007794454
0.007669923
0.007683777
0.007575184
0.007566903
0.007622059
0.007693829
0.007636121
0.007682111
0.007757736
0.007754037
0.007806277
0.007578830
0.007627372
0.007629454
0.007495757
0.007647423
0.007666850
0.007628621
0.007550184
0.007534246
0.007718308
0.007731537
0.007632528
0.007640236
0.007673464
0.007722006
0.007632736
0.007699246
0.007800183
0.007686642
0.007884975
0.007732215
0.007596434
0.007725027
0.007573101
0.007645548
0.007708569
0.007678257
0.007845287
0.007709402
0.007663726
0.007686121
0.007662684
0.007706277
0.007681121
0.007767423
0.007728777
0.007542580
0.007692579
0.007690132
0.007588049
0.007579923
0.007728986
0.007615236
0.007684246
0.007697580
0.007647215
0.007632840
0.007672892
0.007640704
0.007685861
0.007682423
0.007636277
0.007697892
0.007703152
0.007699975
0.007742475
0.007698777
0.007786016
0.007845027
0.007915599
0.007722266
0.007859246
0.007619611
0.007686433
0.007685756
0.007721173
0.008039662
0.007742631
0.007684194
0.007716485
0.007707580
0.007642684
0.007738777
0.007676017
0.007660340
0.007730184
0.007602476
0.007696589
0.007677527
0.007611382
0.007625444
0.007808516
0.007618621
0.007594871
0.007599246
0.007588621
0.007667475
0.007626590
0.007610079
0.007662997
