0.010272977
0.007052417
0.007179083
0.007078407
0.007096897
0.007051428
0.007238511
0.007070386
0.007111636
0.007146219
0.007002626
0.007045490
0.007105907
0.006955699
0.006972002
0.007198146
0.007103147
0.007047001
0.007329344
0.007092209
0.007120594
0.007059552
0.007102990
0.007043095
0.007165125
0.007130282
0.007069814
0.007002001
0.007200021
0.007076949
0.007131219
0.007135386
0.007217625
0.007119709
0.007093823
0.007006376
0.007114553
0.007180646
0.007093355
0.007012001
0.007036688
0.007059449
0.006976897
0.007082521
0.006989762
0.007084396
0.007285073
0.007062209
0.007194136
0.006995126
0.007096063
0.007167365
0.007209865
0.007017938
0.007250698
0.007119813
0.007097313
0.006957365
0.007281635
0.007055126
0.007106116
0.007133771
0.007125959
0.007119501
0.007053407
0.007079293
0.007099917
0.007249292
0.007137105
0.007192781
0.006972835
0.007082886
0.007184396
0.007292938
0.007140802
0.007259032
0.007207157
0.007020542
0.007013824
0.007199917
0.007144032
0.007102626
0.006969397
0.007040595
0.007236011
0.007066219
0.007013147
0.007042469
0.007033303
0.007077574
0.007052782
0.006994605
0.007021116
0.007130126
0.007052365
0.007056688
0.007164292
0.007164084
0.007071168
0.007108616
0.007145907
0.007044449
0.006987105
0.007168303
0.007125073
0.007053511
0.007092053
0.007028356
0.007122365
0.007118719
0.007232677
0.007193824
0.007150907
0.007045542
0.007141480
0.007049814
0.006971012
0.007066845
0.007003615
0.007046428
0.007063199
0.007330229
0.007137938
0.007075855
0.007227365
0.007045439
0.007166480
0.007190854
0.007046272
0.007004241
0.007089813
0.007025022
0.006999085
0.007069449
0.007130022
0.007100230
0.007157938
0.007081845
0.006989814
0.007017835
0.007149084
0.006981428
0.007012991
0.007025699
0.007159084
0.007136584
0.007176010
0.007188928
0.007060960
0.007077209
0.007099917
0.007161167
0.007162886
0.007080282
0.007189396
0.007084970
0.007077053
0.007160021
0.007155334
0.007130438
0.007064345
0.007041063
0.007112730
0.007087782
0.007180959
0.007026741
0.007290906
0.007002939
0.007067887
0.007205334
0.007046741
0.007250334
0.007296323
0.007066323
0.007038147
0.007153043
0.007132417
0.007098928
0.007126740
0.007040699
0.007113407
0.007147886
0.007090074
0.007190126
0.007076063
0.007036897
0.007161636
0.007209240
0.006977106
0.007088876
0.007005543
0.007095335
0.007117157
0.007099448
0.007256688
0.007096168
0.007086532
0.007044136
0.007175699
0.007155074
0.007127209
0.007166220
0.007081845
0.007057990
0.007052626
0.007229917
0.006966012
0.007105855
0.007198875
0.007064449
0.007158823
0.007025543
0.007188720
0.007067002
0.007126480
0.007061637
0.007095178
0.007147418
0.007120595
0.007188824
0.007070647
0.007060282
0.007164292
0.007158147
0.007305490
0.007193094
0.007057678
0.007006793
0.007104709
0.007129188
0.007115907
0.007090855
0.007079084
0.007062938
0.007262365
0.007286375
0.007195594
0.007244501
0.007075907
0.007033981
0.007131115
0.007126115
0.007053877
0.007180751
0.007113355
0.007098147
0.007087157
0.007087470
0.007156376
0.007157938
0.007207938
0.007021428
0.007148199
0.007070908
0.007156949
0.007059762
0.007178824
0.007175803
0.007024397
0.007098824
0.007205698
0.007262157
0.007005283
0.007031481
0.006974033
0.007136740
0.007119866
0.007004970
0.007131532
0.007011637
0.007117834
0.007202209
0.006994971
0.007117417
0.007178459
0.007055074
0.007114761
0.007031272
0.007247001
0.007142574
0.007178615
0.007075230
0.006993355
0.007147418
0.006997678
0.007278198
0.007078773
0.006981533
0.007200334
0.007173927
0.007119606
0.007163042
0.007190230
0.007006064
0.007059136
0.007167470
0.007098043
0.007138876
0.006946377
0.007077262
0.007254136
0.007128512
0.007073095
0.007003616
0.007089969
0.007060335
0.007055023
0.007058303
0.007107366
0.007177469
0.006966533
0.007027053
0.007199500
0.007094084
0.007117783
0.006967991
0.007149085
0.007062783
0.007259708
0.007153459
0.007132210
0.007216168
0.007155022
0.007103512
0.007176532
0.006979710
0.007092782
0.007099762
0.007010282
0.007021012
0.007167261
0.007100543
0.007035335
0.007125595
0.007168564
0.007067157
0.007149761
0.007222834
0.007137158
0.007016741
0.007219761
0.007043981
0.007279240
0.007123355
0.006941429
0.007052783
0.006956325
0.007038772
0.007205230
0.007132105
0.007143668
0.006994971
0.007131115
0.007038824
0.007006898
0.007147887
0.007226167
0.007143460
0.007143615
0.007037835
0.007150594
0.007231168
0.007152001
0.007031845
0.007155490
0.007023980
0.006951012
0.007111168
0.006997783
0.007177886
0.007125179
0.007120126
0.007243979
0.007130907
0.007259709
0.007145647
0.007121324
0.007054502
0.007169918
0.007075908
0.007005647
0.007125960
0.006957367
0.007035179
0.007232834
0.007157418
0.006965335
0.007072105
0.007018303
0.007016324
0.007029554
0.007209344
0.007140335
0.007139657
0.006992679
0.007014449
0.007157939
0.006988668
0.006992992
0.007053720
0.007238927
0.007056012
0.007104554
0.007226167
0.007210230
0.007118772
0.007113148
0.007033877
0.007212574
0.007167261
0.007119345
0.007172835
0.007133043
0.007047575
0.007006950
0.006943200
0.007158095
0.007206324
0.007081532
0.007103095
0.007130230
0.007199710
0.007121272
0.006987627
0.007159397
0.007183876
0.007110908
0.007048252
0.007054242
0.007234292
0.007150803
0.007014138
0.007098459
0.007089814
0.007125907
0.007135543
0.007098720
0.007038773
0.007148772
0.007150804
0.007141324
0.007077470
0.007065752
0.007070959
0.007190438
0.007202730
0.007022002
0.007088928
0.007259032
0.007089033
0.006961325
0.007224032
0.007116898
0.007067053
0.007066533
0.007022315
0.007195699
0.007088928
0.007026794
0.007169709
0.007120282
0.007047522
0.007191272
0.007159865
0.007013564
0.006953200
0.007150439
0.007032991
0.007397469
0.007077679
0.007146585
0.007174188
0.007033929
0.007052158
0.007238824
0.007248615
0.007142730
0.007204813
0.007103616
0.007054398
0.007199345
0.007188980
0.007028565
0.007158095
0.007150334
0.007045283
0.007267886
0.007095178
0.007006168
0.007069241
0.007126689
0.007073043
0.007134293
0.007181689
0.007183772
0.007215647
0.007013877
0.007054762
0.007146533
0.007131585
0.007081741
0.007215335
0.007193564
0.007034606
0.007037158
0.007130648
0.007129761
0.007065335
0.007062001
0.007053251
0.007060022
0.007169345
0.007117991
0.007098200
0.007085700
0.007001741
0.007014919
0.007175855
0.007295022
0.007098147
0.007188147
0.007090492
0.007061533
0.007182157
0.007174292
0.007122314
0.007091898
0.007071585
0.007261116
0.007130543
0.007151324
0.007171324
0.007107574
0.007067835
0.007051793
0.007092523
0.007195179
0.007000491
0.007155230
0.007048303
0.007132938
0.007121116
0.007190386
0.007197574
0.007165230
0.007059189
0.007261012
0.007134710
0.007120179
0.006969242
0.007025387
0.007042106
0.007252834
0.007386792
0.007055283
0.007097158
0.007067262
0.007024398
0.007110700
0.007169241
0.007157157
0.007246897
0.007166324
0.007044659
0.007105907
0.007111950
0.007173199
0.007066481
0.007071220
0.007021116
0.007101898
0.007180595
0.007131793
0.007142522
0.007096585
0.007010231
0.007187782
0.007185178
0.007065856
0.007049137
0.007161793
0.006982107
0.007187783
0.007140700
0.007067210
0.007046585
0.006993929
0.007074815
0.007113043
0.007193668
0.004160451
0.007218303
0.007102001
0.007071533
0.007181897
0.007166168
0.007074970
0.007096742
0.007035699
0.007028252
0.007102366
0.006998720
0.007117158
0.007173876
0.007155543
0.007074345
0.007137262
0.007040699
0.007135127
0.007029398
0.006976741
0.007041064
0.007002419
0.007088669
0.007159814
0.007116481
0.007194449
0.007044450
0.007164449
0.007016845
0.006992679
0.007141949
0.007102835
0.007031325
0.007000648
0.006938826
0.007251428
0.007145179
0.007238408
0.007031481
0.007172054
0.007135387
0.007162158
0.007123407
0.007099606
0.007077106
0.007046221
0.007067159
0.007162470
0.007057315
0.007116793
0.007063095
0.007106168
0.007151064
0.007200335
0.007127054
0.007144085
0.007012158
0.007158095
0.006984398
0.007213304
0.007185595
0.007158668
0.007067888
0.007188981
0.007092366
0.006976586
0.007047262
0.006983564
0.007052783
0.007093200
0.007013512
0.007038304
0.006982991
0.007075336
0.007046325
0.007083825
0.007024763
0.007050231
0.007058147
0.007043252
0.007003721
0.007111273
0.007229084
0.007132523
0.007013408
0.007084502
0.007036898
0.007166220
0.007124970
0.007093720
0.007155647
0.007154866
0.007070439
0.007146741
0.007172887
0.007112158
0.007106741
0.007197574
0.007087263
0.007188825
0.007161012
0.007051585
0.006988721
0.007259240
0.007030284
0.007180960
0.007118877
0.007061169
0.007319813
0.007090961
0.007055440
0.007048877
0.007057991
0.007157158
0.007151481
0.007204762
0.007040700
0.007144971
0.007083876
0.007139867
0.007138356
0.007151376
0.007042836
0.007128564
0.006985857
0.007040961
0.007076793
0.007114189
0.007057991
0.007077783
0.007120179
0.007272001
0.007152939
0.007162940
0.007034294
0.007082210
0.007215387
0.007064242
0.007150439
0.007116012
0.007008617
0.007045336
0.007016481
0.007168929
0.007123824
0.007020128
0.007065492
0.007131012
0.007131013
0.007266428
0.007019450
0.007055543
0.007057367
0.007089241
0.007133356
0.007146690
0.007068356
0.007023825
0.007043148
0.007156585
0.007193824
0.007162106
0.007096741
0.007147678
0.007082783
0.007157835
0.007092002
0.007135231
0.007146169
0.007265387
0.007026065
0.007083773
0.007117940
0.007203512
0.007133773
0.006948826
0.007069554
0.007126846
0.007054294
0.007023513
0.007268252
0.007240178
0.007112314
0.007258355
0.007097679
0.007242678
0.007158564
0.006979815
0.007012211
0.007197939
0.007158095
0.007062679
0.007009242
0.007032628
0.007075544
0.007135074
0.007204866
0.007095595
0.006996378
0.007142470
0.007027419
0.007116898
0.007221064
0.007209606
0.007151533
0.007268147
0.007016638
0.007131429
0.007190804
0.007147054
0.007074711
0.007304345
0.007079970
0.007083877
0.006957680
0.006958826
0.007117054
0.007126325
0.007037106
0.007126012
0.007085387
0.007163876
0.006977940
0.007027628
0.007047263
0.007002315
0.007107575
0.007116116
0.007180803
0.007188877
0.007080856
0.007116533
0.007135491
0.007108200
0.007127731
0.007156429
0.007096949
0.007245491
0.007169085
0.007028773
0.007078513
0.007098565
0.007046637
0.007096898
0.007196689
0.007172470
0.007200023
0.007023408
0.007035492
0.007180127
0.007030752
0.007124346
0.006984971
0.007156429
0.007086273
0.007057315
0.007184606
0.007070648
0.007054763
0.007032315
0.007024607
0.007130492
0.007056898
0.007134554
0.007056012
0.007167158
0.007006378
0.006943461
0.007148616
0.007236064
0.007150075
0.007257157
0.007094398
0.007200648
0.007026482
0.007036325
0.007053356
0.007091637
0.007073721
0.007175908
0.006968357
0.007150336
0.007004502
0.007156533
0.007005857
0.007214450
0.007111064
0.007173877
0.007284085
0.007108720
0.007049867
0.007129919
0.007317678
0.007174762
0.006991378
0.007159085
0.007031377
0.007036898
0.007171324
0.007098564
0.007074503
0.007125544
0.007041534
0.007168720
0.007217731
0.007051638
0.006990388
0.007001690
0.007033096
0.007116377
0.007149606
0.007173981
0.007010388
0.007069918
0.007031377
0.007166534
0.007000284
0.007218512
0.007179919
0.007127002
0.007069711
0.007147940
0.007156898
0.007076116
0.007083096
0.007125804
0.007075700
0.007115127
0.007105283
0.007148564
0.007068617
0.007172992
0.007074450
0.007133513
0.007165752
0.007067732
0.006979867
0.007179970
0.007042471
0.007235387
0.007211741
0.007146064
0.007220856
0.007180075
0.007012940
0.007153616
0.007246169
0.007246898
0.007172054
0.007099294
0.007050752
0.007079815
0.007219189
0.007008617
0.007251429
0.007124086
0.007131585
0.007140387
0.007217887
0.007161429
0.007153148
0.007126845
0.007063200
0.007081898
0.007065439
0.007158929
0.006994971
0.007147314
0.007112262
0.007128513
0.007138721
0.007062732
0.007015231
0.007004399
0.007077419
0.007174345
0.007026899
0.007051899
0.007243773
0.007227263
0.007137054
0.006986690
0.007131897
0.007010648
0.007157106
0.007143565
0.007032628
0.007172158
0.007077211
0.007180804
0.007253460
0.007006221
0.007053200
0.007281533
0.007006690
0.007081430
0.006977054
0.007081742
0.006978774
0.007169450
0.007180752
0.007110492
0.007065492
0.007216117
0.007035857
0.007191325
0.007006639
0.007188668
0.007000232
