0.006399817
0.006452994
0.006481222
0.006577212
0.006489660
0.006453358
0.006384348
0.006575128
0.006372421
0.006494921
0.006392213
0.006395181
0.006697680
0.006467160
0.006345494
0.006556952
0.006479192
0.006604295
0.006563046
0.006399348
0.006419556
0.006443202
0.006555702
0.006413410
0.006528983
0.006486171
0.006530441
0.006458098
0.006598201
0.006619295
0.006441275
0.006512629
0.006446952
0.006407838
0.006459556
0.006469556
0.006528202
0.006555806
0.006488775
0.006458254
0.006628045
0.006456743
0.006485390
0.006423202
0.006543931
0.006406952
0.006469035
0.006420703
0.006461223
0.006572733
0.006616430
0.006580181
0.006546014
0.006414973
0.006644920
0.006513774
0.006418411
0.006450807
0.006426015
0.006506691
0.006403723
0.006388150
0.006562472
0.006398932
0.006591483
0.006520702
0.006414765
0.006429139
0.006514660
0.006538566
0.006372212
0.006528671
0.006433567
0.006528670
0.006399504
0.006522993
0.006552107
0.006482264
0.006444609
0.006454244
0.006382734
0.006537525
0.006381015
0.006607733
0.006395182
0.006421015
0.006672733
0.006528775
0.006524400
0.006467629
0.006360442
0.006385129
0.006356692
0.006482004
0.006361171
0.006456952
0.006480754
0.006496483
0.006629659
0.006486587
0.006601118
0.006549555
0.006507681
0.006425233
0.006452473
0.006540546
0.006612473
0.006378827
0.006477212
0.006662577
0.006411276
0.006517838
0.006569087
0.006527994
0.006368619
0.006655545
0.006393254
0.006408827
0.006529868
0.006418150
0.006445233
0.006451796
0.006399244
0.006448306
0.006377629
0.006504973
0.006419609
0.006505806
0.006448984
0.006478723
0.006412317
0.006426691
0.006404139
0.006552837
0.006825544
0.006562369
0.006547577
0.006393151
0.006578202
0.006392004
0.006443410
0.006637837
0.006381067
0.006385286
0.006477942
0.006518774
0.006520962
0.006513410
0.006549712
0.006456692
0.006545493
0.006578201
0.006435755
0.006516431
0.006533410
0.006396484
0.006492212
0.006374244
0.006416483
0.006546171
0.006509816
0.006498254
0.006373462
0.006447004
0.006435129
0.006540077
0.006346692
0.006408567
0.006413359
0.006472889
0.006527837
0.006515493
0.006445807
0.006503930
0.006413254
0.006398254
0.006630649
0.006377265
0.006493046
0.006402942
0.006582473
0.006469452
0.006434505
0.006441691
0.006441639
0.006462890
0.006474191
0.006385285
0.006597889
0.006388984
0.006569243
0.006567159
0.006513046
0.006593045
0.006463879
0.006518879
0.006396797
0.006416796
0.006496222
0.006490390
0.006426692
0.006486327
0.006497212
0.006531223
0.006445963
0.006758253
0.006418046
0.006529660
0.006368879
0.006408775
0.006483567
0.006371901
0.006433150
0.006546535
0.006472733
0.006537108
0.006342474
0.006389087
0.006556639
0.006609138
0.006596691
0.006480024
0.006467057
0.006397890
0.006460702
0.006526535
0.006443359
0.006438880
0.006671013
0.006406691
0.006402473
0.006346380
0.006543358
0.006492160
0.006596899
0.006372681
0.006462265
0.006842159
0.006441119
0.006429556
0.006473775
0.006483201
0.006396588
0.006426327
0.006717732
0.006509713
0.006551535
0.006414712
0.006462785
0.006490442
0.006461900
0.006634868
0.006495233
0.006413931
0.006447317
0.006394557
0.006487889
0.006511587
0.006389921
0.006446275
0.006421900
0.006494764
0.006422681
0.006699347
0.006494243
0.006520233
0.006534608
0.006340442
0.006427629
0.006471483
0.006552681
0.006381535
0.006386171
0.006507316
0.006418307
0.006584816
0.006559192
0.006547108
0.006390181
0.006466587
0.006442212
0.006617889
0.006532473
0.006610806
0.006435078
0.006584399
0.006421171
0.006412369
0.006376692
0.006521067
0.006398515
0.006384817
0.006613983
0.006437421
0.006535441
0.006498879
0.006563410
0.006529973
0.006513306
0.006411223
0.006441119
0.006406848
0.006473984
0.006486795
0.006426952
0.006431535
0.006587420
0.006436692
0.006387733
0.006445754
0.006583827
0.006445129
0.006403567
0.006462057
0.006677576
0.006379140
0.006540025
0.006447004
0.006402057
0.006507577
0.006467994
0.006505962
0.006519712
0.006432890
0.006511535
0.006526067
0.006397109
0.006591483
0.006383046
0.006425911
0.006467890
0.006431900
0.006530806
0.006447525
0.006320755
0.006601222
0.006554921
0.006379661
0.006601848
0.006558723
0.006387317
0.006461015
0.006534191
0.006512837
0.006555337
0.006443410
0.006589035
0.006437108
0.006407785
0.006382056
0.006430494
0.006553514
0.006576378
0.006445859
0.006469296
0.006548931
0.006436848
0.006506483
0.006548150
0.006605858
0.006598774
0.006415182
0.006644451
0.006470755
0.006465910
0.006466744
0.006505129
0.006594191
0.006389817
0.006499660
0.006558098
0.006416171
0.006480442
0.006393567
0.006514660
0.006564660
0.006439765
0.006440338
0.006472421
0.006371588
0.006536066
0.006378046
0.006466640
0.006398515
0.006422630
0.006505441
0.006409765
0.006403463
0.006401692
0.006423359
0.006562994
0.006394921
0.006475546
0.006477629
0.006537993
0.006398619
0.006403619
0.006405494
0.006618775
0.006394557
0.006402681
0.006406223
0.006408359
0.006480493
0.006578514
0.006379296
0.006460337
0.006525963
0.006453827
0.006433515
0.006601119
0.006403567
0.006379609
0.006573045
0.006423879
0.006611743
0.006542681
0.006450390
0.006556899
0.006559243
0.006432733
0.006457265
0.006569140
0.006622941
0.006413775
0.006513983
0.006380755
0.006495389
0.006597472
0.006397369
0.006464244
0.006360703
0.006436275
0.006404505
0.006611691
0.006396588
0.006516536
0.006372578
0.006425233
0.006535337
0.006458150
0.006522837
0.006530389
0.006401432
0.006458723
0.006561587
0.006440441
0.006512525
0.006525285
0.006426276
0.006432213
0.006409087
0.006525494
0.006541639
0.006419244
0.006542837
0.006424244
0.006467109
0.006592107
0.006375859
0.006414817
0.006547160
0.006430077
0.006507993
0.006416119
0.006598931
0.006502630
0.006473150
0.006396067
0.006437890
0.006517056
0.006477889
0.006570702
0.006403307
0.006425754
0.006398202
0.006544712
0.006629243
0.006382421
0.006395078
0.006542941
0.006606275
0.006532785
0.006414974
0.006460286
0.006453411
0.006458410
0.006590597
0.006496796
0.006368880
0.006475598
0.006595389
0.006499973
0.006437369
0.006412108
0.006620128
0.006597421
0.006372838
0.006424660
0.006610494
0.006491692
0.006420754
0.006486900
0.006515025
0.006357318
0.006437577
0.006440807
0.006535233
0.006360233
0.006540077
0.006438046
0.006649555
0.006556275
0.006367473
0.006475233
0.006462213
0.006569608
0.006497733
0.006530806
0.006575180
0.006376849
0.006471796
0.006445546
0.006437786
0.006401952
0.006616014
0.006389765
0.006525024
0.006528671
0.006482994
0.006432212
0.006522473
0.006628462
0.006397160
0.006403723
0.006416744
0.006425650
0.006446275
0.006492212
0.006561223
0.006521536
0.006432473
0.006600233
0.006422525
0.006500650
0.006566900
0.006400962
0.006621431
0.006381692
0.006412213
0.006430338
0.006531952
0.006395442
0.006401952
0.006432941
0.006414661
0.006386484
0.006407890
0.006484920
0.006397838
0.006507369
0.006499400
0.006415078
0.006574296
0.006391848
0.006515806
0.006635962
0.006373776
0.006587524
0.006560024
0.006458410
0.006428671
0.006608462
0.006428671
0.006436171
0.006414556
0.006599868
0.006354504
0.006436536
0.006402317
0.006403671
0.006370807
0.006464296
0.006664764
0.006449868
0.006506796
0.006444087
0.006670493
0.006496743
0.006496536
0.006478411
0.006806690
0.006452108
0.006624556
0.006586431
0.006518722
0.006439608
0.006533202
0.006611327
0.006407369
0.006425911
0.006421900
0.006473254
0.006372161
0.006408047
0.006537420
0.006417317
0.006525963
0.006372317
0.006558306
0.006440129
0.006385702
0.006543723
0.006370025
0.006508255
0.006440546
0.006404036
0.006450598
0.006375650
0.006403150
0.006439921
0.006533202
0.006455806
0.006466796
0.006549139
0.006441432
0.006401744
0.006445703
0.006416796
0.006613358
0.006509816
0.006520025
0.006605233
0.006616639
0.006513150
0.006600858
0.006579712
0.006365442
0.006509868
0.006577056
0.006555233
0.006435233
0.006469505
0.006362161
0.006490182
0.006587056
0.006409087
0.006399661
0.006489556
0.006415702
0.006402838
0.006484192
0.006506952
0.006488098
0.006568462
0.006367994
0.006589765
0.006412317
0.006569139
0.006465130
0.006577108
0.006551483
0.006424035
0.006393047
0.006385129
0.006436483
0.006530545
0.006512264
0.006545963
0.006358515
0.006517316
0.006367890
0.006457108
0.006498619
0.006493723
0.006439713
0.006379660
0.006509087
0.006458619
0.006590754
0.006480702
0.006425598
0.006390078
0.006624555
0.006479817
0.006561588
0.006367422
0.006515859
0.006385859
0.006441588
0.006543463
0.006527056
0.006453150
0.006483098
0.006507421
0.006404973
0.006473827
0.006644191
0.006510755
0.006314036
0.006608827
0.006592160
0.006458150
0.006612316
0.006489817
0.006440441
0.006511587
0.006643202
0.006438150
0.006429139
0.006530962
0.006520545
0.006533723
0.006531483
0.006417994
0.006443202
0.006586327
0.006495910
0.006614347
0.006438671
0.006400390
0.006583982
0.006542004
0.006406848
0.006497160
0.006505598
0.006463983
0.006502160
0.006412160
0.006636431
0.006405390
0.006440754
0.006667993
0.006527004
0.006402474
0.006554712
0.006437682
0.006595389
0.006431900
0.006569400
0.006380026
0.006510963
0.006382786
0.006445598
0.006670076
0.006412890
0.006378151
0.006395338
0.006398515
0.006500129
0.006642681
0.006454869
0.006559765
0.006402838
0.006539973
0.006386744
0.006432109
0.006623097
0.006415390
0.006436639
0.006389869
0.006398880
0.006419192
0.006504295
0.006370338
0.006348775
0.006493202
0.006415703
0.006445702
0.006424973
0.006465181
0.006416640
0.006575858
0.006573670
0.006391432
0.006489244
0.006507629
0.006552629
0.006376744
0.006395130
0.006505286
0.006578514
0.006376275
0.006371900
0.006420338
0.006548723
0.006704711
0.006369661
0.006526899
0.006482317
0.006460546
0.006497993
0.006443879
0.006472109
0.006455494
0.006637993
0.006392682
0.006371119
0.006465129
0.006445858
0.006443203
0.006448098
0.006496588
0.006526535
0.006352838
0.006478098
0.006430441
0.006417473
0.006344713
0.006522681
0.006620337
0.006555858
0.006458098
0.006520077
0.006360911
0.006413411
0.006463150
0.006518462
0.006453983
0.006500129
0.006464348
0.006586535
0.006377525
0.006417213
0.006450077
0.006547786
0.006472056
0.006412786
0.006519036
0.006336223
0.006423463
0.006499816
0.006537525
0.006394140
0.006444661
0.006594191
0.006461432
0.006506328
0.006517161
0.006575390
0.006436536
0.006397577
0.006585233
0.006426953
0.006606847
0.006470807
0.006412369
0.006387629
0.006387317
0.006619191
0.006455286
0.006553463
0.006471223
0.006408671
0.006398775
0.006406327
0.006609712
0.006664139
0.006508098
0.006627160
0.006444452
0.006386431
0.006419973
0.006391952
0.006464505
0.006520389
0.006490389
0.006477734
0.006433202
0.006405286
0.006421588
0.006584296
0.006356484
0.006585337
0.006437734
0.006611274
0.006442473
0.006447056
0.006540701
0.006536483
0.006397526
0.006533931
0.006493619
0.006346067
0.006596327
0.006425286
0.006424400
0.006366275
0.006397161
0.006409140
0.006398411
0.006520389
0.006422474
0.006471535
0.006415598
0.006507265
0.006592629
0.006460650
0.006448047
0.006558670
0.006447942
0.006392890
0.006404244
0.006377578
0.006440755
0.006447421
0.006538723
0.006437786
0.006498827
0.006572994
0.006529712
0.006443619
0.006498307
0.006576951
0.006479661
0.006538306
0.006471275
0.006391848
0.006453202
0.006533983
0.006460807
0.006533306
0.006474869
0.006419817
0.006423932
0.006377057
0.006483462
0.006425859
0.006389088
0.006448255
0.006399296
0.006545702
0.006487890
0.006432160
0.006472629
0.006455182
0.006414817
0.006522212
0.006523671
0.006543098
0.006537890
0.006423880
0.006493671
0.006371120
0.006582108
0.006531119
0.006444192
0.006421224
0.006691483
0.006428411
0.006604399
0.006405390
0.006397994
0.006473619
0.006506640
0.006500650
0.006401328
0.006437005
0.006421328
0.006454973
0.006384869
0.006491223
0.006577577
0.006426536
0.006349557
0.006567837
0.006592889
0.006401328
0.006423776
0.006485078
0.006584764
0.006406952
0.006667941
0.006422212
0.006509348
0.006487785
0.006417942
0.006397786
0.006412734
0.006419296
0.006392838
0.006467004
0.006477421
0.006342734
0.006455494
0.006475442
0.006516327
0.006482369
0.006475285
0.006396172
0.006445130
0.006589504
0.006426901
0.006617681
0.006400598
0.006427682
0.006411067
0.006483098
0.006579192
0.006425130
