0.031578899
0.026859853
0.026920843
0.026995269
0.027027977
0.026871207
0.026928708
0.026936676
0.026955530
0.026972092
0.026879541
0.026995738
0.026892562
0.026886364
0.026924957
0.027024280
0.026973863
0.026963656
0.026835375
0.026877249
0.026971416
0.026918707
0.026865010
0.026993759
0.026974176
0.026905583
0.027038030
0.026989124
0.026986467
0.026978446
0.026845322
0.026924801
0.026863030
0.027028082
0.026964645
0.027157874
0.026781052
0.026732667
0.026940478
0.026852874
0.027075374
0.026917458
0.026940218
0.026982978
0.026830999
0.026961832
0.026816833
0.026861833
0.026712771
0.027034644
0.027148498
0.026889125
0.026972666
0.026936103
0.026955791
0.026973707
0.027143498
0.026850792
0.027104124
0.027014853
0.026922041
0.027002249
0.026940895
0.026958499
0.027037093
0.026973655
0.027233655
0.026837510
0.026897249
0.026978239
0.026992562
0.026831312
0.027139384
0.026904541
0.026946572
0.026958291
0.027054540
0.027031416
0.026934801
0.026926937
0.026905062
0.026916156
0.027078395
0.026917041
0.026943604
0.026963187
0.026899594
0.027196468
0.027101936
0.026946208
0.026895948
0.026965322
0.027122874
0.026914750
0.026966624
0.026899385
0.026964541
0.026986989
0.026898447
0.027034853
0.026902823
0.027061937
0.027018448
0.027024385
0.026868292
0.027232405
0.026799855
0.026911938
0.027000426
0.027101676
0.027161988
0.026845219
0.026795844
0.026931312
0.026948082
0.027132718
0.027124176
0.026937926
0.026939802
0.026897354
0.027082406
0.026990635
0.026892198
0.026914124
0.027022718
0.027237404
0.026984333
0.026987406
0.026981937
0.027020791
0.026865063
0.026911052
0.027074541
0.026936780
0.027066155
0.027342821
0.027047874
0.026921156
0.026956521
0.026928083
0.027130687
0.027075479
0.026905115
0.026899124
0.026849177
0.027042041
0.026838344
0.026880167
0.027028969
0.026861156
0.027237196
0.026849593
0.026996051
0.026871782
0.026865896
0.027051416
0.026836990
0.027054698
0.026953083
0.026877041
0.026958291
0.027028187
0.027202509
0.026953343
0.027135739
0.026886937
0.026934073
0.027228603
0.026930895
0.026945739
0.026837511
0.026872927
0.027038707
0.026916781
0.027070427
0.026915688
0.026913187
0.026974906
0.026883448
0.026914229
0.026874594
0.027035687
0.027266936
0.027004177
0.027252717
0.026889073
0.027027145
0.027117770
0.026908968
0.026844021
0.026890584
0.026858188
0.027178343
0.026879646
0.026944386
0.027048135
0.026922562
0.027103083
0.026943448
0.026931365
0.027250009
0.026927302
0.026863239
0.026870740
0.026864906
0.026969906
0.026820167
0.027010375
0.026882979
0.026906261
0.026966990
0.026929073
0.026918604
0.026988239
0.026936677
0.027005166
0.026966260
0.026872511
0.026847719
0.026885583
0.026972406
0.026875687
0.026971365
0.026971573
0.026837042
0.026987354
0.026869959
0.027074385
0.026803761
0.027057822
0.026854750
0.026830636
0.026897199
0.026817511
0.027107614
0.027088968
0.026899021
0.026947979
0.026895375
0.026848135
0.027059437
0.026962823
0.026923188
0.027127667
0.026835584
0.026991781
0.026888708
0.026975375
0.026966468
0.026831470
0.026907094
0.027095010
0.026949438
0.026836833
0.026881209
0.026825897
0.026954907
0.026994281
0.026932146
0.027015843
0.026845948
0.026805793
0.026982250
0.027032927
0.027066104
0.027093917
0.026943760
0.026893553
0.026880323
0.026830636
0.026981000
0.027022198
0.026931573
0.026919542
0.026897354
0.027038552
0.026840428
0.026849854
0.027003344
0.026974438
0.027088760
0.026918657
0.026948188
0.027027354
0.026948761
0.027104906
0.026959490
0.026851938
0.026870219
0.026887042
0.027053240
0.027015948
0.026883240
0.026882459
0.026818657
0.027152614
0.026924125
0.026944177
0.027100583
0.027001417
0.027074750
0.026838344
0.026959125
0.026941989
0.026879490
0.026925376
0.027049542
0.026959958
0.026831782
0.026948344
0.026985948
0.027060375
0.027183343
0.027059125
0.026925948
0.026941730
0.027119490
0.027005271
0.026813552
0.026936521
0.027081313
0.026889855
0.026869542
0.027073240
0.026953760
0.026959542
0.026907459
0.027175010
0.026885740
0.026908605
0.026865584
0.027058604
0.026783918
0.026862460
0.026987042
0.027068501
0.026931886
0.026950167
0.027159594
0.026962771
0.027049229
0.026889490
0.026900011
0.027003292
0.026985480
0.027090271
0.026839960
0.027015844
0.027080844
0.026881834
0.026822407
0.026940323
0.026949803
0.026970167
0.027258030
0.026921157
0.026923969
0.026963708
0.026852928
0.026991730
0.026956834
0.026850220
0.026831470
0.026940949
0.026929386
0.026868970
0.026962042
0.026912980
0.026812251
0.026920844
0.026978032
0.026949594
0.027026417
0.026870793
0.026971678
0.026913657
0.026853084
0.027057980
0.026886887
0.026757095
0.026844178
0.026886470
0.026899855
0.027135532
0.026848710
0.026916105
0.027060948
0.026936470
0.026910219
0.026824126
0.027009229
0.026964699
0.027189594
0.027217510
0.026929438
0.026897042
0.026968813
0.026916157
0.027061834
0.026920845
0.026892876
0.026914594
0.026931418
0.027159802
0.026890740
0.026819283
0.027085584
0.027002615
0.027186000
0.026915168
0.026829647
0.026895688
0.026826001
0.026987667
0.026920428
0.026764231
0.026858709
0.027013761
0.026904178
0.026871679
0.026954021
0.026884907
0.026953970
0.027109177
0.026991938
0.027056782
0.026887303
0.026838501
0.027040115
0.027096209
0.027207771
0.027020532
0.027000532
0.026837720
0.027036470
0.026973032
0.027084022
0.027131364
0.026828033
0.027021938
0.026949230
0.026849439
0.026943605
0.026916105
0.026881522
0.026864595
0.026902512
0.026874022
0.026814856
0.026882095
0.026868241
0.026934647
0.026946105
0.026921990
0.026932303
0.026850897
0.027168500
0.026872668
0.026865428
0.026875845
0.027098292
0.026955792
0.026898865
0.026912772
0.026950115
0.026995949
0.026938136
0.026876575
0.026856002
0.026854699
0.026955897
0.026950011
0.027034959
0.026999178
0.026906313
0.026825168
0.026823501
0.026995219
0.026938866
0.027122823
0.027074907
0.026960740
0.026875116
0.027035428
0.026942042
0.026968865
0.026831679
0.027072980
0.027018553
0.026901626
0.026909074
0.026847304
0.026898449
0.026866366
0.026847825
0.026802720
0.027094125
0.026944803
0.026890220
0.027081157
0.027009439
0.027048293
0.026918918
0.026864231
0.027110167
0.026937876
0.027011313
0.026987303
0.026990272
0.027121990
0.026852251
0.027012043
0.027046990
0.026862252
0.027007719
0.026947303
0.026882720
0.026980741
0.027055428
0.027015323
0.026927095
0.027054699
0.026849751
0.027122772
0.026943814
0.026934908
0.026975584
0.026977147
0.026938137
0.026908137
0.027034438
0.027107146
0.026846887
0.026903449
0.026872980
0.027006834
0.026961574
0.026988241
0.026912824
0.026839439
0.027158500
0.026864178
0.026878658
0.026833553
0.026869387
0.027064803
0.026801054
0.026947668
0.027047720
0.026806054
0.026903293
0.026904856
0.027015220
0.026869075
0.026773085
0.027018085
0.027078762
0.027044126
0.026998397
0.026932824
0.026857043
0.026901054
0.026867200
0.027004178
0.026978657
0.026950689
0.026848397
0.026851314
0.026950533
0.026894283
0.026926575
0.026962460
0.027062251
0.026945325
0.026950064
0.026939282
0.026826001
0.026963293
0.026906418
0.027004334
0.027079126
0.026914491
0.027101417
0.026972877
0.026885793
0.027073449
0.026870116
0.027072668
0.026816263
0.026896679
0.026887356
0.026948085
0.027032459
0.027007148
0.026906522
0.026952408
0.026985636
0.027010480
0.026847148
0.026969439
0.027022668
0.026928710
0.026844440
0.027229803
0.026846835
0.026941210
0.026908241
0.026967721
0.027326260
0.026920481
0.026956419
0.026871575
0.026980272
0.026925533
0.027121366
0.026909699
0.026906366
0.027094490
0.027103137
0.026862356
0.026836939
0.027041210
0.027054022
0.027196313
0.027083449
0.026958293
0.026946992
0.027235428
0.027053501
0.026895898
0.026841523
0.026849231
0.026925325
0.026862460
0.026896314
0.027055688
0.026927043
0.026950950
0.026958189
0.027213344
0.027002720
0.026934335
0.027029335
0.026847564
0.026960012
0.026880690
0.026843137
0.026861991
0.026842252
0.026868919
0.026929960
0.026975272
0.026950429
0.026928137
0.026986991
0.026884179
0.026865585
0.026908971
0.027056262
0.027187147
0.027003189
0.026868138
0.027008606
0.027054647
0.027027252
0.026830950
0.026973606
0.027035064
0.026873502
0.026847200
0.027120115
0.026889075
0.027067772
0.027012616
0.026897929
0.026881523
0.027127095
0.027060898
0.027036157
0.027052200
0.026837096
0.026996158
0.026780846
0.027100845
0.026952669
0.027040793
0.026869544
0.027132043
0.027012512
0.026910169
0.027036679
0.027005689
0.027102355
0.027079491
0.026920846
0.027072772
0.026994074
0.027066887
0.027012773
0.026923346
0.027104647
0.026909492
0.026867616
0.027002929
0.026937981
0.026981210
0.026882981
0.027001367
0.027000012
0.026943606
0.027005220
0.027036940
0.026954648
0.026968554
0.026892668
0.026861002
0.027010064
0.026849648
0.026985585
0.027068606
0.026875690
0.026996679
0.027066678
0.026919908
0.027030637
0.026940481
0.026875481
0.026931522
0.026953814
0.026856055
0.026994752
0.026950585
0.027013658
0.027085689
0.026922773
0.027126575
0.026934856
0.026720222
0.026838450
0.026875169
0.026806940
0.026975168
0.026991939
0.026819544
0.027105429
0.026952825
0.026882252
0.027054856
0.026924857
0.026806888
0.026965430
0.026978137
0.027094544
0.026950273
0.026961939
0.026878241
0.027168137
0.027019075
0.026905325
0.026939440
0.026909283
0.026898815
0.026847669
0.027049335
0.026822877
0.027116627
0.026995845
0.026822513
0.027011263
0.026981159
0.027007460
0.026925585
0.027196209
0.026948711
0.026941523
0.026954335
0.027109074
0.027072929
0.026900898
0.026982877
0.026960482
0.026751107
0.027116574
0.026895221
0.026968918
0.026952357
0.026883450
0.026989179
0.026997616
0.026944023
0.026875742
0.027117877
0.026837669
0.027053502
0.026941888
0.026903399
0.026965117
0.027002773
0.026950898
0.027180793
0.026905482
0.026940064
0.026868711
0.026991835
0.027162043
0.026945950
0.027099596
0.026979284
0.026932252
0.027193866
0.026930898
0.026916002
0.026834545
0.026896888
0.027032252
0.027040481
0.026951262
0.026849857
0.026981002
0.027085794
0.026948502
0.026953346
0.026954023
0.026946315
0.027089492
0.026931471
0.026856002
0.026925221
0.026910013
0.026798920
0.026913451
0.026986679
0.026862565
0.027079960
0.026923347
0.026855899
0.026837045
0.026832826
0.026870847
0.027234283
0.026986575
0.026832097
0.026909284
0.027097928
0.027163346
0.026742670
0.027131783
0.027084022
0.026986627
0.027268761
0.026998867
0.026899701
0.026936628
0.026866888
0.026954909
0.026815586
0.026794232
0.026867669
0.027028971
0.026815221
0.026924648
0.026955638
0.026936784
0.027083710
0.027107616
0.026895221
0.026880534
0.026964440
0.027058658
0.027016679
0.026838868
0.026852409
0.026978866
0.027095377
0.027040742
0.026987408
0.026849753
0.026955430
0.027029805
0.027319543
0.026948763
0.026998033
0.026892409
0.026926002
0.026914597
0.027079179
0.026964909
0.026934284
0.026920378
0.027261939
0.026903138
0.026897514
0.026831576
0.026875951
0.026856628
0.027158450
0.026933659
0.026959127
0.026945169
0.026876315
0.027062981
0.026870482
0.026870482
0.027126106
0.027124127
0.026924388
0.026990534
0.026800899
0.026916471
0.026990847
0.026863451
0.027130482
0.026888034
0.027048711
0.027052201
0.026909597
0.027008971
0.027094336
0.026853920
0.026853607
0.026936680
0.026922148
0.026987096
0.026940586
0.027047929
0.027013346
0.026864284
0.026662879
0.026879336
0.026952565
0.026961679
0.026898920
0.026864805
0.026915586
0.027025898
0.026950065
0.026999856
0.026865847
0.026908712
0.026880482
0.026831211
0.027148085
0.026966524
0.027036159
0.027108919
0.026919023
0.026936003
0.027004649
0.026942044
0.027079336
0.026884961
0.026868972
0.026888867
0.026906160
0.026955169
0.027112253
0.026937618
0.027029596
0.027024127
0.026986784
0.026931784
0.026856472
0.026948815
0.026965430
0.026942774
0.026897826
0.026952930
0.026894649
0.026853711
0.026998242
0.026869545
0.027025846
0.026876888
0.026979649
0.026991367
0.026880690
0.027163346
0.026880483
0.026853034
0.026868555
0.026891628
0.027071367
0.026873086
0.026850535
0.026891940
0.026921055
0.026952305
0.026871784
0.026789024
0.027141262
0.026910586
0.027050534
0.027046680
0.026864858
0.026967409
0.026810638
0.026965951
0.026935222
0.026885639
0.026929701
