0.026454719
0.026206960
0.026259303
0.026236699
0.026212741
0.026211074
0.026272949
0.026235345
0.026454354
0.026360396
0.026299876
0.026344303
0.026240814
0.026230085
0.026233105
0.026214564
0.026250605
0.026247897
0.026229147
0.026228679
0.026238105
0.026229876
0.026408053
0.026429406
0.026158366
0.026219251
0.026302271
0.026150970
0.026240345
0.026452323
0.026196387
0.026213991
0.026132793
0.026253262
0.026237481
0.026209772
0.026139720
0.026237480
0.026156075
0.026429928
0.026224200
0.026443313
0.026161335
0.026277585
0.026298679
0.026539667
0.026251491
0.026295397
0.026309824
0.026237637
0.026296074
0.026212637
0.026197064
0.026292689
0.026236543
0.026241856
0.026240762
0.026469823
0.026348626
0.026231127
0.026292636
0.026189356
0.026359719
0.026254929
0.026206544
0.026312168
0.026325501
0.026169617
0.026211960
0.026278887
0.026294564
0.026225137
0.026409407
0.026244408
0.026279460
0.026199981
0.026393521
0.026210189
0.026188732
0.026166179
0.026222585
0.026195710
0.026406803
0.026411699
0.026369772
0.026201387
0.026208626
0.026185397
0.026230866
0.026227533
0.026296803
0.026244981
0.026312429
0.026282845
0.026195815
0.026304147
0.026174409
0.026278679
0.026205450
0.026303001
0.026216908
0.026302689
0.026216023
0.026253679
0.026257637
0.026102169
0.026262376
0.026423991
0.026228418
0.026178211
0.026242065
0.026290970
0.026339616
0.026207325
0.026293418
0.026241647
0.026324303
0.026400918
0.026226283
0.026353678
0.026213471
0.026250294
0.026384980
0.026218054
0.026427897
0.026252533
0.026208470
0.026195867
0.026343991
0.026216492
0.026365710
0.026191544
0.026432428
0.026244200
0.026230711
0.026236856
0.026194096
0.026240450
0.026189513
0.026196023
0.026219877
0.026245607
0.026180711
0.026301023
0.026219825
0.026500449
0.026638834
0.026203575
0.026243835
0.026227013
0.026169981
0.026225711
0.026465136
0.026223211
0.026281179
0.026301335
0.026205867
0.026254982
0.026235398
0.026220607
0.026429668
0.026439147
0.026162534
0.026212065
0.026259513
0.026401596
0.026190659
0.026261231
0.026065815
0.026290711
0.026225294
0.026288419
0.026182690
0.026354981
0.026617428
0.026240450
0.026223367
0.026395345
0.026234200
0.026236648
0.026254721
0.026262637
0.026473471
0.026205606
0.026238002
0.026237899
0.026239669
0.026235607
0.026403053
0.026193211
0.026245555
0.026210763
0.026333367
0.026228263
0.026348054
0.026139253
0.026206179
0.026294877
0.026252638
0.026226908
0.026200712
0.026336231
0.026198471
0.026347690
0.026228524
0.026207118
0.026284773
0.026243888
0.026239253
0.026183002
0.026285294
0.026231804
0.026345866
0.026273888
0.026202743
0.026254252
0.026302690
0.026249930
0.026249565
0.026362846
0.026192170
0.026482012
0.026187951
0.026232638
0.026202482
0.026326596
0.026305190
0.026341752
0.026267690
0.026209253
0.026211649
0.026339721
0.026288263
0.026394044
0.026289044
0.026267638
0.026252950
0.026168420
0.026202222
0.026168732
0.026619563
0.026258784
0.026286908
0.026224774
0.026091337
0.026092847
0.026375189
0.026224045
0.026201648
0.026235190
0.026307065
0.026409357
0.026320502
0.026238212
0.026352117
0.026378263
0.026398107
0.026439043
0.026219305
0.026273680
0.026293107
0.026385607
0.026224722
0.026262274
0.026344982
0.026240711
0.026249201
0.026192847
0.026189670
0.026261597
0.026330347
0.026258315
0.026324721
0.026431648
0.026308159
0.026178784
0.026287170
0.026183316
0.026375294
0.026273472
0.026407013
0.026268992
0.026336284
0.026236441
0.026336232
0.026184722
0.026227795
0.026215035
0.026194670
0.026222639
0.026295295
0.026270920
0.026286076
0.026291024
0.026230763
0.026284045
0.026328159
0.026193420
0.026443367
0.026223732
0.026233107
0.026208941
0.026253160
0.026144878
0.026148160
0.026333263
0.026166545
0.026223420
0.026409565
0.026375346
0.026391440
0.026181545
0.026224982
0.026400034
0.026248368
0.026260191
0.026222222
0.026395034
0.026196441
0.026264827
0.026190504
0.026329618
0.026288211
0.026195295
0.026280399
0.026260660
0.026297951
0.026333472
0.026300608
0.026344774
0.026395138
0.026263316
0.026282274
0.026195243
0.026278681
0.026465033
0.026538367
0.026293784
0.026258733
0.026221545
0.026177744
0.026141129
0.026231546
0.026232900
0.026251337
0.026322586
0.026220035
0.026205816
0.026234097
0.026238004
0.026378211
0.026312534
0.026210869
0.026146025
0.026161129
0.026168837
0.026263993
0.026198160
0.026267430
0.026324722
0.026217431
0.026207066
0.026265816
0.026236389
0.026320191
0.026277430
0.026294201
0.026230035
0.026251389
0.026282847
0.026324253
0.026198108
0.026684564
0.026228473
0.026388263
0.026220087
0.026265399
0.026971490
0.026204931
0.026237639
0.026239931
0.026191077
0.026325087
0.026241962
0.026230713
0.026252535
0.026210764
0.026493106
0.026069202
0.026342795
0.026272014
0.026243681
0.026296962
0.026265503
0.026205973
0.026238420
0.026286025
0.026279150
0.026267900
0.026256910
0.026158369
0.026205608
0.026301546
0.026213993
0.026385920
0.026225868
0.026274670
0.026449409
0.026199827
0.026422065
0.026315035
0.026298160
0.026226129
0.026602065
0.026229097
0.026195712
0.026135452
0.026325556
0.026228993
0.026275244
0.026430295
0.026289306
0.026339462
0.026260608
0.026448159
0.026145765
0.026251963
0.026220140
0.026463784
0.026317014
0.026413160
0.026235296
0.026372899
0.026238577
0.026229358
0.026292014
0.026210817
0.026194098
0.026403055
0.026227536
0.026194254
0.026230191
0.026384358
0.026146078
0.026605606
0.026201181
0.026210661
0.026184098
0.026168942
0.026262848
0.026351233
0.026440607
0.026304150
0.026217588
0.026381806
0.026176494
0.026206390
0.026201234
0.026250713
0.026314931
0.026234880
0.026186026
0.026303420
0.026264827
0.026318889
0.026256703
0.026291962
0.026593680
0.026261962
0.026257952
0.026289879
0.026205557
0.026202797
0.026300764
0.026345504
0.026240505
0.026374774
0.026239254
0.026215713
0.026232952
0.026315139
0.026199411
0.026404930
0.026252276
0.026261598
0.026211963
0.026197796
0.026204880
0.026350088
0.026223056
0.026257380
0.026337170
0.026235348
0.026212588
0.026399045
0.026283682
0.026520295
0.026292067
0.026258369
0.026256442
0.026223005
0.026318837
0.026414878
0.026496389
0.026208994
0.026242067
0.026406546
0.026191026
0.026409514
0.026196703
0.026306077
0.026205922
0.026266806
0.026337223
0.026226598
0.026340504
0.026183213
0.026229150
0.026184411
0.026275870
0.026465868
0.026257171
0.026222119
0.026224567
0.026160817
0.026377327
0.026255973
0.026365660
0.026204880
0.026227849
0.026183161
0.026222380
0.026297796
0.026161234
0.026252119
0.026678211
0.026172171
0.026167276
0.026319879
0.026077224
0.026367431
0.026228838
0.026475608
0.026217536
0.026240818
0.026351077
0.026212276
0.026227485
0.026264827
0.026239151
0.026247276
0.026173109
0.026239567
0.026238629
0.026206391
0.026295088
0.026514618
0.026266182
0.026290453
0.026229047
0.026344098
0.026404671
0.026177120
0.026230921
0.026243682
0.026282327
0.026407587
0.026515087
0.026194932
0.026287797
0.026206234
0.026181495
0.026248057
0.026350452
0.026324984
0.026153787
0.026234203
0.026244672
0.026227693
0.026298161
0.026312900
0.026235088
0.026336390
0.026217692
0.026178578
0.026333786
0.026271859
0.026284723
0.026232172
0.026197693
0.026156964
0.026232119
0.026324879
0.026197015
0.026289151
0.026242589
0.026379723
0.026189672
0.026243422
0.026282744
0.026222849
0.026241651
0.026167276
0.026249776
0.026553108
0.026222693
0.026191495
0.026256547
0.026397536
0.026318422
0.026189412
0.026287276
0.026343943
0.026214984
0.026343942
0.026308838
0.026211286
0.026247276
0.026274047
0.026384150
0.026168787
0.026291286
0.026249620
0.026191496
0.026222849
0.026225714
0.026326442
0.026385818
0.026475296
0.026192589
0.026393994
0.026231547
0.026274255
0.026171391
0.026327380
0.026448213
0.026221755
0.026240193
0.026235089
0.026293630
0.026237640
0.026240818
0.026201756
0.026260297
0.026361025
0.026433161
0.026323109
0.026227484
0.026207276
0.026220974
0.026259672
0.026227328
0.026382640
0.026338109
0.026213943
0.026246755
0.026318839
0.026171340
0.026241079
0.026287537
0.026346911
0.026213631
0.026281130
0.026213527
0.026240610
0.026363682
0.026292797
0.026191912
0.026395245
0.026300869
0.026110611
0.026219672
0.026270818
0.026231026
0.026470192
0.026202016
0.026266599
0.026309724
0.026308005
0.026256235
0.026212433
0.026311339
0.026162641
0.026373474
0.026294359
0.026245349
0.026347224
0.026263422
0.026256599
0.026217225
0.026413161
0.026286026
0.026175558
0.026278110
0.026207693
0.026395401
0.026198318
0.026194308
0.026272276
0.026488317
0.026144204
0.026332432
0.026276756
0.026267381
0.026240558
0.026309881
0.026278682
0.026199256
0.026141861
0.026231235
0.026236027
0.026206339
0.026236131
0.026186652
0.026452744
0.026184308
0.026188631
0.026239308
0.026241496
0.026213475
0.026253579
0.026244724
0.026424568
0.026263526
0.026395922
0.026061548
0.026225870
0.026256651
0.026279776
0.026244569
0.026170611
0.026168058
0.026322329
0.026200402
0.026206131
0.026183996
0.026436443
0.026197121
0.026222642
0.026261183
0.026382692
0.026185194
0.026301079
0.026287433
0.026219776
0.026208423
0.026326703
0.026267224
0.026257746
0.026179569
0.026405609
0.026284048
0.026266288
0.026229256
0.026213267
0.026220714
0.026448942
0.026460869
0.026221340
0.026291652
0.026176913
0.026188319
0.026327953
0.026221391
0.026260610
0.026256860
0.026431183
0.026244933
0.026179621
0.026285819
0.026196183
0.026395974
0.026209882
0.026400401
0.026252850
0.026234047
0.026460662
0.026367537
0.026250975
0.026252382
0.026374724
0.026245610
0.026212069
0.026252016
0.026269986
0.026313423
0.026288736
0.026239464
0.026341443
0.026277069
0.026208162
0.026188944
0.026284361
0.026243944
0.026438995
0.026260142
0.026411391
0.026197433
0.026431390
0.026292954
0.026255714
0.026170194
0.026260298
0.026223632
0.026354099
0.026224361
0.026343996
0.026244465
0.026408526
0.026416131
0.026301965
0.026248788
0.026348943
0.026401183
0.026228475
0.026674723
0.026280350
0.026232850
0.026317069
0.026388839
0.026084101
0.026439100
0.026116601
0.026226132
0.026090976
0.026073789
0.026287797
0.026271652
0.026182538
0.026205611
0.026367433
0.026224465
0.026223215
0.026278214
0.026168736
0.026150559
0.026256600
0.026230142
0.026178736
0.026249361
0.026205663
0.026186496
0.026280507
0.026189308
0.026268319
0.026200767
0.026321808
0.026222069
0.026231652
0.026430557
0.026439568
0.026447380
0.026346704
0.026223736
0.026169934
0.026187850
0.026408215
0.026234569
0.026383892
0.026208319
0.026201497
0.026240924
0.026425974
0.026241235
0.026121705
0.026188632
0.026410662
0.026196705
0.026159205
0.026411600
0.026393943
0.026233580
0.026397850
0.026105612
0.026205039
0.026366496
0.026412277
0.026223058
0.026315819
0.026344620
0.026337486
0.026258059
0.026296079
0.026209153
0.026328423
0.026364829
0.026225768
0.026243528
0.026226288
0.026239361
0.026212278
0.026276756
0.026440974
0.026350402
0.026425246
0.026232121
0.026375037
0.026237330
0.026256548
0.026487068
0.026218424
0.026215716
0.026236393
0.026260663
0.026965764
0.026195871
0.026205768
0.026232851
0.026231288
0.026325558
0.026185247
0.026518214
0.026183997
0.026286548
0.026344881
0.026304517
0.026198215
0.026398996
0.026202643
0.026203111
0.026280663
0.026319569
0.026081862
0.026270558
0.026283163
0.026264726
0.026239101
0.026374517
0.026165247
0.026233372
0.026248007
0.026241913
0.026238320
0.026263372
0.026211236
0.026288527
0.026401028
0.026299778
0.026281497
0.026231393
0.026318996
0.026257018
0.026196080
0.026229466
0.026285142
0.026213893
0.026307590
0.026245455
0.026330924
0.026235820
0.026225403
0.026398267
0.026367486
0.026379412
0.026340351
0.026218580
0.026254517
0.026294621
0.026163163
0.026374153
0.026246445
0.026225716
0.026090976
0.026400246
0.026318579
0.026047331
0.026449152
0.026232956
0.026188788
0.026199205
0.026240456
0.026232121
0.026160456
0.026494464
0.026265403
0.026479620
0.026324309
0.026331393
0.026276444
0.026209518
0.026304049
0.026382277
0.026109467
0.026339361
0.026269830
0.026247434
0.026363579
0.026234205
0.026323475
0.026176341
0.026432538
0.026206028
0.026307590
0.026224518
0.026237434
0.026221445
0.026341288
0.026254935
0.026196081
0.026127747
