0.387380825
0.386600100
0.386663954
0.387468586
0.387062391
0.387708847
0.386642707
0.386782446
0.386921091
0.387174685
0.387160727
0.386543856
0.387153748
0.386834167
0.386786720
0.388066662
0.386768909
0.386894430
0.386503078
0.387025002
0.387165212
0.387137919
0.387434013
0.387192608
0.387241931
0.386835632
0.387071777
0.386650634
0.386872195
0.387369121
0.386644593
0.386782302
0.386922718
0.386803917
0.386894334
0.386741106
0.386722774
0.386661940
0.386676265
0.387702561
0.387002462
0.386928608
0.386439132
0.386899390
0.387052359
0.386894392
0.386988766
0.386692988
0.386896216
0.386961372
0.386891998
0.386946061
0.387630954
0.386488668
0.386998458
0.386389659
0.387355020
0.386700805
0.386569608
0.387156793
0.386237892
0.386890701
0.386710234
0.387419711
0.386360497
0.387090078
0.386942838
0.387771221
0.386834038
0.387119090
0.386843362
0.387307632
0.386719405
0.386800968
0.386747844
0.386782948
0.387036333
0.386522794
0.387847528
0.386871908
0.387135293
0.387129981
0.387027898
0.387216231
0.387030973
0.387069306
0.386734568
0.386906652
0.386859100
0.387955293
0.386766028
0.387036236
0.386708946
0.386598686
0.386886342
0.386945770
0.386648897
0.386784989
0.387249051
0.386403951
0.386936917
0.386774524
0.387116657
0.386863430
0.386840045
0.386799421
0.386895774
0.386833224
0.386992755
0.386562392
0.386857287
0.387599107
0.386776560
0.387227599
0.386705050
0.387102288
0.386636719
0.386744009
0.386948228
0.386841770
0.386692917
0.386883229
0.386532867
0.386628023
0.386796513
0.386838076
0.387411458
0.386586567
0.386994587
0.386768182
0.387374742
0.386768026
0.386828547
0.386936464
0.386436623
0.387236619
0.387371672
0.387105423
0.386603915
0.387046727
0.386861624
0.387235946
0.386804802
0.387517612
0.386390378
0.387240010
0.386687617
0.387014126
0.386658086
0.386503036
0.386939961
0.386561526
0.386728088
0.386924233
0.387246212
0.386543246
0.386496112
0.386793455
0.386673299
0.387220328
0.386482155
0.386682988
0.386630020
0.388056785
0.386650073
0.387416372
0.386809448
0.387402831
0.386606481
0.387009292
0.386718460
0.386956793
0.386862210
0.387030804
0.386613515
0.386567318
0.386970754
0.387220857
0.386891536
0.387356170
0.387101067
0.386722684
0.387370598
0.386265135
0.387431171
0.386697321
0.386885446
0.386939248
0.386622375
0.386943779
0.386562897
0.387427268
0.386388524
0.387314925
0.386618210
0.386629201
0.386913679
0.387035606
0.387047429
0.386629255
0.387017534
0.386832640
0.387106128
0.386850192
0.387108889
0.387148681
0.386729205
0.387144047
0.386443634
0.386659727
0.386695926
0.387114777
0.386615875
0.386986030
0.387266446
0.386675927
0.387080978
0.387262697
0.386816761
0.387450873
0.386956189
0.387329781
0.386782544
0.387312803
0.386918899
0.386863275
0.387062129
0.386806088
0.387372388
0.386523173
0.386882912
0.386829215
0.386721507
0.386955465
0.387049006
0.386913070
0.386803852
0.387104892
0.387181872
0.387046873
0.386617344
0.387049582
0.386992760
0.387017031
0.386720522
0.386852449
0.386929272
0.386989845
0.386678649
0.386757034
0.386901201
0.386983128
0.386713599
0.387125941
0.387114900
0.387354482
0.387944531
0.386761725
0.386854277
0.387360994
0.387096725
0.386627822
0.386654801
0.386929487
0.386848342
0.386701729
0.386683656
0.386869541
0.386546261
0.386869593
0.386462565
0.387320791
0.386558972
0.386917512
0.386613243
0.386746107
0.387465011
0.386658192
0.387416730
0.387178503
0.387101368
0.386867203
0.387030327
0.387391316
0.386621007
0.386979027
0.386606633
0.387215068
0.386951997
0.386988820
0.386469292
0.386951165
0.386593458
0.387901786
0.386410804
0.386842834
0.386610751
0.386720074
0.386442420
0.386817419
0.387032678
0.387046845
0.386874763
0.387039866
0.386567057
0.386274818
0.387088618
0.386807890
0.387038306
0.387101379
0.386993671
0.386780704
0.386923828
0.386844716
0.386663935
0.387054610
0.387088464
0.387304715
0.386974560
0.387185185
0.386739665
0.386716541
0.386785865
0.386737167
0.387192738
0.386973312
0.387156854
0.386983157
0.386877793
0.386548628
0.387549249
0.387148418
0.386642795
0.386781390
0.386966909
0.386823109
0.386765036
0.386666287
0.386924150
0.387617064
0.386438738
0.386633476
0.387146391
0.387022016
0.386998215
0.386839830
0.386430562
0.387557901
0.386791759
0.386600510
0.387124050
0.386374939
0.387015979
0.386909626
0.386770876
0.386709783
0.387209416
0.386811190
0.387460874
0.386879471
0.387336448
0.387752437
0.386985774
0.386971138
0.386848223
0.387104472
0.387235878
0.388127073
0.386803745
0.386993901
0.386236822
0.387022131
0.386569060
0.387129631
0.387127236
0.386872237
0.387579942
0.386806821
0.387248122
0.386733697
0.387162498
0.386866718
0.387103384
0.386729688
0.386956198
0.387222187
0.386798283
0.386888648
0.386786773
0.387235573
0.386515057
0.386866045
0.387071982
0.386797661
0.387397866
0.386970889
0.386737193
0.386644902
0.387184535
0.386923235
0.386741517
0.387224692
0.386849538
0.386875944
0.387383443
0.386676623
0.386732509
0.386616051
0.386713655
0.386943134
0.386731728
0.386725844
0.387038290
0.387080842
0.387021677
0.387178499
0.386695377
0.387096886
0.386472306
0.386922512
0.386960221
0.387005585
0.386720222
0.387412407
0.386810951
0.387073972
0.386727827
0.386794547
0.387126160
0.387435898
0.387008609
0.386682986
0.386942985
0.386753194
0.386910642
0.387250693
0.386498822
0.387152882
0.386603613
0.386921112
0.386870592
0.388027462
0.386903249
0.386937260
0.386528095
0.386813928
0.386961271
0.386544762
0.387155281
0.386890439
0.387054188
0.386953512
0.386763877
0.386895544
0.386870597
0.386944972
0.387165648
0.386990441
0.386923566
0.386898358
0.386703255
0.387102837
0.386876589
0.387103931
0.386713152
0.387289036
0.386387425
0.386927632
0.386918674
0.386750133
0.386528363
0.386706020
0.387080653
0.386650395
0.386972738
0.386840603
0.386797895
0.386708312
0.387510497
0.386749355
0.386985968
0.387177218
0.387153833
0.387384926
0.386702013
0.387122272
0.386715711
0.386984201
0.386658785
0.386747379
0.386867431
0.386906546
0.387288575
0.387355398
0.386926806
0.387060608
0.386817485
0.386785402
0.386576340
0.386718423
0.387732742
0.386758320
0.387167641
0.387211652
0.386974569
0.387286444
0.386854259
0.387111601
0.387338164
0.386765041
0.386606970
0.387277331
0.386554313
0.386755094
0.387025510
0.387517800
0.386530617
0.386910512
0.386887231
0.386788950
0.386739992
0.387035877
0.386838534
0.386833951
0.387063377
0.386476089
0.387049732
0.387132909
0.387332231
0.386317445
0.386864317
0.387039733
0.387303119
0.386925204
0.386939006
0.386749841
0.387068641
0.387147391
0.386541144
0.386634270
0.387004007
0.386838123
0.386992445
0.386729374
0.386871769
0.386762708
0.386987968
0.387077916
0.386832552
0.386757344
0.386645105
0.387235676
0.387681352
0.387159479
0.386491306
0.387276615
0.387103439
0.386787920
0.386891409
0.387111461
0.386846826
0.387120315
0.386888233
0.387352658
0.386764900
0.387711928
0.387125890
0.386518184
0.386766777
0.386990578
0.387113703
0.386915058
0.386731883
0.386819382
0.387241725
0.387399537
0.387195475
0.386904435
0.386658446
0.387033654
0.386378865
0.386748083
0.387021832
0.386881364
0.386866989
0.386886572
0.386926677
0.386864698
0.386670794
0.387762455
0.386700013
0.386996574
0.387240063
0.386793919
0.386812982
0.387078397
0.386866524
0.387002357
0.386905795
0.387336887
0.386798295
0.387090222
0.386733453
0.386610693
0.386557673
0.386975328
0.386912724
0.386773350
0.386567570
0.386942933
0.386606008
0.387397046
0.386665800
0.387274756
0.386566270
0.387013404
0.386123147
0.387251632
0.386331792
0.386759812
0.386609187
0.386696531
0.386980229
0.386893874
0.387080176
0.387100489
0.387358405
0.387041323
0.387347780
0.387001376
0.386893199
0.386848616
0.387292938
0.387416792
0.386995231
0.386694868
0.386821014
0.386889399
0.387068409
0.387048358
0.386653464
0.387174764
0.386635027
0.386964869
0.387209556
0.387008620
0.387195859
0.386652736
0.386963620
0.386572789
0.386988673
0.386454456
0.387108777
0.386569718
0.386640603
0.387196590
0.386807790
0.387355756
0.386425501
0.386881176
0.386635292
0.387460600
0.387054249
0.387730444
0.386627324
0.386854823
0.386617168
0.387189353
0.387029303
0.386551700
0.387065293
0.386866751
0.386912116
0.387068626
0.387085085
0.387367427
0.386640921
0.386813264
0.386869827
0.387033054
0.386887900
0.386628214
0.386639515
0.386809411
0.386841442
0.386753943
0.386716756
0.386885923
0.387073214
0.387430452
0.386867277
0.386910819
0.386677904
0.387271860
0.387036445
0.387065194
0.386822227
0.386750717
0.386757749
0.386758686
0.387258476
0.387008790
0.387343632
0.387088217
0.387148530
0.386634834
0.386798375
0.386938531
0.386897698
0.386567960
0.387469831
0.387419728
0.387172594
0.386944522
0.387030928
0.387528895
0.386714628
0.387127075
0.386271922
0.387143272
0.386798430
0.386786399
0.386794941
0.386713067
0.387122701
0.386540412
0.386783849
0.386747130
0.387004213
0.386641194
0.387029004
0.386754579
0.386946246
0.386749424
0.387250047
0.386757966
0.386748748
0.387415619
0.387093902
0.387081611
0.386963226
0.387004945
0.386794425
0.386888800
0.386776353
0.387005258
0.386724479
0.386927134
0.386871041
0.386805156
0.387083332
0.386905364
0.386694532
0.387099635
0.387341249
0.386855939
0.387141719
0.386702241
0.386449951
0.386985991
0.386650212
0.386824117
0.386669274
0.387138231
0.386640837
0.386818910
0.386578859
0.387901718
0.386640630
0.387239846
0.386647506
0.386813442
0.387033546
0.386588495
0.387939533
0.386711516
0.386809277
0.386411466
0.387374483
0.386614434
0.387070527
0.387013183
0.386738028
0.386422405
0.386825789
0.387342141
0.386945216
0.387283235
0.387202976
0.386935060
0.386810165
0.386867666
0.386958759
0.387926151
0.386775427
0.386911416
0.386792562
0.386661000
0.387230530
0.387049385
0.387527716
0.386528762
0.387470009
0.386789595
0.387066886
0.386696106
0.386520222
0.386969855
0.386655170
0.386483191
0.386811263
0.387330897
0.386681629
0.387376782
0.386933087
0.386965847
0.387009337
0.386814338
0.386685485
0.387032619
0.387050119
0.386995744
0.387002619
0.386813402
0.387140328
0.386556788
0.386402623
0.387039808
0.386872778
0.387084756
0.387704389
0.387118298
0.386608613
0.386800018
0.386761841
0.386989393
0.386738457
0.387115747
0.387160643
0.387085643
0.386796738
0.387210540
0.386454605
0.387008561
0.386783979
0.387029916
0.387032520
0.386587939
0.387317676
0.386889553
0.387116166
0.387002678
0.387506582
0.386914397
0.387193719
0.387122261
0.386795179
0.387047575
0.386819138
0.387027002
0.386747055
0.386831378
0.386482891
0.386746119
0.386791326
0.387285336
0.386745963
0.387470491
0.386628828
0.387141743
0.386891328
0.386380705
0.386953984
0.387149557
0.387253671
0.387096536
0.387109974
0.386918673
0.386684612
0.387173412
0.386727997
0.387204349
0.387117736
0.386778987
0.386922216
0.387669088
0.386915966
0.387376902
0.386753468
0.387001800
0.386768780
0.387065341
0.387148154
0.386825395
0.386865708
0.387280759
0.386840343
0.386706178
0.386755032
0.387038885
0.387053312
0.386984146
0.386851178
0.386525138
0.387461957
0.386824304
0.386923679
0.387096855
0.386749461
0.386868627
0.386473525
0.386958731
0.386491806
0.386853784
0.386838576
0.386642588
0.387210294
0.386610921
0.386955920
0.387096076
0.386766078
0.386853212
0.387456909
0.386535975
0.386787693
0.387078578
0.387138317
0.386495924
0.386944412
0.386708528
0.387021079
0.386730819
0.387201443
0.386886236
0.386799778
0.386964153
0.386846862
0.386804988
0.386588790
0.386852696
0.386632592
0.387631234
0.386721186
0.386767019
0.386852332
0.387329882
0.386332855
0.387187696
0.387319101
0.387014624
0.387102176
0.386831292
0.387037488
0.387142697
0.387105197
0.386834573
0.387232020
0.386560409
0.386721971
0.387595300
0.386735252
0.387422802
0.386857179
0.387046397
0.386739212
0.386736503
0.386671608
0.386672024
0.386748535
0.386807753
0.386818222
0.387128898
0.387373845
0.386670411
0.386633015
0.387476346
0.386855358
0.386730516
0.387468846
0.386879942
0.386718173
0.386869526
0.387210098
0.386484997
0.386838850
0.387111348
0.386831037
0.386940256
0.386735465
0.387276088
0.387019579
0.387140360
0.387044163
0.387058902
0.387015674
0.386716352
0.388426293
0.386765675
0.387369735
0.386746300
