0.392497100
0.387530079
0.387534299
0.387585758
0.387838675
0.387633676
0.387605135
0.387735188
0.387891178
0.387301284
0.387541388
0.388195346
0.387493994
0.387278475
0.388134671
0.387597798
0.387927747
0.387668216
0.387752591
0.387748685
0.387646759
0.387724104
0.387209262
0.387400408
0.387373221
0.387790982
0.387881451
0.387832024
0.387600306
0.387703693
0.387524735
0.387535464
0.387485049
0.387431091
0.387715050
0.387897810
0.387562760
0.387499374
0.387234427
0.388001927
0.387759897
0.387756668
0.387313232
0.388023960
0.388078284
0.387599379
0.387484900
0.387412349
0.387584328
0.387712870
0.387758548
0.387059643
0.387630477
0.387315842
0.387843081
0.388028238
0.387230427
0.387850010
0.387521573
0.387573032
0.387845792
0.387778293
0.387699335
0.387696263
0.387736628
0.387643712
0.387858920
0.387609025
0.387777307
0.387720172
0.387115590
0.387739027
0.387257309
0.387683872
0.387479601
0.388047153
0.388169757
0.387936477
0.387882415
0.387520801
0.387408303
0.387577573
0.387635177
0.388163979
0.387897052
0.387288252
0.387758824
0.387439294
0.387678565
0.387731482
0.387436171
0.387593983
0.387889503
0.387933410
0.387328776
0.387288777
0.387543204
0.387844037
0.387128154
0.388288386
0.387914186
0.387951332
0.387657116
0.387705411
0.388134627
0.387566570
0.387390795
0.388241162
0.387803205
0.387349930
0.387552077
0.388728475
0.387472037
0.387742040
0.387693975
0.387715494
0.387663207
0.387655927
0.387633791
0.387310108
0.387531306
0.387530951
0.387518510
0.387090861
0.387482223
0.387355924
0.387202812
0.387634580
0.387891517
0.387611731
0.387419344
0.388007890
0.387739822
0.388109102
0.387453064
0.387620209
0.387673545
0.387593710
0.387722934
0.387826897
0.387845084
0.387204881
0.387564160
0.387886242
0.387478129
0.387508759
0.387587827
0.387894136
0.387893773
0.387281600
0.387590765
0.388052074
0.387592706
0.387802294
0.387717198
0.387734128
0.388232416
0.388147574
0.387315609
0.387151914
0.387556347
0.387717132
0.387753023
0.387369908
0.387649127
0.387990228
0.387564867
0.387581646
0.387483942
0.387917019
0.387249113
0.387650364
0.387381728
0.387896569
0.387337207
0.387756687
0.387879713
0.387732168
0.387265194
0.388011813
0.387693014
0.387349535
0.387437036
0.387432669
0.387694025
0.387615333
0.388095337
0.387163417
0.387488477
0.387772121
0.387875931
0.387663644
0.387515265
0.387756363
0.387730324
0.387915800
0.387698301
0.387525655
0.387489147
0.387676548
0.387681604
0.387417339
0.388021145
0.387469691
0.387752822
0.387553500
0.387433509
0.387123045
0.387643672
0.387740553
0.387369984
0.387771917
0.387741396
0.387887081
0.387751407
0.387614642
0.387444126
0.387542775
0.387802781
0.387844292
0.387545499
0.387482271
0.387620870
0.387356188
0.387413587
0.387851560
0.387467397
0.387404019
0.387868080
0.387857358
0.387831007
0.387323617
0.387847579
0.387989819
0.387251028
0.387521704
0.387496087
0.387782285
0.387425208
0.387534378
0.387972452
0.387659126
0.387368764
0.387593874
0.388381892
0.387533777
0.388018517
0.388143781
0.387367853
0.387337073
0.387618016
0.387664057
0.387730991
0.387866097
0.387743341
0.387545639
0.387248558
0.387882676
0.387423460
0.388004505
0.387722320
0.388148626
0.387478581
0.387468218
0.387397287
0.387845150
0.387618022
0.387622294
0.387166572
0.387693187
0.388201782
0.387890747
0.387578666
0.388067211
0.387624713
0.387773364
0.387697429
0.387882276
0.387599833
0.387729678
0.387854892
0.388057443
0.387958960
0.387293339
0.387645113
0.387653710
0.387441317
0.388010278
0.387637103
0.388104659
0.387094456
0.387570657
0.387795398
0.387774568
0.387597385
0.387386918
0.387324476
0.388017911
0.387788750
0.387761617
0.388119692
0.387727926
0.387408086
0.387904912
0.387488247
0.387389972
0.387533566
0.387732631
0.387831645
0.387288003
0.387345872
0.388149411
0.387784470
0.387745928
0.387545621
0.387793227
0.387551928
0.387265839
0.388968595
0.387464179
0.388231415
0.387589443
0.387802205
0.387747676
0.387711378
0.388383773
0.387746072
0.387416803
0.387805659
0.387596391
0.387012230
0.387770823
0.387476555
0.387520414
0.388142808
0.387452033
0.388557342
0.387417663
0.387646258
0.387901417
0.387282828
0.387900014
0.387426114
0.387694915
0.387972835
0.387676484
0.387463310
0.388078780
0.388012011
0.387660141
0.387363268
0.388033165
0.387931916
0.387715618
0.387998015
0.387438020
0.387537346
0.387644690
0.387514330
0.387761933
0.387617146
0.387575533
0.387540640
0.387588977
0.387463561
0.388065542
0.387848147
0.387566746
0.387645965
0.387438834
0.387563211
0.387496025
0.387528007
0.387555976
0.387867490
0.387618168
0.388004368
0.387705360
0.387515467
0.387505992
0.388683175
0.387671463
0.387574016
0.387606520
0.387551625
0.387413920
0.387510016
0.387527882
0.387695489
0.387667520
0.387625753
0.387719139
0.387287112
0.387563155
0.387507948
0.387671858
0.387742170
0.388104307
0.387699152
0.387576083
0.388025511
0.387668847
0.387583537
0.387377445
0.387175939
0.387897759
0.387606149
0.388063075
0.387738132
0.388638234
0.387630739
0.388169074
0.387079806
0.387624079
0.387584861
0.387764655
0.387447574
0.387511430
0.387755963
0.387507109
0.387696122
0.387879820
0.387822011
0.387364513
0.387330193
0.387506652
0.387676913
0.388317748
0.387830354
0.387529108
0.387838014
0.387454111
0.387880726
0.387757654
0.387608074
0.387523127
0.387941149
0.387536151
0.387852558
0.387749123
0.387284022
0.388315167
0.387271733
0.388229702
0.387814547
0.388578869
0.387081585
0.388017573
0.387308045
0.387840180
0.387775078
0.387610079
0.387953779
0.387530135
0.387812584
0.387875867
0.387426703
0.387561756
0.387488320
0.387966914
0.387484104
0.387744366
0.387576347
0.388151919
0.388114734
0.387806350
0.387453385
0.387343750
0.387577605
0.387908336
0.387652712
0.387811152
0.387677142
0.387815842
0.387022198
0.387697147
0.387769595
0.387961575
0.387575536
0.387660225
0.387670748
0.388545954
0.387927677
0.387827938
0.387892574
0.387650598
0.388216066
0.387944819
0.387522633
0.387391855
0.387408260
0.387635971
0.387612065
0.387604098
0.387677746
0.387498215
0.387602435
0.388025403
0.387495407
0.388127385
0.387339785
0.387407494
0.388021503
0.387478174
0.387662965
0.387977966
0.387865154
0.387702501
0.387349221
0.387307713
0.387511464
0.387685109
0.387423497
0.387443185
0.387979800
0.388073394
0.387615011
0.387317826
0.388112096
0.387724338
0.387209027
0.387570695
0.387688091
0.387593457
0.387224970
0.387710229
0.388056584
0.387772419
0.387375287
0.388074451
0.387745548
0.387574768
0.387439822
0.387535135
0.387765655
0.387836491
0.387832532
0.387341651
0.387300766
0.387861703
0.387435195
0.387637382
0.387468062
0.387991706
0.387321137
0.388053635
0.387742856
0.387785827
0.387443172
0.387550568
0.387642340
0.387788591
0.387873018
0.387368021
0.388460466
0.388053125
0.387383337
0.387500784
0.387532661
0.388078441
0.388083286
0.388028235
0.387482352
0.387695998
0.387583916
0.387751105
0.387213762
0.387417774
0.387876784
0.387476109
0.387564651
0.387533506
0.388935847
0.387650486
0.387719915
0.387544863
0.387343824
0.387926010
0.387429242
0.387865752
0.387617837
0.388187732
0.387465390
0.388081952
0.387521226
0.387706851
0.387411541
0.387819821
0.387343730
0.387715187
0.388391124
0.387610866
0.387691285
0.387907899
0.387617015
0.387665714
0.387462747
0.387731549
0.387369623
0.387907332
0.387808582
0.387844416
0.387172440
0.387532648
0.387848169
0.387043379
0.387914316
0.387811088
0.388030620
0.387377914
0.387694215
0.387504738
0.388037341
0.387563438
0.387069949
0.387488647
0.387791303
0.387632971
0.387650992
0.387914899
0.387382037
0.387862817
0.387500839
0.387973547
0.387644278
0.387723862
0.388162507
0.387618968
0.388166675
0.387612771
0.387868187
0.387405585
0.387853502
0.387938034
0.387446734
0.387519858
0.387600745
0.387450850
0.387157883
0.387901944
0.387967569
0.387686164
0.387621999
0.387776010
0.387353563
0.387230856
0.387913667
0.387745440
0.387735805
0.387755857
0.387690702
0.387888358
0.387926640
0.387669871
0.387739819
0.387492112
0.387267217
0.388144455
0.387953622
0.387384354
0.387587948
0.387445449
0.387701542
0.387556283
0.387573784
0.387825450
0.387499358
0.387491650
0.387838057
0.387683630
0.387704152
0.387686079
0.387732798
0.387633164
0.387774310
0.387415614
0.387196500
0.387733010
0.388170509
0.387684781
0.387448846
0.388637697
0.387469316
0.387619836
0.387584160
0.387560411
0.387509057
0.387395673
0.387561141
0.387664371
0.387672705
0.387864371
0.387267238
0.387169582
0.387811508
0.387827238
0.387760521
0.387787968
0.387841927
0.388204895
0.387563127
0.387542346
0.387943648
0.387725160
0.387577973
0.387528598
0.387995733
0.387762609
0.387932088
0.387525996
0.387513444
0.387416466
0.387901517
0.387629748
0.387285009
0.388041206
0.387546937
0.388445893
0.387775323
0.387597772
0.387856052
0.388342042
0.387598138
0.387662513
0.387613086
0.388113190
0.387871680
0.387799806
0.387826786
0.387460641
0.388122307
0.387584756
0.387472987
0.387919391
0.387657934
0.388298090
0.387285801
0.387936789
0.387762883
0.387645281
0.387711583
0.387333303
0.387363512
0.387582626
0.387491898
0.387832678
0.387980647
0.387487992
0.387384816
0.388106846
0.387722733
0.387852265
0.387094610
0.388499711
0.387299767
0.387904140
0.387185810
0.388211484
0.387669768
0.387969558
0.388051225
0.387619717
0.387260968
0.387493416
0.387792895
0.387505448
0.387608833
0.387301803
0.387604355
0.387555136
0.387115346
0.388551333
0.387104514
0.387509981
0.388099772
0.387998419
0.387427796
0.388228419
0.387390297
0.387704254
0.387155611
0.387648839
0.387629672
0.387438163
0.387275039
0.387562643
0.387549726
0.387256915
0.387924987
0.387389363
0.387175197
0.387333843
0.387172959
0.388052696
0.387526239
0.388346498
0.387844000
0.387736240
0.387952073
0.387447075
0.387612648
0.387611294
0.387629627
0.387564263
0.387781242
0.387508899
0.387851190
0.387905410
0.387298224
0.387243745
0.388082598
0.387728745
0.387526454
0.387979578
0.388230254
0.387984370
0.388080620
0.388143693
0.387437237
0.387646038
0.387461926
0.387766820
0.387702915
0.387978435
0.387970311
0.387508697
0.388200987
0.387395105
0.387544271
0.387425105
0.387719375
0.390791451
0.387727344
0.387667397
0.387721147
0.387833699
0.387497190
0.387487346
0.387707086
0.388039534
0.387666670
0.387410838
0.387402036
0.387597453
0.388024275
0.387815629
0.387682713
0.387716047
0.387275319
0.387596672
0.387646882
0.387471101
0.388135995
0.387593808
0.387538966
0.387758132
0.387965996
0.387646727
0.387776102
0.387259437
0.387512404
0.387768447
0.388326570
0.387453656
0.387940738
0.387352979
0.387205168
0.387175741
0.387893447
0.387408240
0.387207148
0.387579283
0.387815949
0.387710220
0.387578137
0.387502461
0.387672721
0.387563399
0.387802512
0.387568191
0.388676834
0.387663190
0.388068451
0.387607254
0.388113867
0.387389077
0.387768087
0.388036004
0.387717359
0.387447933
0.387256371
0.387573246
0.388029025
0.387640642
0.387728350
0.387375538
0.388086318
0.387673611
0.388284443
0.387627049
0.387440123
0.387579394
0.387691268
0.387472363
0.387799133
0.387880956
0.387466634
0.387988091
0.387877050
0.387512104
0.387410749
0.387653301
0.387294032
0.387961530
0.387746583
0.387297210
0.388180436
0.388041635
0.387882000
0.387721585
0.388168614
0.388174708
0.387473252
0.387565179
0.387315075
0.387536534
0.387477055
0.387421430
0.387308462
0.387653201
0.387881742
0.387192056
0.387681118
0.387742941
0.387720077
0.387524348
0.388332836
0.387493568
0.387648776
0.388004765
0.387639609
0.387716068
0.387532786
0.387485600
0.387076382
0.387474974
0.387565965
0.387604714
0.387608100
0.387827788
0.388218047
0.387274820
0.387143102
0.387170550
0.387610913
0.387894976
0.387696591
0.387438258
0.387513727
0.387582946
0.387282947
0.387687685
0.387956956
0.387223572
0.387874300
0.388169664
0.387895029
0.388066800
0.387969613
0.387795343
0.387525187
0.388361852
0.387250084
0.387946020
0.387404459
0.387401126
0.387574511
0.387722115
0.387750761
0.387704302
0.387610814
0.387329877
0.387913573
0.388002896
0.387224305
0.387607480
0.387374877
0.388082584
0.387659773
0.388365605
0.387606284
0.387956544
0.387291545
0.387508004
0.387472066
0.387334983
0.387748732
0.387818420
0.388143783
0.387261025
